strain	replicate	age.at.death	rupture	
strain	replicate	age.at.death	rupture	
1	N2	1	15	0
1	N2	1	15	0
2	N2	1	15	0
2	N2	1	15	0
3	N2	1	17	0
3	N2	1	17	0
4	N2	1	20	0
4	N2	1	20	0
5	N2	1	22	0
5	N2	1	22	0
6	N2	1	22	0
6	N2	1	22	0
7	N2	1	24	0
7	N2	1	24	0
8	N2	1	24	0
8	N2	1	24	0
9	N2	1	27	0
9	N2	1	27	0
10	N2	1	27	0
10	N2	1	27	0
11	N2	1	27	0
11	N2	1	27	0
12	N2	1	29	0
12	N2	1	29	0
13	N2	1	29	0
13	N2	1	29	0
14	N2	1	29	0
14	N2	1	29	0
15	N2	1	31	0
15	N2	1	31	0
16	N2	1	33	0
16	N2	1	33	0
17	N2	1	20	2
17	N2	1	20	2
18	N2	1	20	2
18	N2	1	20	2
19	N2	1	20	2
19	N2	1	20	2
20	N2	2	15	0
20	N2	2	15	0
21	N2	2	17	0
21	N2	2	17	0
22	N2	2	17	0
22	N2	2	17	0
23	N2	2	22	0
23	N2	2	22	0
24	N2	2	22	0
24	N2	2	22	0
25	N2	2	22	0
25	N2	2	22	0
26	N2	2	22	0
26	N2	2	22	0
27	N2	2	24	0
27	N2	2	24	0
28	N2	2	24	0
28	N2	2	24	0
29	N2	2	27	0
29	N2	2	27	0
30	N2	2	27	0
30	N2	2	27	0
31	N2	2	27	0
31	N2	2	27	0
32	N2	2	27	0
32	N2	2	27	0
33	N2	2	27	0
33	N2	2	27	0
34	N2	2	27	0
34	N2	2	27	0
35	N2	2	27	0
35	N2	2	27	0
36	N2	2	29	0
36	N2	2	29	0
37	N2	2	29	0
37	N2	2	29	0
38	N2	2	31	0
38	N2	2	31	0
39	N2	2	31	0
39	N2	2	31	0
40	N2	2	31	0
40	N2	2	31	0
41	N2	2	31	0
41	N2	2	31	0
42	N2	2	31	0
42	N2	2	31	0
43	N2	2	33	0
43	N2	2	33	0
44	N2	2	35	0
44	N2	2	35	0
45	N2	2	20	2
45	N2	2	20	2
46	N2	2	20	2
46	N2	2	20	2
47	N2	2	20	2
47	N2	2	20	2
48	N2	2	20	2
48	N2	2	20	2
49	hif-1	1	17	0
49	hif-1	1	17	0
50	hif-1	1	17	0
50	hif-1	1	17	0
51	hif-1	1	17	0
51	hif-1	1	17	0
52	hif-1	1	17	0
52	hif-1	1	17	0
53	hif-1	1	17	0
53	hif-1	1	17	0
54	hif-1	1	20	0
54	hif-1	1	20	0
55	hif-1	1	20	0
55	hif-1	1	20	0
56	hif-1	1	20	0
56	hif-1	1	20	0
57	hif-1	1	20	0
57	hif-1	1	20	0
58	hif-1	1	20	0
58	hif-1	1	20	0
59	hif-1	1	20	0
59	hif-1	1	20	0
60	hif-1	1	20	0
60	hif-1	1	20	0
61	hif-1	1	20	0
61	hif-1	1	20	0
62	hif-1	1	20	0
62	hif-1	1	20	0
63	hif-1	2	15	0
63	hif-1	2	15	0
64	hif-1	2	15	0
64	hif-1	2	15	0
65	hif-1	2	15	0
65	hif-1	2	15	0
66	hif-1	2	17	0
66	hif-1	2	17	0
67	hif-1	2	17	0
67	hif-1	2	17	0
68	hif-1	2	17	0
68	hif-1	2	17	0
69	hif-1	2	17	0
69	hif-1	2	17	0
70	hif-1	2	20	0
70	hif-1	2	20	0
71	hif-1	2	20	0
71	hif-1	2	20	0
72	hif-1	2	20	0
72	hif-1	2	20	0
73	hif-1	2	20	0
73	hif-1	2	20	0
74	hif-1	2	20	0
74	hif-1	2	20	0
75	hif-1	2	20	0
75	hif-1	2	20	0
76	hif-1	2	22	0
76	hif-1	2	22	0
77	hif-1	2	22	0
77	hif-1	2	22	0
78	hif-1	2	22	2
78	hif-1	2	22	2
79	hif-1	2	22	2
79	hif-1	2	22	2
80	hif-1	2	22	2
80	hif-1	2	22	2
81	hif-1	2	22	2
81	hif-1	2	22	2
82	hif-1	2	22	2
82	hif-1	2	22	2
83	hif-1	2	22	2
83	hif-1	2	22	2
84	hif-1	2	22	2
84	hif-1	2	22	2
85	hif-1	2	22	2
85	hif-1	2	22	2
86	hif-1	2	22	2
86	hif-1	2	22	2
87	hif-1	2	22	2
87	hif-1	2	22	2
88	hif-1	2	22	0
88	hif-1	2	22	0
89	hif-1	2	22	0
89	hif-1	2	22	0
90	hif-1	2	24	0
90	hif-1	2	24	0
91	hif-1	2	24	0
91	hif-1	2	24	0
92	hif-1	2	24	0
92	hif-1	2	24	0
93	hif-1	2	24	0
93	hif-1	2	24	0
94	hif-1	2	24	0
94	hif-1	2	24	0
95	hif-1	2	24	0
95	hif-1	2	24	0
96	hif-1	2	27	0
96	hif-1	2	27	0
97	hif-1	2	27	0
97	hif-1	2	27	0
98	hif-1	2	29	0
98	hif-1	2	29	0
99	hif-1	2	29	0
99	hif-1	2	29	0
100	hif-1	2	31	0
100	hif-1	2	31	0
101	hif-1	2	33	0
101	hif-1	2	33	0
102	vhl-1	1	17	0
102	vhl-1	1	17	0
103	vhl-1	1	22	0
103	vhl-1	1	22	0
104	vhl-1	1	27	0
104	vhl-1	1	27	0
105	vhl-1	1	27	0
105	vhl-1	1	27	0
106	vhl-1	1	27	0
106	vhl-1	1	27	0
107	vhl-1	1	29	0
107	vhl-1	1	29	0
108	vhl-1	1	31	0
108	vhl-1	1	31	0
109	vhl-1	1	31	0
109	vhl-1	1	31	0
110	vhl-1	1	31	0
110	vhl-1	1	31	0
111	vhl-1	1	33	0
111	vhl-1	1	33	0
112	vhl-1	1	33	0
112	vhl-1	1	33	0
113	vhl-1	1	33	0
113	vhl-1	1	33	0
114	vhl-1	1	35	0
114	vhl-1	1	35	0
115	vhl-1	1	35	0
115	vhl-1	1	35	0
116	vhl-1	1	35	0
116	vhl-1	1	35	0
117	vhl-1	1	35	0
117	vhl-1	1	35	0
118	vhl-1	1	35	0
118	vhl-1	1	35	0
119	vhl-1	1	37	0
119	vhl-1	1	37	0
120	vhl-1	1	37	0
120	vhl-1	1	37	0
121	vhl-1	1	37	0
121	vhl-1	1	37	0
122	vhl-1	1	37	0
122	vhl-1	1	37	0
123	vhl-1	1	39	0
123	vhl-1	1	39	0
124	vhl-1	1	39	0
124	vhl-1	1	39	0
125	vhl-1	1	39	0
125	vhl-1	1	39	0
126	vhl-1	1	41	0
126	vhl-1	1	41	0
127	vhl-1	1	41	0
127	vhl-1	1	41	0
128	vhl-1	1	41	0
128	vhl-1	1	41	0
129	vhl-1	1	41	0
129	vhl-1	1	41	0
130	vhl-1	1	43	0
130	vhl-1	1	43	0
131	vhl-1	1	43	0
131	vhl-1	1	43	0
132	vhl-1	1	43	0
132	vhl-1	1	43	0
133	vhl-1	1	43	0
133	vhl-1	1	43	0
134	vhl-1	1	43	0
134	vhl-1	1	43	0
135	vhl-1	2	22	0
135	vhl-1	2	22	0
136	vhl-1	2	27	0
136	vhl-1	2	27	0
137	vhl-1	2	27	0
137	vhl-1	2	27	0
138	vhl-1	2	27	0
138	vhl-1	2	27	0
139	vhl-1	2	29	0
139	vhl-1	2	29	0
140	vhl-1	2	29	0
140	vhl-1	2	29	0
141	vhl-1	2	29	0
141	vhl-1	2	29	0
142	vhl-1	2	29	0
142	vhl-1	2	29	0
143	vhl-1	2	31	0
143	vhl-1	2	31	0
144	vhl-1	2	31	0
144	vhl-1	2	31	0
145	vhl-1	2	31	0
145	vhl-1	2	31	0
146	vhl-1	2	31	0
146	vhl-1	2	31	0
147	vhl-1	2	31	0
147	vhl-1	2	31	0
148	vhl-1	2	31	0
148	vhl-1	2	31	0
149	vhl-1	2	33	0
149	vhl-1	2	33	0
150	vhl-1	2	33	0
150	vhl-1	2	33	0
151	vhl-1	2	33	0
151	vhl-1	2	33	0
152	vhl-1	2	33	0
152	vhl-1	2	33	0
153	vhl-1	2	35	0
153	vhl-1	2	35	0
154	vhl-1	2	35	0
154	vhl-1	2	35	0
155	vhl-1	2	35	0
155	vhl-1	2	35	0
156	vhl-1	2	35	0
156	vhl-1	2	35	0
157	vhl-1	2	37	0
157	vhl-1	2	37	0
158	vhl-1	2	37	0
158	vhl-1	2	37	0
159	vhl-1	2	37	0
159	vhl-1	2	37	0
160	vhl-1	2	37	0
160	vhl-1	2	37	0
161	vhl-1	2	37	0
161	vhl-1	2	37	0
162	vhl-1	2	37	0
162	vhl-1	2	37	0
163	vhl-1	2	37	0
163	vhl-1	2	37	0
164	vhl-1	2	37	0
164	vhl-1	2	37	0
165	vhl-1	2	37	0
165	vhl-1	2	37	0
166	vhl-1	2	37	0
166	vhl-1	2	37	0
167	vhl-1	2	37	0
167	vhl-1	2	37	0
168	vhl-1	2	37	0
168	vhl-1	2	37	0
169	vhl-1	2	37	0
169	vhl-1	2	37	0
170	vhl-1	2	39	0
170	vhl-1	2	39	0
171	vhl-1	2	39	0
171	vhl-1	2	39	0
172	vhl-1	2	39	0
172	vhl-1	2	39	0
173	vhl-1	2	39	0
173	vhl-1	2	39	0
174	vhl-1	2	39	0
174	vhl-1	2	39	0
175	vhl-1	2	43	0
175	vhl-1	2	43	0
176	vhl-1	2	45	0
176	vhl-1	2	45	0
