strain	replicate	age.at.death	rupture	
strain	replicate	age.at.death	rupture	
1	N2	1	23	0
1	N2	1	23	0
2	N2	1	23	0
2	N2	1	23	0
3	N2	1	26	0
3	N2	1	26	0
4	N2	1	26	0
4	N2	1	26	0
5	N2	1	26	0
5	N2	1	26	0
6	N2	1	26	0
6	N2	1	26	0
7	N2	1	26	0
7	N2	1	26	0
8	N2	1	26	0
8	N2	1	26	0
9	N2	1	26	0
9	N2	1	26	0
10	N2	1	26	0
10	N2	1	26	0
11	N2	1	26	0
11	N2	1	26	0
12	N2	1	26	0
12	N2	1	26	0
13	N2	1	26	0
13	N2	1	26	0
14	N2	1	28	0
14	N2	1	28	0
15	N2	1	28	0
15	N2	1	28	0
16	N2	1	28	0
16	N2	1	28	0
17	N2	1	28	0
17	N2	1	28	0
18	N2	1	28	0
18	N2	1	28	0
19	N2	1	28	0
19	N2	1	28	0
20	N2	1	28	0
20	N2	1	28	0
21	N2	1	28	0
21	N2	1	28	0
22	N2	1	28	0
22	N2	1	28	0
23	N2	1	28	0
23	N2	1	28	0
24	N2	1	28	0
24	N2	1	28	0
25	N2	1	28	0
25	N2	1	28	0
26	N2	1	28	0
26	N2	1	28	0
27	N2	1	28	0
27	N2	1	28	0
28	N2	1	28	0
28	N2	1	28	0
29	N2	1	28	0
29	N2	1	28	0
30	N2	1	30	0
30	N2	1	30	0
31	N2	1	30	0
31	N2	1	30	0
32	N2	1	30	0
32	N2	1	30	0
33	N2	1	30	0
33	N2	1	30	0
34	N2	1	30	0
34	N2	1	30	0
35	N2	1	30	0
35	N2	1	30	0
36	N2	1	30	0
36	N2	1	30	0
37	N2	1	32	0
37	N2	1	32	0
38	N2	1	32	0
38	N2	1	32	0
39	N2	1	32	0
39	N2	1	32	0
40	N2	1	32	0
40	N2	1	32	0
41	N2	1	32	0
41	N2	1	32	0
42	N2	1	32	0
42	N2	1	32	0
43	N2	1	35	0
43	N2	1	35	0
44	N2	1	35	0
44	N2	1	35	0
45	N2	1	35	0
45	N2	1	35	0
46	N2	1	35	0
46	N2	1	35	0
47	N2	1	35	0
47	N2	1	35	0
48	N2	1	35	0
48	N2	1	35	0
49	N2	1	38	0
49	N2	1	38	0
50	N2	1	19	1
50	N2	1	19	1
51	N2	1	23	1
51	N2	1	23	1
52	N2	1	23	1
52	N2	1	23	1
53	N2	1	23	1
53	N2	1	23	1
54	N2	1	26	1
54	N2	1	26	1
55	N2	1	28	1
55	N2	1	28	1
56	N2	1	28	1
56	N2	1	28	1
57	N2	1	30	1
57	N2	1	30	1
58	N2	1	32	1
58	N2	1	32	1
59	N2	1	19	2
59	N2	1	19	2
60	N2	1	19	2
60	N2	1	19	2
61	N2	1	21	2
61	N2	1	21	2
62	N2	1	21	2
62	N2	1	21	2
63	N2	1	23	2
63	N2	1	23	2
64	N2	1	23	2
64	N2	1	23	2
65	N2	1	23	2
65	N2	1	23	2
66	N2	1	26	2
66	N2	1	26	2
67	N2	1	26	2
67	N2	1	26	2
68	N2	1	26	2
68	N2	1	26	2
69	N2	1	28	2
69	N2	1	28	2
70	N2	1	28	2
70	N2	1	28	2
71	N2	1	28	2
71	N2	1	28	2
72	N2	1	30	2
72	N2	1	30	2
73	N2	1	19	3
73	N2	1	19	3
74	N2	2	23	0
74	N2	2	23	0
75	N2	2	23	0
75	N2	2	23	0
76	N2	2	23	0
76	N2	2	23	0
77	N2	2	23	0
77	N2	2	23	0
78	N2	2	23	0
78	N2	2	23	0
79	N2	2	26	0
79	N2	2	26	0
80	N2	2	26	0
80	N2	2	26	0
81	N2	2	26	0
81	N2	2	26	0
82	N2	2	26	0
82	N2	2	26	0
83	N2	2	26	0
83	N2	2	26	0
84	N2	2	26	0
84	N2	2	26	0
85	N2	2	26	0
85	N2	2	26	0
86	N2	2	26	0
86	N2	2	26	0
87	N2	2	26	0
87	N2	2	26	0
88	N2	2	26	0
88	N2	2	26	0
89	N2	2	28	0
89	N2	2	28	0
90	N2	2	28	0
90	N2	2	28	0
91	N2	2	28	0
91	N2	2	28	0
92	N2	2	28	0
92	N2	2	28	0
93	N2	2	28	0
93	N2	2	28	0
94	N2	2	28	0
94	N2	2	28	0
95	N2	2	28	0
95	N2	2	28	0
96	N2	2	28	0
96	N2	2	28	0
97	N2	2	30	0
97	N2	2	30	0
98	N2	2	30	0
98	N2	2	30	0
99	N2	2	30	0
99	N2	2	30	0
100	N2	2	30	0
100	N2	2	30	0
101	N2	2	30	0
101	N2	2	30	0
102	N2	2	30	0
102	N2	2	30	0
103	N2	2	30	0
103	N2	2	30	0
104	N2	2	32	0
104	N2	2	32	0
105	N2	2	32	0
105	N2	2	32	0
106	N2	2	32	0
106	N2	2	32	0
107	N2	2	32	0
107	N2	2	32	0
108	N2	2	32	0
108	N2	2	32	0
109	N2	2	32	0
109	N2	2	32	0
110	N2	2	32	0
110	N2	2	32	0
111	N2	2	32	0
111	N2	2	32	0
112	N2	2	35	0
112	N2	2	35	0
113	N2	2	35	0
113	N2	2	35	0
114	N2	2	35	0
114	N2	2	35	0
115	N2	2	35	0
115	N2	2	35	0
116	N2	2	35	0
116	N2	2	35	0
117	N2	2	35	0
117	N2	2	35	0
118	N2	2	35	0
118	N2	2	35	0
119	N2	2	35	0
119	N2	2	35	0
120	N2	2	35	0
120	N2	2	35	0
121	N2	2	38	0
121	N2	2	38	0
122	N2	2	38	0
122	N2	2	38	0
123	N2	2	38	0
123	N2	2	38	0
124	N2	2	38	0
124	N2	2	38	0
125	N2	2	43	0
125	N2	2	43	0
126	N2	2	26	1
126	N2	2	26	1
127	N2	2	28	1
127	N2	2	28	1
128	N2	2	28	1
128	N2	2	28	1
129	N2	2	30	1
129	N2	2	30	1
130	N2	2	30	1
130	N2	2	30	1
131	N2	2	30	1
131	N2	2	30	1
132	N2	2	30	1
132	N2	2	30	1
133	N2	2	30	1
133	N2	2	30	1
134	N2	2	19	2
134	N2	2	19	2
135	N2	2	21	2
135	N2	2	21	2
136	N2	2	21	2
136	N2	2	21	2
137	N2	2	21	2
137	N2	2	21	2
138	N2	2	23	2
138	N2	2	23	2
139	N2	2	26	2
139	N2	2	26	2
140	N2	2	26	2
140	N2	2	26	2
141	N2	2	26	2
141	N2	2	26	2
142	N2	2	28	2
142	N2	2	28	2
143	N2	2	28	2
143	N2	2	28	2
144	N2	2	28	2
144	N2	2	28	2
145	N2	2	32	2
145	N2	2	32	2
146	N2	2	23	3
146	N2	2	23	3
147	N2	2	23	3
147	N2	2	23	3
148	N2	2	26	3
148	N2	2	26	3
149	N2	2	28	3
149	N2	2	28	3
150	N2	2	30	3
150	N2	2	30	3
151	N2	2	32	3
151	N2	2	32	3
152	vhl-1	1	26	0
152	vhl-1	1	26	0
153	vhl-1	1	26	0
153	vhl-1	1	26	0
154	vhl-1	1	26	0
154	vhl-1	1	26	0
155	vhl-1	1	26	0
155	vhl-1	1	26	0
156	vhl-1	1	26	0
156	vhl-1	1	26	0
157	vhl-1	1	26	0
157	vhl-1	1	26	0
158	vhl-1	1	26	0
158	vhl-1	1	26	0
159	vhl-1	1	28	0
159	vhl-1	1	28	0
160	vhl-1	1	28	0
160	vhl-1	1	28	0
161	vhl-1	1	28	0
161	vhl-1	1	28	0
162	vhl-1	1	28	0
162	vhl-1	1	28	0
163	vhl-1	1	28	0
163	vhl-1	1	28	0
164	vhl-1	1	28	0
164	vhl-1	1	28	0
165	vhl-1	1	28	0
165	vhl-1	1	28	0
166	vhl-1	1	28	0
166	vhl-1	1	28	0
167	vhl-1	1	28	0
167	vhl-1	1	28	0
168	vhl-1	1	28	0
168	vhl-1	1	28	0
169	vhl-1	1	30	0
169	vhl-1	1	30	0
170	vhl-1	1	30	0
170	vhl-1	1	30	0
171	vhl-1	1	30	0
171	vhl-1	1	30	0
172	vhl-1	1	30	0
172	vhl-1	1	30	0
173	vhl-1	1	30	0
173	vhl-1	1	30	0
174	vhl-1	1	30	0
174	vhl-1	1	30	0
175	vhl-1	1	30	0
175	vhl-1	1	30	0
176	vhl-1	1	30	0
176	vhl-1	1	30	0
177	vhl-1	1	30	0
177	vhl-1	1	30	0
178	vhl-1	1	30	0
178	vhl-1	1	30	0
179	vhl-1	1	32	0
179	vhl-1	1	32	0
180	vhl-1	1	32	0
180	vhl-1	1	32	0
181	vhl-1	1	32	0
181	vhl-1	1	32	0
182	vhl-1	1	32	0
182	vhl-1	1	32	0
183	vhl-1	1	32	0
183	vhl-1	1	32	0
184	vhl-1	1	32	0
184	vhl-1	1	32	0
185	vhl-1	1	32	0
185	vhl-1	1	32	0
186	vhl-1	1	32	0
186	vhl-1	1	32	0
187	vhl-1	1	32	0
187	vhl-1	1	32	0
188	vhl-1	1	32	0
188	vhl-1	1	32	0
189	vhl-1	1	35	0
189	vhl-1	1	35	0
190	vhl-1	1	35	0
190	vhl-1	1	35	0
191	vhl-1	1	35	0
191	vhl-1	1	35	0
192	vhl-1	1	35	0
192	vhl-1	1	35	0
193	vhl-1	1	35	0
193	vhl-1	1	35	0
194	vhl-1	1	35	0
194	vhl-1	1	35	0
195	vhl-1	1	35	0
195	vhl-1	1	35	0
196	vhl-1	1	38	0
196	vhl-1	1	38	0
197	vhl-1	1	38	0
197	vhl-1	1	38	0
198	vhl-1	1	38	0
198	vhl-1	1	38	0
199	vhl-1	1	38	0
199	vhl-1	1	38	0
200	vhl-1	1	38	0
200	vhl-1	1	38	0
201	vhl-1	1	40	0
201	vhl-1	1	40	0
202	vhl-1	1	40	0
202	vhl-1	1	40	0
203	vhl-1	1	40	0
203	vhl-1	1	40	0
204	vhl-1	1	40	0
204	vhl-1	1	40	0
205	vhl-1	1	43	0
205	vhl-1	1	43	0
206	vhl-1	1	43	0
206	vhl-1	1	43	0
207	vhl-1	1	43	0
207	vhl-1	1	43	0
208	vhl-1	1	45	0
208	vhl-1	1	45	0
209	vhl-1	1	45	0
209	vhl-1	1	45	0
210	vhl-1	1	47	0
210	vhl-1	1	47	0
211	vhl-1	1	28	2
211	vhl-1	1	28	2
212	vhl-1	1	28	2
212	vhl-1	1	28	2
213	vhl-1	1	19	3
213	vhl-1	1	19	3
214	vhl-1	2	19	0
214	vhl-1	2	19	0
215	vhl-1	2	21	0
215	vhl-1	2	21	0
216	vhl-1	2	26	0
216	vhl-1	2	26	0
217	vhl-1	2	26	0
217	vhl-1	2	26	0
218	vhl-1	2	26	0
218	vhl-1	2	26	0
219	vhl-1	2	26	0
219	vhl-1	2	26	0
220	vhl-1	2	26	0
220	vhl-1	2	26	0
221	vhl-1	2	26	0
221	vhl-1	2	26	0
222	vhl-1	2	26	0
222	vhl-1	2	26	0
223	vhl-1	2	26	0
223	vhl-1	2	26	0
224	vhl-1	2	28	0
224	vhl-1	2	28	0
225	vhl-1	2	28	0
225	vhl-1	2	28	0
226	vhl-1	2	28	0
226	vhl-1	2	28	0
227	vhl-1	2	28	0
227	vhl-1	2	28	0
228	vhl-1	2	28	0
228	vhl-1	2	28	0
229	vhl-1	2	28	0
229	vhl-1	2	28	0
230	vhl-1	2	28	0
230	vhl-1	2	28	0
231	vhl-1	2	28	0
231	vhl-1	2	28	0
232	vhl-1	2	28	0
232	vhl-1	2	28	0
233	vhl-1	2	30	0
233	vhl-1	2	30	0
234	vhl-1	2	30	0
234	vhl-1	2	30	0
235	vhl-1	2	30	0
235	vhl-1	2	30	0
236	vhl-1	2	30	0
236	vhl-1	2	30	0
237	vhl-1	2	30	0
237	vhl-1	2	30	0
238	vhl-1	2	30	0
238	vhl-1	2	30	0
239	vhl-1	2	30	0
239	vhl-1	2	30	0
240	vhl-1	2	30	0
240	vhl-1	2	30	0
241	vhl-1	2	30	0
241	vhl-1	2	30	0
242	vhl-1	2	30	0
242	vhl-1	2	30	0
243	vhl-1	2	30	0
243	vhl-1	2	30	0
244	vhl-1	2	30	0
244	vhl-1	2	30	0
245	vhl-1	2	30	0
245	vhl-1	2	30	0
246	vhl-1	2	32	0
246	vhl-1	2	32	0
247	vhl-1	2	32	0
247	vhl-1	2	32	0
248	vhl-1	2	32	0
248	vhl-1	2	32	0
249	vhl-1	2	32	0
249	vhl-1	2	32	0
250	vhl-1	2	32	0
250	vhl-1	2	32	0
251	vhl-1	2	32	0
251	vhl-1	2	32	0
252	vhl-1	2	32	0
252	vhl-1	2	32	0
253	vhl-1	2	32	0
253	vhl-1	2	32	0
254	vhl-1	2	32	0
254	vhl-1	2	32	0
255	vhl-1	2	32	0
255	vhl-1	2	32	0
256	vhl-1	2	32	0
256	vhl-1	2	32	0
257	vhl-1	2	32	0
257	vhl-1	2	32	0
258	vhl-1	2	32	0
258	vhl-1	2	32	0
259	vhl-1	2	32	0
259	vhl-1	2	32	0
260	vhl-1	2	35	0
260	vhl-1	2	35	0
261	vhl-1	2	35	0
261	vhl-1	2	35	0
262	vhl-1	2	35	0
262	vhl-1	2	35	0
263	vhl-1	2	35	0
263	vhl-1	2	35	0
264	vhl-1	2	35	0
264	vhl-1	2	35	0
265	vhl-1	2	35	0
265	vhl-1	2	35	0
266	vhl-1	2	35	0
266	vhl-1	2	35	0
267	vhl-1	2	35	0
267	vhl-1	2	35	0
268	vhl-1	2	35	0
268	vhl-1	2	35	0
269	vhl-1	2	38	0
269	vhl-1	2	38	0
270	vhl-1	2	38	0
270	vhl-1	2	38	0
271	vhl-1	2	38	0
271	vhl-1	2	38	0
272	vhl-1	2	38	0
272	vhl-1	2	38	0
273	vhl-1	2	38	0
273	vhl-1	2	38	0
274	vhl-1	2	38	0
274	vhl-1	2	38	0
275	vhl-1	2	38	0
275	vhl-1	2	38	0
276	vhl-1	2	38	0
276	vhl-1	2	38	0
277	vhl-1	2	38	0
277	vhl-1	2	38	0
278	vhl-1	2	38	0
278	vhl-1	2	38	0
279	vhl-1	2	38	0
279	vhl-1	2	38	0
280	vhl-1	2	38	0
280	vhl-1	2	38	0
281	vhl-1	2	40	0
281	vhl-1	2	40	0
282	vhl-1	2	40	0
282	vhl-1	2	40	0
283	vhl-1	2	40	0
283	vhl-1	2	40	0
284	vhl-1	2	40	0
284	vhl-1	2	40	0
285	vhl-1	2	43	0
285	vhl-1	2	43	0
286	vhl-1	2	43	0
286	vhl-1	2	43	0
287	vhl-1	2	45	0
287	vhl-1	2	45	0
288	vhl-1	2	45	0
288	vhl-1	2	45	0
289	vhl-1	2	45	0
289	vhl-1	2	45	0
290	vhl-1	2	47	0
290	vhl-1	2	47	0
291	vhl-1	2	40	2
291	vhl-1	2	40	2
292	vhl-1	2	40	2
292	vhl-1	2	40	2
293	vhl-1	2	26	3
293	vhl-1	2	26	3
294	egl-9	1	16	0
294	egl-9	1	16	0
295	egl-9	1	19	0
295	egl-9	1	19	0
296	egl-9	1	21	0
296	egl-9	1	21	0
297	egl-9	1	21	0
297	egl-9	1	21	0
298	egl-9	1	23	0
298	egl-9	1	23	0
299	egl-9	1	23	0
299	egl-9	1	23	0
300	egl-9	1	23	0
300	egl-9	1	23	0
301	egl-9	1	23	0
301	egl-9	1	23	0
302	egl-9	1	26	0
302	egl-9	1	26	0
303	egl-9	1	26	0
303	egl-9	1	26	0
304	egl-9	1	26	0
304	egl-9	1	26	0
305	egl-9	1	26	0
305	egl-9	1	26	0
306	egl-9	1	26	0
306	egl-9	1	26	0
307	egl-9	1	28	0
307	egl-9	1	28	0
308	egl-9	1	28	0
308	egl-9	1	28	0
309	egl-9	1	28	0
309	egl-9	1	28	0
310	egl-9	1	28	0
310	egl-9	1	28	0
311	egl-9	1	28	0
311	egl-9	1	28	0
312	egl-9	1	28	0
312	egl-9	1	28	0
313	egl-9	1	28	0
313	egl-9	1	28	0
314	egl-9	1	28	0
314	egl-9	1	28	0
315	egl-9	1	30	0
315	egl-9	1	30	0
316	egl-9	1	30	0
316	egl-9	1	30	0
317	egl-9	1	30	0
317	egl-9	1	30	0
318	egl-9	1	30	0
318	egl-9	1	30	0
319	egl-9	1	30	0
319	egl-9	1	30	0
320	egl-9	1	30	0
320	egl-9	1	30	0
321	egl-9	1	30	0
321	egl-9	1	30	0
322	egl-9	1	30	0
322	egl-9	1	30	0
323	egl-9	1	30	0
323	egl-9	1	30	0
324	egl-9	1	30	0
324	egl-9	1	30	0
325	egl-9	1	30	0
325	egl-9	1	30	0
326	egl-9	1	30	0
326	egl-9	1	30	0
327	egl-9	1	30	0
327	egl-9	1	30	0
328	egl-9	1	30	0
328	egl-9	1	30	0
329	egl-9	1	30	0
329	egl-9	1	30	0
330	egl-9	1	30	0
330	egl-9	1	30	0
331	egl-9	1	30	0
331	egl-9	1	30	0
332	egl-9	1	30	0
332	egl-9	1	30	0
333	egl-9	1	30	0
333	egl-9	1	30	0
334	egl-9	1	30	0
334	egl-9	1	30	0
335	egl-9	1	30	0
335	egl-9	1	30	0
336	egl-9	1	30	0
336	egl-9	1	30	0
337	egl-9	1	30	0
337	egl-9	1	30	0
338	egl-9	1	32	0
338	egl-9	1	32	0
339	egl-9	1	32	0
339	egl-9	1	32	0
340	egl-9	1	32	0
340	egl-9	1	32	0
341	egl-9	1	32	0
341	egl-9	1	32	0
342	egl-9	1	32	0
342	egl-9	1	32	0
343	egl-9	1	32	0
343	egl-9	1	32	0
344	egl-9	1	32	0
344	egl-9	1	32	0
345	egl-9	1	32	0
345	egl-9	1	32	0
346	egl-9	1	32	0
346	egl-9	1	32	0
347	egl-9	1	35	0
347	egl-9	1	35	0
348	egl-9	1	35	0
348	egl-9	1	35	0
349	egl-9	1	35	0
349	egl-9	1	35	0
350	egl-9	1	38	0
350	egl-9	1	38	0
351	egl-9	1	38	0
351	egl-9	1	38	0
352	egl-9	1	23	1
352	egl-9	1	23	1
353	egl-9	1	26	1
353	egl-9	1	26	1
354	egl-9	1	26	1
354	egl-9	1	26	1
355	egl-9	1	28	1
355	egl-9	1	28	1
356	egl-9	1	28	1
356	egl-9	1	28	1
357	egl-9	1	28	1
357	egl-9	1	28	1
358	egl-9	1	30	1
358	egl-9	1	30	1
359	egl-9	1	30	1
359	egl-9	1	30	1
360	egl-9	1	19	2
360	egl-9	1	19	2
361	egl-9	1	21	2
361	egl-9	1	21	2
362	egl-9	1	21	2
362	egl-9	1	21	2
363	egl-9	1	21	2
363	egl-9	1	21	2
364	egl-9	1	23	2
364	egl-9	1	23	2
365	egl-9	1	23	2
365	egl-9	1	23	2
366	egl-9	1	26	2
366	egl-9	1	26	2
367	egl-9	1	26	2
367	egl-9	1	26	2
368	egl-9	1	26	2
368	egl-9	1	26	2
369	egl-9	1	28	2
369	egl-9	1	28	2
370	egl-9	1	28	2
370	egl-9	1	28	2
371	egl-9	1	28	2
371	egl-9	1	28	2
372	egl-9	1	19	3
372	egl-9	1	19	3
373	egl-9	1	26	3
373	egl-9	1	26	3
374	egl-9	1	26	3
374	egl-9	1	26	3
375	egl-9	1	35	3
375	egl-9	1	35	3
376	egl-9	2	21	0
376	egl-9	2	21	0
377	egl-9	2	21	0
377	egl-9	2	21	0
378	egl-9	2	21	0
378	egl-9	2	21	0
379	egl-9	2	23	0
379	egl-9	2	23	0
380	egl-9	2	23	0
380	egl-9	2	23	0
381	egl-9	2	23	0
381	egl-9	2	23	0
382	egl-9	2	26	0
382	egl-9	2	26	0
383	egl-9	2	26	0
383	egl-9	2	26	0
384	egl-9	2	26	0
384	egl-9	2	26	0
385	egl-9	2	26	0
385	egl-9	2	26	0
386	egl-9	2	26	0
386	egl-9	2	26	0
387	egl-9	2	26	0
387	egl-9	2	26	0
388	egl-9	2	26	0
388	egl-9	2	26	0
389	egl-9	2	28	0
389	egl-9	2	28	0
390	egl-9	2	28	0
390	egl-9	2	28	0
391	egl-9	2	28	0
391	egl-9	2	28	0
392	egl-9	2	28	0
392	egl-9	2	28	0
393	egl-9	2	28	0
393	egl-9	2	28	0
394	egl-9	2	28	0
394	egl-9	2	28	0
395	egl-9	2	28	0
395	egl-9	2	28	0
396	egl-9	2	28	0
396	egl-9	2	28	0
397	egl-9	2	28	0
397	egl-9	2	28	0
398	egl-9	2	28	0
398	egl-9	2	28	0
399	egl-9	2	28	0
399	egl-9	2	28	0
400	egl-9	2	30	0
400	egl-9	2	30	0
401	egl-9	2	30	0
401	egl-9	2	30	0
402	egl-9	2	30	0
402	egl-9	2	30	0
403	egl-9	2	30	0
403	egl-9	2	30	0
404	egl-9	2	30	0
404	egl-9	2	30	0
405	egl-9	2	30	0
405	egl-9	2	30	0
406	egl-9	2	30	0
406	egl-9	2	30	0
407	egl-9	2	30	0
407	egl-9	2	30	0
408	egl-9	2	30	0
408	egl-9	2	30	0
409	egl-9	2	30	0
409	egl-9	2	30	0
410	egl-9	2	30	0
410	egl-9	2	30	0
411	egl-9	2	30	0
411	egl-9	2	30	0
412	egl-9	2	32	0
412	egl-9	2	32	0
413	egl-9	2	32	0
413	egl-9	2	32	0
414	egl-9	2	32	0
414	egl-9	2	32	0
415	egl-9	2	32	0
415	egl-9	2	32	0
416	egl-9	2	32	0
416	egl-9	2	32	0
417	egl-9	2	32	0
417	egl-9	2	32	0
418	egl-9	2	32	0
418	egl-9	2	32	0
419	egl-9	2	32	0
419	egl-9	2	32	0
420	egl-9	2	32	0
420	egl-9	2	32	0
421	egl-9	2	32	0
421	egl-9	2	32	0
422	egl-9	2	32	0
422	egl-9	2	32	0
423	egl-9	2	32	0
423	egl-9	2	32	0
424	egl-9	2	32	0
424	egl-9	2	32	0
425	egl-9	2	32	0
425	egl-9	2	32	0
426	egl-9	2	35	0
426	egl-9	2	35	0
427	egl-9	2	35	0
427	egl-9	2	35	0
428	egl-9	2	35	0
428	egl-9	2	35	0
429	egl-9	2	35	0
429	egl-9	2	35	0
430	egl-9	2	35	0
430	egl-9	2	35	0
431	egl-9	2	35	0
431	egl-9	2	35	0
432	egl-9	2	35	0
432	egl-9	2	35	0
433	egl-9	2	38	0
433	egl-9	2	38	0
434	egl-9	2	38	0
434	egl-9	2	38	0
435	egl-9	2	38	0
435	egl-9	2	38	0
436	egl-9	2	38	0
436	egl-9	2	38	0
437	egl-9	2	38	0
437	egl-9	2	38	0
438	egl-9	2	40	0
438	egl-9	2	40	0
439	egl-9	2	40	0
439	egl-9	2	40	0
440	egl-9	2	19	1
440	egl-9	2	19	1
441	egl-9	2	28	1
441	egl-9	2	28	1
442	egl-9	2	28	1
442	egl-9	2	28	1
443	egl-9	2	30	1
443	egl-9	2	30	1
444	egl-9	2	32	1
444	egl-9	2	32	1
445	egl-9	2	21	2
445	egl-9	2	21	2
446	egl-9	2	21	2
446	egl-9	2	21	2
447	egl-9	2	23	2
447	egl-9	2	23	2
448	egl-9	2	23	2
448	egl-9	2	23	2
449	egl-9	2	23	2
449	egl-9	2	23	2
450	egl-9	2	23	2
450	egl-9	2	23	2
451	egl-9	2	26	2
451	egl-9	2	26	2
452	egl-9	2	26	2
452	egl-9	2	26	2
453	egl-9	2	26	2
453	egl-9	2	26	2
454	egl-9	2	26	2
454	egl-9	2	26	2
455	egl-9(n571)	1	20	0
455	egl-9(n571)	1	20	0
456	egl-9(n571)	1	20	0
456	egl-9(n571)	1	20	0
457	egl-9(n571)	1	20	0
457	egl-9(n571)	1	20	0
458	egl-9(n571)	1	20	0
458	egl-9(n571)	1	20	0
459	egl-9(n571)	1	20	0
459	egl-9(n571)	1	20	0
460	egl-9(n571)	1	22	0
460	egl-9(n571)	1	22	0
461	egl-9(n571)	1	25	0
461	egl-9(n571)	1	25	0
462	egl-9(n571)	1	25	0
462	egl-9(n571)	1	25	0
463	egl-9(n571)	1	25	0
463	egl-9(n571)	1	25	0
464	egl-9(n571)	1	25	0
464	egl-9(n571)	1	25	0
465	egl-9(n571)	1	25	0
465	egl-9(n571)	1	25	0
466	egl-9(n571)	1	25	0
466	egl-9(n571)	1	25	0
467	egl-9(n571)	1	25	0
467	egl-9(n571)	1	25	0
468	egl-9(n571)	1	25	0
468	egl-9(n571)	1	25	0
469	egl-9(n571)	1	27	0
469	egl-9(n571)	1	27	0
470	egl-9(n571)	1	27	0
470	egl-9(n571)	1	27	0
471	egl-9(n571)	1	27	0
471	egl-9(n571)	1	27	0
472	egl-9(n571)	1	27	0
472	egl-9(n571)	1	27	0
473	egl-9(n571)	1	27	0
473	egl-9(n571)	1	27	0
474	egl-9(n571)	1	27	0
474	egl-9(n571)	1	27	0
475	egl-9(n571)	1	27	0
475	egl-9(n571)	1	27	0
476	egl-9(n571)	1	27	0
476	egl-9(n571)	1	27	0
477	egl-9(n571)	1	27	0
477	egl-9(n571)	1	27	0
478	egl-9(n571)	1	27	0
478	egl-9(n571)	1	27	0
479	egl-9(n571)	1	27	0
479	egl-9(n571)	1	27	0
480	egl-9(n571)	1	27	0
480	egl-9(n571)	1	27	0
481	egl-9(n571)	1	27	0
481	egl-9(n571)	1	27	0
482	egl-9(n571)	1	27	0
482	egl-9(n571)	1	27	0
483	egl-9(n571)	1	27	0
483	egl-9(n571)	1	27	0
484	egl-9(n571)	1	27	0
484	egl-9(n571)	1	27	0
485	egl-9(n571)	1	27	0
485	egl-9(n571)	1	27	0
486	egl-9(n571)	1	27	0
486	egl-9(n571)	1	27	0
487	egl-9(n571)	1	27	0
487	egl-9(n571)	1	27	0
488	egl-9(n571)	1	27	0
488	egl-9(n571)	1	27	0
489	egl-9(n571)	1	27	0
489	egl-9(n571)	1	27	0
490	egl-9(n571)	1	29	0
490	egl-9(n571)	1	29	0
491	egl-9(n571)	1	29	0
491	egl-9(n571)	1	29	0
492	egl-9(n571)	1	29	0
492	egl-9(n571)	1	29	0
493	egl-9(n571)	1	29	0
493	egl-9(n571)	1	29	0
494	egl-9(n571)	1	29	0
494	egl-9(n571)	1	29	0
495	egl-9(n571)	1	29	0
495	egl-9(n571)	1	29	0
496	egl-9(n571)	1	29	0
496	egl-9(n571)	1	29	0
497	egl-9(n571)	1	29	0
497	egl-9(n571)	1	29	0
498	egl-9(n571)	1	29	0
498	egl-9(n571)	1	29	0
499	egl-9(n571)	1	29	0
499	egl-9(n571)	1	29	0
500	egl-9(n571)	1	29	0
500	egl-9(n571)	1	29	0
501	egl-9(n571)	1	29	0
501	egl-9(n571)	1	29	0
502	egl-9(n571)	1	29	0
502	egl-9(n571)	1	29	0
503	egl-9(n571)	1	29	0
503	egl-9(n571)	1	29	0
504	egl-9(n571)	1	29	0
504	egl-9(n571)	1	29	0
505	egl-9(n571)	1	29	0
505	egl-9(n571)	1	29	0
506	egl-9(n571)	1	31	0
506	egl-9(n571)	1	31	0
507	egl-9(n571)	1	31	0
507	egl-9(n571)	1	31	0
508	egl-9(n571)	1	31	0
508	egl-9(n571)	1	31	0
509	egl-9(n571)	1	31	0
509	egl-9(n571)	1	31	0
510	egl-9(n571)	1	31	0
510	egl-9(n571)	1	31	0
511	egl-9(n571)	1	31	0
511	egl-9(n571)	1	31	0
512	egl-9(n571)	1	31	0
512	egl-9(n571)	1	31	0
513	egl-9(n571)	1	31	0
513	egl-9(n571)	1	31	0
514	egl-9(n571)	1	31	0
514	egl-9(n571)	1	31	0
515	egl-9(n571)	1	31	0
515	egl-9(n571)	1	31	0
516	egl-9(n571)	1	31	0
516	egl-9(n571)	1	31	0
517	egl-9(n571)	1	34	0
517	egl-9(n571)	1	34	0
518	egl-9(n571)	1	34	0
518	egl-9(n571)	1	34	0
519	egl-9(n571)	1	34	0
519	egl-9(n571)	1	34	0
520	egl-9(n571)	1	34	0
520	egl-9(n571)	1	34	0
521	egl-9(n571)	1	34	0
521	egl-9(n571)	1	34	0
522	egl-9(n571)	1	37	0
522	egl-9(n571)	1	37	0
523	egl-9(n571)	1	37	0
523	egl-9(n571)	1	37	0
524	egl-9(n571)	1	39	0
524	egl-9(n571)	1	39	0
525	egl-9(n571)	1	39	0
525	egl-9(n571)	1	39	0
526	egl-9(n571)	1	39	0
526	egl-9(n571)	1	39	0
527	egl-9(n571)	1	39	0
527	egl-9(n571)	1	39	0
528	egl-9(n571)	1	39	0
528	egl-9(n571)	1	39	0
529	egl-9(n571)	1	39	0
529	egl-9(n571)	1	39	0
530	egl-9(n571)	1	22	1
530	egl-9(n571)	1	22	1
531	egl-9(n571)	1	25	1
531	egl-9(n571)	1	25	1
532	egl-9(n571)	1	27	1
532	egl-9(n571)	1	27	1
533	egl-9(n571)	1	18	2
533	egl-9(n571)	1	18	2
534	egl-9(n571)	1	20	2
534	egl-9(n571)	1	20	2
535	egl-9(n571)	1	34	2
535	egl-9(n571)	1	34	2
536	egl-9(n571)	2	18	0
536	egl-9(n571)	2	18	0
537	egl-9(n571)	2	18	0
537	egl-9(n571)	2	18	0
538	egl-9(n571)	2	18	0
538	egl-9(n571)	2	18	0
539	egl-9(n571)	2	20	0
539	egl-9(n571)	2	20	0
540	egl-9(n571)	2	22	0
540	egl-9(n571)	2	22	0
541	egl-9(n571)	2	22	0
541	egl-9(n571)	2	22	0
542	egl-9(n571)	2	22	0
542	egl-9(n571)	2	22	0
543	egl-9(n571)	2	22	0
543	egl-9(n571)	2	22	0
544	egl-9(n571)	2	22	0
544	egl-9(n571)	2	22	0
545	egl-9(n571)	2	25	0
545	egl-9(n571)	2	25	0
546	egl-9(n571)	2	25	0
546	egl-9(n571)	2	25	0
547	egl-9(n571)	2	25	0
547	egl-9(n571)	2	25	0
548	egl-9(n571)	2	25	0
548	egl-9(n571)	2	25	0
549	egl-9(n571)	2	25	0
549	egl-9(n571)	2	25	0
550	egl-9(n571)	2	25	0
550	egl-9(n571)	2	25	0
551	egl-9(n571)	2	25	0
551	egl-9(n571)	2	25	0
552	egl-9(n571)	2	25	0
552	egl-9(n571)	2	25	0
553	egl-9(n571)	2	25	0
553	egl-9(n571)	2	25	0
554	egl-9(n571)	2	25	0
554	egl-9(n571)	2	25	0
555	egl-9(n571)	2	27	0
555	egl-9(n571)	2	27	0
556	egl-9(n571)	2	27	0
556	egl-9(n571)	2	27	0
557	egl-9(n571)	2	27	0
557	egl-9(n571)	2	27	0
558	egl-9(n571)	2	27	0
558	egl-9(n571)	2	27	0
559	egl-9(n571)	2	27	0
559	egl-9(n571)	2	27	0
560	egl-9(n571)	2	27	0
560	egl-9(n571)	2	27	0
561	egl-9(n571)	2	27	0
561	egl-9(n571)	2	27	0
562	egl-9(n571)	2	27	0
562	egl-9(n571)	2	27	0
563	egl-9(n571)	2	27	0
563	egl-9(n571)	2	27	0
564	egl-9(n571)	2	27	0
564	egl-9(n571)	2	27	0
565	egl-9(n571)	2	27	0
565	egl-9(n571)	2	27	0
566	egl-9(n571)	2	27	0
566	egl-9(n571)	2	27	0
567	egl-9(n571)	2	27	0
567	egl-9(n571)	2	27	0
568	egl-9(n571)	2	27	0
568	egl-9(n571)	2	27	0
569	egl-9(n571)	2	27	0
569	egl-9(n571)	2	27	0
570	egl-9(n571)	2	29	0
570	egl-9(n571)	2	29	0
571	egl-9(n571)	2	29	0
571	egl-9(n571)	2	29	0
572	egl-9(n571)	2	29	0
572	egl-9(n571)	2	29	0
573	egl-9(n571)	2	29	0
573	egl-9(n571)	2	29	0
574	egl-9(n571)	2	29	0
574	egl-9(n571)	2	29	0
575	egl-9(n571)	2	29	0
575	egl-9(n571)	2	29	0
576	egl-9(n571)	2	29	0
576	egl-9(n571)	2	29	0
577	egl-9(n571)	2	29	0
577	egl-9(n571)	2	29	0
578	egl-9(n571)	2	29	0
578	egl-9(n571)	2	29	0
579	egl-9(n571)	2	29	0
579	egl-9(n571)	2	29	0
580	egl-9(n571)	2	29	0
580	egl-9(n571)	2	29	0
581	egl-9(n571)	2	31	0
581	egl-9(n571)	2	31	0
582	egl-9(n571)	2	31	0
582	egl-9(n571)	2	31	0
583	egl-9(n571)	2	31	0
583	egl-9(n571)	2	31	0
584	egl-9(n571)	2	31	0
584	egl-9(n571)	2	31	0
585	egl-9(n571)	2	31	0
585	egl-9(n571)	2	31	0
586	egl-9(n571)	2	31	0
586	egl-9(n571)	2	31	0
587	egl-9(n571)	2	31	0
587	egl-9(n571)	2	31	0
588	egl-9(n571)	2	31	0
588	egl-9(n571)	2	31	0
589	egl-9(n571)	2	31	0
589	egl-9(n571)	2	31	0
590	egl-9(n571)	2	31	0
590	egl-9(n571)	2	31	0
591	egl-9(n571)	2	34	0
591	egl-9(n571)	2	34	0
592	egl-9(n571)	2	34	0
592	egl-9(n571)	2	34	0
593	egl-9(n571)	2	34	0
593	egl-9(n571)	2	34	0
594	egl-9(n571)	2	34	0
594	egl-9(n571)	2	34	0
595	egl-9(n571)	2	34	0
595	egl-9(n571)	2	34	0
596	egl-9(n571)	2	34	0
596	egl-9(n571)	2	34	0
597	egl-9(n571)	2	34	0
597	egl-9(n571)	2	34	0
598	egl-9(n571)	2	37	0
598	egl-9(n571)	2	37	0
599	egl-9(n571)	2	37	0
599	egl-9(n571)	2	37	0
600	egl-9(n571)	2	37	0
600	egl-9(n571)	2	37	0
601	egl-9(n571)	2	37	0
601	egl-9(n571)	2	37	0
