strain	replicate	age.at.death	rupture	
strain	replicate	age.at.death	rupture	
1	N2	1	16	0
1	N2	1	16	0
2	N2	1	21	0
2	N2	1	21	0
3	N2	1	21	0
3	N2	1	21	0
4	N2	1	21	0
4	N2	1	21	0
5	N2	1	21	0
5	N2	1	21	0
6	N2	1	21	0
6	N2	1	21	0
7	N2	1	21	0
7	N2	1	21	0
8	N2	1	21	0
8	N2	1	21	0
9	N2	1	21	0
9	N2	1	21	0
10	N2	1	21	0
10	N2	1	21	0
11	N2	1	21	0
11	N2	1	21	0
12	N2	1	21	0
12	N2	1	21	0
13	N2	1	23	0
13	N2	1	23	0
14	N2	1	23	0
14	N2	1	23	0
15	N2	1	23	0
15	N2	1	23	0
16	N2	1	23	0
16	N2	1	23	0
17	N2	1	23	0
17	N2	1	23	0
18	N2	1	23	0
18	N2	1	23	0
19	N2	1	23	0
19	N2	1	23	0
20	N2	1	23	0
20	N2	1	23	0
21	N2	1	23	0
21	N2	1	23	0
22	N2	1	23	0
22	N2	1	23	0
23	N2	1	23	0
23	N2	1	23	0
24	N2	1	25	0
24	N2	1	25	0
25	N2	1	25	0
25	N2	1	25	0
26	N2	1	25	0
26	N2	1	25	0
27	N2	1	25	0
27	N2	1	25	0
28	N2	1	25	0
28	N2	1	25	0
29	N2	1	25	0
29	N2	1	25	0
30	N2	1	25	0
30	N2	1	25	0
31	N2	1	25	0
31	N2	1	25	0
32	N2	1	25	0
32	N2	1	25	0
33	N2	1	25	0
33	N2	1	25	0
34	N2	1	25	0
34	N2	1	25	0
35	N2	1	25	0
35	N2	1	25	0
36	N2	1	28	0
36	N2	1	28	0
37	N2	1	28	0
37	N2	1	28	0
38	N2	1	28	0
38	N2	1	28	0
39	N2	1	28	0
39	N2	1	28	0
40	N2	1	28	0
40	N2	1	28	0
41	N2	1	28	0
41	N2	1	28	0
42	N2	1	28	0
42	N2	1	28	0
43	N2	1	28	0
43	N2	1	28	0
44	N2	1	28	0
44	N2	1	28	0
45	N2	1	28	0
45	N2	1	28	0
46	N2	1	28	0
46	N2	1	28	0
47	N2	1	28	0
47	N2	1	28	0
48	N2	1	30	0
48	N2	1	30	0
49	N2	1	30	0
49	N2	1	30	0
50	N2	1	30	0
50	N2	1	30	0
51	N2	1	30	0
51	N2	1	30	0
52	N2	1	30	0
52	N2	1	30	0
53	N2	1	32	0
53	N2	1	32	0
54	N2	1	32	0
54	N2	1	32	0
55	N2	1	32	0
55	N2	1	32	0
56	N2	1	32	0
56	N2	1	32	0
57	N2	1	32	0
57	N2	1	32	0
58	N2	1	35	0
58	N2	1	35	0
59	N2	1	21	2
59	N2	1	21	2
60	N2	1	21	2
60	N2	1	21	2
61	N2	1	25	2
61	N2	1	25	2
62	N2	1	25	2
62	N2	1	25	2
63	N2	1	16	3
63	N2	1	16	3
64	N2	1	16	3
64	N2	1	16	3
65	N2	1	16	3
65	N2	1	16	3
66	N2	1	18	3
66	N2	1	18	3
67	N2	1	18	3
67	N2	1	18	3
68	N2	1	18	3
68	N2	1	18	3
69	N2	1	21	3
69	N2	1	21	3
70	N2	1	21	3
70	N2	1	21	3
71	N2	1	21	3
71	N2	1	21	3
72	N2	2	21	0
72	N2	2	21	0
73	N2	2	21	0
73	N2	2	21	0
74	N2	2	21	0
74	N2	2	21	0
75	N2	2	21	0
75	N2	2	21	0
76	N2	2	23	0
76	N2	2	23	0
77	N2	2	23	0
77	N2	2	23	0
78	N2	2	23	0
78	N2	2	23	0
79	N2	2	23	0
79	N2	2	23	0
80	N2	2	23	0
80	N2	2	23	0
81	N2	2	23	0
81	N2	2	23	0
82	N2	2	23	0
82	N2	2	23	0
83	N2	2	23	0
83	N2	2	23	0
84	N2	2	23	0
84	N2	2	23	0
85	N2	2	23	0
85	N2	2	23	0
86	N2	2	23	0
86	N2	2	23	0
87	N2	2	25	0
87	N2	2	25	0
88	N2	2	25	0
88	N2	2	25	0
89	N2	2	25	0
89	N2	2	25	0
90	N2	2	25	0
90	N2	2	25	0
91	N2	2	25	0
91	N2	2	25	0
92	N2	2	25	0
92	N2	2	25	0
93	N2	2	25	0
93	N2	2	25	0
94	N2	2	25	0
94	N2	2	25	0
95	N2	2	28	0
95	N2	2	28	0
96	N2	2	28	0
96	N2	2	28	0
97	N2	2	28	0
97	N2	2	28	0
98	N2	2	28	0
98	N2	2	28	0
99	N2	2	28	0
99	N2	2	28	0
100	N2	2	28	0
100	N2	2	28	0
101	N2	2	28	0
101	N2	2	28	0
102	N2	2	28	0
102	N2	2	28	0
103	N2	2	30	0
103	N2	2	30	0
104	N2	2	30	0
104	N2	2	30	0
105	N2	2	30	0
105	N2	2	30	0
106	N2	2	30	0
106	N2	2	30	0
107	N2	2	30	0
107	N2	2	30	0
108	N2	2	30	0
108	N2	2	30	0
109	N2	2	30	0
109	N2	2	30	0
110	N2	2	30	0
110	N2	2	30	0
111	N2	2	30	0
111	N2	2	30	0
112	N2	2	30	0
112	N2	2	30	0
113	N2	2	32	0
113	N2	2	32	0
114	N2	2	35	0
114	N2	2	35	0
115	N2	2	35	0
115	N2	2	35	0
116	N2	2	28	2
116	N2	2	28	2
117	N2	2	14	3
117	N2	2	14	3
118	N2	2	16	3
118	N2	2	16	3
119	N2	2	16	3
119	N2	2	16	3
120	N2	2	16	3
120	N2	2	16	3
121	N2	2	18	3
121	N2	2	18	3
122	N2	2	18	3
122	N2	2	18	3
123	N2	2	18	3
123	N2	2	18	3
124	N2	2	18	3
124	N2	2	18	3
125	N2	2	21	3
125	N2	2	21	3
126	N2	2	21	3
126	N2	2	21	3
127	N2	2	21	3
127	N2	2	21	3
128	N2	2	21	3
128	N2	2	21	3
129	N2	2	21	3
129	N2	2	21	3
130	N2	2	21	3
130	N2	2	21	3
131	N2	2	21	3
131	N2	2	21	3
132	N2	2	21	3
132	N2	2	21	3
133	N2	2	21	3
133	N2	2	21	3
134	N2	2	21	3
134	N2	2	21	3
135	N2	2	21	3
135	N2	2	21	3
136	N2	2	23	3
136	N2	2	23	3
137	N2	2	23	3
137	N2	2	23	3
138	N2	2	23	3
138	N2	2	23	3
139	N2	2	23	3
139	N2	2	23	3
140	N2	3	16	0
140	N2	3	16	0
141	N2	3	21	0
141	N2	3	21	0
142	N2	3	21	0
142	N2	3	21	0
143	N2	3	21	0
143	N2	3	21	0
144	N2	3	21	0
144	N2	3	21	0
145	N2	3	21	0
145	N2	3	21	0
146	N2	3	21	0
146	N2	3	21	0
147	N2	3	21	0
147	N2	3	21	0
148	N2	3	21	0
148	N2	3	21	0
149	N2	3	21	0
149	N2	3	21	0
150	N2	3	21	0
150	N2	3	21	0
151	N2	3	21	0
151	N2	3	21	0
152	N2	3	21	0
152	N2	3	21	0
153	N2	3	21	0
153	N2	3	21	0
154	N2	3	21	0
154	N2	3	21	0
155	N2	3	21	0
155	N2	3	21	0
156	N2	3	21	0
156	N2	3	21	0
157	N2	3	21	0
157	N2	3	21	0
158	N2	3	21	0
158	N2	3	21	0
159	N2	3	23	0
159	N2	3	23	0
160	N2	3	23	0
160	N2	3	23	0
161	N2	3	23	0
161	N2	3	23	0
162	N2	3	23	0
162	N2	3	23	0
163	N2	3	23	0
163	N2	3	23	0
164	N2	3	23	0
164	N2	3	23	0
165	N2	3	23	0
165	N2	3	23	0
166	N2	3	23	0
166	N2	3	23	0
167	N2	3	23	0
167	N2	3	23	0
168	N2	3	23	0
168	N2	3	23	0
169	N2	3	23	0
169	N2	3	23	0
170	N2	3	23	0
170	N2	3	23	0
171	N2	3	23	0
171	N2	3	23	0
172	N2	3	25	0
172	N2	3	25	0
173	N2	3	25	0
173	N2	3	25	0
174	N2	3	25	0
174	N2	3	25	0
175	N2	3	25	0
175	N2	3	25	0
176	N2	3	25	0
176	N2	3	25	0
177	N2	3	25	0
177	N2	3	25	0
178	N2	3	25	0
178	N2	3	25	0
179	N2	3	25	0
179	N2	3	25	0
180	N2	3	25	0
180	N2	3	25	0
181	N2	3	25	0
181	N2	3	25	0
182	N2	3	28	0
182	N2	3	28	0
183	N2	3	28	0
183	N2	3	28	0
184	N2	3	28	0
184	N2	3	28	0
185	N2	3	28	0
185	N2	3	28	0
186	N2	3	28	0
186	N2	3	28	0
187	N2	3	30	0
187	N2	3	30	0
188	N2	3	30	0
188	N2	3	30	0
189	N2	3	30	0
189	N2	3	30	0
190	N2	3	30	0
190	N2	3	30	0
191	N2	3	30	0
191	N2	3	30	0
192	N2	3	30	0
192	N2	3	30	0
193	N2	3	30	0
193	N2	3	30	0
194	N2	3	32	0
194	N2	3	32	0
195	N2	3	32	0
195	N2	3	32	0
196	N2	3	32	0
196	N2	3	32	0
197	N2	3	32	0
197	N2	3	32	0
198	N2	3	39	0
198	N2	3	39	0
199	N2	3	21	2
199	N2	3	21	2
200	N2	3	16	3
200	N2	3	16	3
201	N2	3	16	3
201	N2	3	16	3
202	N2	3	18	3
202	N2	3	18	3
203	N2	3	18	3
203	N2	3	18	3
204	N2	3	18	3
204	N2	3	18	3
205	N2	3	18	3
205	N2	3	18	3
206	N2	3	18	3
206	N2	3	18	3
207	N2	3	18	3
207	N2	3	18	3
208	N2	3	21	3
208	N2	3	21	3
209	N2	3	21	3
209	N2	3	21	3
210	N2	3	21	3
210	N2	3	21	3
211	N2	3	25	3
211	N2	3	25	3
212	vhl-1	1	22	0
212	vhl-1	1	22	0
213	vhl-1	1	24	0
213	vhl-1	1	24	0
214	vhl-1	1	24	0
214	vhl-1	1	24	0
215	vhl-1	1	24	0
215	vhl-1	1	24	0
216	vhl-1	1	24	0
216	vhl-1	1	24	0
217	vhl-1	1	27	0
217	vhl-1	1	27	0
218	vhl-1	1	27	0
218	vhl-1	1	27	0
219	vhl-1	1	27	0
219	vhl-1	1	27	0
220	vhl-1	1	27	0
220	vhl-1	1	27	0
221	vhl-1	1	27	0
221	vhl-1	1	27	0
222	vhl-1	1	27	0
222	vhl-1	1	27	0
223	vhl-1	1	27	0
223	vhl-1	1	27	0
224	vhl-1	1	27	0
224	vhl-1	1	27	0
225	vhl-1	1	27	0
225	vhl-1	1	27	0
226	vhl-1	1	27	0
226	vhl-1	1	27	0
227	vhl-1	1	27	0
227	vhl-1	1	27	0
228	vhl-1	1	27	0
228	vhl-1	1	27	0
229	vhl-1	1	27	0
229	vhl-1	1	27	0
230	vhl-1	1	27	0
230	vhl-1	1	27	0
231	vhl-1	1	29	0
231	vhl-1	1	29	0
232	vhl-1	1	29	0
232	vhl-1	1	29	0
233	vhl-1	1	29	0
233	vhl-1	1	29	0
234	vhl-1	1	29	0
234	vhl-1	1	29	0
235	vhl-1	1	29	0
235	vhl-1	1	29	0
236	vhl-1	1	29	0
236	vhl-1	1	29	0
237	vhl-1	1	29	0
237	vhl-1	1	29	0
238	vhl-1	1	29	0
238	vhl-1	1	29	0
239	vhl-1	1	29	0
239	vhl-1	1	29	0
240	vhl-1	1	29	0
240	vhl-1	1	29	0
241	vhl-1	1	29	0
241	vhl-1	1	29	0
242	vhl-1	1	29	0
242	vhl-1	1	29	0
243	vhl-1	1	29	0
243	vhl-1	1	29	0
244	vhl-1	1	29	0
244	vhl-1	1	29	0
245	vhl-1	1	29	0
245	vhl-1	1	29	0
246	vhl-1	1	29	0
246	vhl-1	1	29	0
247	vhl-1	1	29	0
247	vhl-1	1	29	0
248	vhl-1	1	29	0
248	vhl-1	1	29	0
249	vhl-1	1	29	0
249	vhl-1	1	29	0
250	vhl-1	1	31	0
250	vhl-1	1	31	0
251	vhl-1	1	31	0
251	vhl-1	1	31	0
252	vhl-1	1	31	0
252	vhl-1	1	31	0
253	vhl-1	1	31	0
253	vhl-1	1	31	0
254	vhl-1	1	31	0
254	vhl-1	1	31	0
255	vhl-1	1	31	0
255	vhl-1	1	31	0
256	vhl-1	1	31	0
256	vhl-1	1	31	0
257	vhl-1	1	31	0
257	vhl-1	1	31	0
258	vhl-1	1	31	0
258	vhl-1	1	31	0
259	vhl-1	1	31	0
259	vhl-1	1	31	0
260	vhl-1	1	31	0
260	vhl-1	1	31	0
261	vhl-1	1	34	0
261	vhl-1	1	34	0
262	vhl-1	1	34	0
262	vhl-1	1	34	0
263	vhl-1	1	34	0
263	vhl-1	1	34	0
264	vhl-1	1	34	0
264	vhl-1	1	34	0
265	vhl-1	1	34	0
265	vhl-1	1	34	0
266	vhl-1	1	34	0
266	vhl-1	1	34	0
267	vhl-1	1	34	0
267	vhl-1	1	34	0
268	vhl-1	1	36	0
268	vhl-1	1	36	0
269	vhl-1	1	36	0
269	vhl-1	1	36	0
270	vhl-1	1	36	0
270	vhl-1	1	36	0
271	vhl-1	1	36	0
271	vhl-1	1	36	0
272	vhl-1	1	27	2
272	vhl-1	1	27	2
273	vhl-1	1	27	2
273	vhl-1	1	27	2
274	vhl-1	1	27	2
274	vhl-1	1	27	2
275	vhl-1	1	27	2
275	vhl-1	1	27	2
276	vhl-1	2	13	0
276	vhl-1	2	13	0
277	vhl-1	2	20	0
277	vhl-1	2	20	0
278	vhl-1	2	20	0
278	vhl-1	2	20	0
279	vhl-1	2	20	0
279	vhl-1	2	20	0
280	vhl-1	2	20	0
280	vhl-1	2	20	0
281	vhl-1	2	20	0
281	vhl-1	2	20	0
282	vhl-1	2	22	0
282	vhl-1	2	22	0
283	vhl-1	2	22	0
283	vhl-1	2	22	0
284	vhl-1	2	22	0
284	vhl-1	2	22	0
285	vhl-1	2	22	0
285	vhl-1	2	22	0
286	vhl-1	2	22	0
286	vhl-1	2	22	0
287	vhl-1	2	22	0
287	vhl-1	2	22	0
288	vhl-1	2	24	0
288	vhl-1	2	24	0
289	vhl-1	2	24	0
289	vhl-1	2	24	0
290	vhl-1	2	24	0
290	vhl-1	2	24	0
291	vhl-1	2	24	0
291	vhl-1	2	24	0
292	vhl-1	2	24	0
292	vhl-1	2	24	0
293	vhl-1	2	24	0
293	vhl-1	2	24	0
294	vhl-1	2	24	0
294	vhl-1	2	24	0
295	vhl-1	2	24	0
295	vhl-1	2	24	0
296	vhl-1	2	27	0
296	vhl-1	2	27	0
297	vhl-1	2	27	0
297	vhl-1	2	27	0
298	vhl-1	2	27	0
298	vhl-1	2	27	0
299	vhl-1	2	27	0
299	vhl-1	2	27	0
300	vhl-1	2	27	0
300	vhl-1	2	27	0
301	vhl-1	2	27	0
301	vhl-1	2	27	0
302	vhl-1	2	27	0
302	vhl-1	2	27	0
303	vhl-1	2	27	0
303	vhl-1	2	27	0
304	vhl-1	2	27	0
304	vhl-1	2	27	0
305	vhl-1	2	27	0
305	vhl-1	2	27	0
306	vhl-1	2	29	0
306	vhl-1	2	29	0
307	vhl-1	2	29	0
307	vhl-1	2	29	0
308	vhl-1	2	29	0
308	vhl-1	2	29	0
309	vhl-1	2	29	0
309	vhl-1	2	29	0
310	vhl-1	2	29	0
310	vhl-1	2	29	0
311	vhl-1	2	29	0
311	vhl-1	2	29	0
312	vhl-1	2	29	0
312	vhl-1	2	29	0
313	vhl-1	2	31	0
313	vhl-1	2	31	0
314	vhl-1	2	31	0
314	vhl-1	2	31	0
315	vhl-1	2	31	0
315	vhl-1	2	31	0
316	vhl-1	2	31	0
316	vhl-1	2	31	0
317	vhl-1	2	31	0
317	vhl-1	2	31	0
318	vhl-1	2	31	0
318	vhl-1	2	31	0
319	vhl-1	2	31	0
319	vhl-1	2	31	0
320	vhl-1	2	31	0
320	vhl-1	2	31	0
321	vhl-1	2	31	0
321	vhl-1	2	31	0
322	vhl-1	2	31	0
322	vhl-1	2	31	0
323	vhl-1	2	31	0
323	vhl-1	2	31	0
324	vhl-1	2	31	0
324	vhl-1	2	31	0
325	vhl-1	2	31	0
325	vhl-1	2	31	0
326	vhl-1	2	31	0
326	vhl-1	2	31	0
327	vhl-1	2	34	0
327	vhl-1	2	34	0
328	vhl-1	2	34	0
328	vhl-1	2	34	0
329	vhl-1	2	34	0
329	vhl-1	2	34	0
330	vhl-1	2	34	0
330	vhl-1	2	34	0
331	vhl-1	2	34	0
331	vhl-1	2	34	0
332	vhl-1	2	34	0
332	vhl-1	2	34	0
333	vhl-1	2	34	0
333	vhl-1	2	34	0
334	vhl-1	2	34	0
334	vhl-1	2	34	0
335	vhl-1	2	34	0
335	vhl-1	2	34	0
336	vhl-1	2	34	0
336	vhl-1	2	34	0
337	vhl-1	2	34	0
337	vhl-1	2	34	0
338	vhl-1	2	34	0
338	vhl-1	2	34	0
339	vhl-1	2	34	0
339	vhl-1	2	34	0
340	vhl-1	2	34	0
340	vhl-1	2	34	0
341	vhl-1	2	34	0
341	vhl-1	2	34	0
342	vhl-1	2	34	0
342	vhl-1	2	34	0
343	vhl-1	2	34	0
343	vhl-1	2	34	0
344	vhl-1	2	34	0
344	vhl-1	2	34	0
345	vhl-1	2	34	0
345	vhl-1	2	34	0
346	vhl-1	2	36	0
346	vhl-1	2	36	0
347	vhl-1	2	36	0
347	vhl-1	2	36	0
348	vhl-1	2	36	0
348	vhl-1	2	36	0
349	vhl-1	2	36	0
349	vhl-1	2	36	0
350	vhl-1	2	38	0
350	vhl-1	2	38	0
351	vhl-1	2	38	0
351	vhl-1	2	38	0
352	vhl-1	2	27	2
352	vhl-1	2	27	2
353	vhl-1	3	13	
353	vhl-1	3	13	
354	vhl-1	3	15	
354	vhl-1	3	15	
355	vhl-1	3	20	
355	vhl-1	3	20	
356	vhl-1	3	20	
356	vhl-1	3	20	
357	vhl-1	3	20	
357	vhl-1	3	20	
358	vhl-1	3	22	0
358	vhl-1	3	22	0
359	vhl-1	3	22	0
359	vhl-1	3	22	0
360	vhl-1	3	24	0
360	vhl-1	3	24	0
361	vhl-1	3	24	0
361	vhl-1	3	24	0
362	vhl-1	3	24	0
362	vhl-1	3	24	0
363	vhl-1	3	24	0
363	vhl-1	3	24	0
364	vhl-1	3	27	0
364	vhl-1	3	27	0
365	vhl-1	3	27	0
365	vhl-1	3	27	0
366	vhl-1	3	27	0
366	vhl-1	3	27	0
367	vhl-1	3	27	0
367	vhl-1	3	27	0
368	vhl-1	3	27	0
368	vhl-1	3	27	0
369	vhl-1	3	27	0
369	vhl-1	3	27	0
370	vhl-1	3	27	0
370	vhl-1	3	27	0
371	vhl-1	3	27	0
371	vhl-1	3	27	0
372	vhl-1	3	27	0
372	vhl-1	3	27	0
373	vhl-1	3	27	0
373	vhl-1	3	27	0
374	vhl-1	3	27	0
374	vhl-1	3	27	0
375	vhl-1	3	27	0
375	vhl-1	3	27	0
376	vhl-1	3	27	0
376	vhl-1	3	27	0
377	vhl-1	3	27	0
377	vhl-1	3	27	0
378	vhl-1	3	27	0
378	vhl-1	3	27	0
379	vhl-1	3	29	0
379	vhl-1	3	29	0
380	vhl-1	3	29	0
380	vhl-1	3	29	0
381	vhl-1	3	29	0
381	vhl-1	3	29	0
382	vhl-1	3	29	0
382	vhl-1	3	29	0
383	vhl-1	3	29	0
383	vhl-1	3	29	0
384	vhl-1	3	29	0
384	vhl-1	3	29	0
385	vhl-1	3	29	0
385	vhl-1	3	29	0
386	vhl-1	3	29	0
386	vhl-1	3	29	0
387	vhl-1	3	29	0
387	vhl-1	3	29	0
388	vhl-1	3	31	0
388	vhl-1	3	31	0
389	vhl-1	3	31	0
389	vhl-1	3	31	0
390	vhl-1	3	31	0
390	vhl-1	3	31	0
391	vhl-1	3	31	0
391	vhl-1	3	31	0
392	vhl-1	3	31	0
392	vhl-1	3	31	0
393	vhl-1	3	31	0
393	vhl-1	3	31	0
394	vhl-1	3	31	0
394	vhl-1	3	31	0
395	vhl-1	3	31	0
395	vhl-1	3	31	0
396	vhl-1	3	31	0
396	vhl-1	3	31	0
397	vhl-1	3	34	0
397	vhl-1	3	34	0
398	vhl-1	3	34	0
398	vhl-1	3	34	0
399	vhl-1	3	34	0
399	vhl-1	3	34	0
400	vhl-1	3	34	0
400	vhl-1	3	34	0
401	vhl-1	3	34	0
401	vhl-1	3	34	0
402	vhl-1	3	34	0
402	vhl-1	3	34	0
403	vhl-1	3	34	0
403	vhl-1	3	34	0
404	vhl-1	3	34	0
404	vhl-1	3	34	0
405	vhl-1	3	34	0
405	vhl-1	3	34	0
406	vhl-1	3	34	0
406	vhl-1	3	34	0
407	vhl-1	3	34	0
407	vhl-1	3	34	0
408	vhl-1	3	36	0
408	vhl-1	3	36	0
409	vhl-1	3	36	0
409	vhl-1	3	36	0
410	vhl-1	3	36	0
410	vhl-1	3	36	0
411	vhl-1	3	17	2
411	vhl-1	3	17	2
412	vhl-1	3	22	2
412	vhl-1	3	22	2
413	hif-1	1	23	0
413	hif-1	1	23	0
414	hif-1	1	25	0
414	hif-1	1	25	0
415	hif-1	1	25	0
415	hif-1	1	25	0
416	hif-1	1	30	0
416	hif-1	1	30	0
417	hif-1	1	32	0
417	hif-1	1	32	0
418	hif-1	1	35	0
418	hif-1	1	35	0
419	hif-1	1	35	0
419	hif-1	1	35	0
420	hif-1	1	37	0
420	hif-1	1	37	0
421	hif-1	1	37	0
421	hif-1	1	37	0
422	hif-1	1	39	0
422	hif-1	1	39	0
423	hif-1	1	39	0
423	hif-1	1	39	0
424	hif-1	1	39	0
424	hif-1	1	39	0
425	hif-1	1	49	0
425	hif-1	1	49	0
426	hif-1	1	10	2
426	hif-1	1	10	2
427	hif-1	1	21	2
427	hif-1	1	21	2
428	hif-1	1	21	2
428	hif-1	1	21	2
429	hif-1	1	21	2
429	hif-1	1	21	2
430	hif-1	1	21	2
430	hif-1	1	21	2
431	hif-1	1	23	2
431	hif-1	1	23	2
432	hif-1	1	23	2
432	hif-1	1	23	2
433	hif-1	1	23	2
433	hif-1	1	23	2
434	hif-1	1	25	2
434	hif-1	1	25	2
435	hif-1	1	14	3
435	hif-1	1	14	3
436	hif-1	1	16	3
436	hif-1	1	16	3
437	hif-1	1	16	3
437	hif-1	1	16	3
438	hif-1	1	16	3
438	hif-1	1	16	3
439	hif-1	1	16	3
439	hif-1	1	16	3
440	hif-1	1	16	3
440	hif-1	1	16	3
441	hif-1	1	16	3
441	hif-1	1	16	3
442	hif-1	1	16	3
442	hif-1	1	16	3
443	hif-1	1	16	3
443	hif-1	1	16	3
444	hif-1	1	16	3
444	hif-1	1	16	3
445	hif-1	1	16	3
445	hif-1	1	16	3
446	hif-1	1	18	3
446	hif-1	1	18	3
447	hif-1	1	18	3
447	hif-1	1	18	3
448	hif-1	1	18	3
448	hif-1	1	18	3
449	hif-1	1	18	3
449	hif-1	1	18	3
450	hif-1	1	18	3
450	hif-1	1	18	3
451	hif-1	1	18	3
451	hif-1	1	18	3
452	hif-1	1	18	3
452	hif-1	1	18	3
453	hif-1	1	18	3
453	hif-1	1	18	3
454	hif-1	1	18	3
454	hif-1	1	18	3
455	hif-1	1	18	3
455	hif-1	1	18	3
456	hif-1	1	18	3
456	hif-1	1	18	3
457	hif-1	1	18	3
457	hif-1	1	18	3
458	hif-1	1	18	3
458	hif-1	1	18	3
459	hif-1	1	18	3
459	hif-1	1	18	3
460	hif-1	1	18	3
460	hif-1	1	18	3
461	hif-1	1	18	3
461	hif-1	1	18	3
462	hif-1	1	21	3
462	hif-1	1	21	3
463	hif-1	1	21	3
463	hif-1	1	21	3
464	hif-1	1	21	3
464	hif-1	1	21	3
465	hif-1	1	21	3
465	hif-1	1	21	3
466	hif-1	1	21	3
466	hif-1	1	21	3
467	hif-1	1	21	3
467	hif-1	1	21	3
468	hif-1	1	21	3
468	hif-1	1	21	3
469	hif-1	1	21	3
469	hif-1	1	21	3
470	hif-1	1	21	3
470	hif-1	1	21	3
471	hif-1	1	21	3
471	hif-1	1	21	3
472	hif-1	1	21	3
472	hif-1	1	21	3
473	hif-1	1	21	3
473	hif-1	1	21	3
474	hif-1	1	23	3
474	hif-1	1	23	3
475	hif-1	1	23	3
475	hif-1	1	23	3
476	hif-1	1	23	3
476	hif-1	1	23	3
477	hif-1	1	23	3
477	hif-1	1	23	3
478	hif-1	1	23	3
478	hif-1	1	23	3
479	hif-1	1	23	3
479	hif-1	1	23	3
480	hif-1	1	23	3
480	hif-1	1	23	3
481	hif-1	1	25	3
481	hif-1	1	25	3
482	hif-1	2	14	
482	hif-1	2	14	
483	hif-1	2	14	0
483	hif-1	2	14	0
484	hif-1	2	14	0
484	hif-1	2	14	0
485	hif-1	2	21	0
485	hif-1	2	21	0
486	hif-1	2	23	0
486	hif-1	2	23	0
487	hif-1	2	25	0
487	hif-1	2	25	0
488	hif-1	2	25	0
488	hif-1	2	25	0
489	hif-1	2	28	0
489	hif-1	2	28	0
490	hif-1	2	30	0
490	hif-1	2	30	0
491	hif-1	2	30	0
491	hif-1	2	30	0
492	hif-1	2	32	0
492	hif-1	2	32	0
493	hif-1	2	35	0
493	hif-1	2	35	0
494	hif-1	2	37	0
494	hif-1	2	37	0
495	hif-1	2	37	0
495	hif-1	2	37	0
496	hif-1	2	37	0
496	hif-1	2	37	0
497	hif-1	2	37	0
497	hif-1	2	37	0
498	hif-1	2	39	0
498	hif-1	2	39	0
499	hif-1	2	39	0
499	hif-1	2	39	0
500	hif-1	2	42	0
500	hif-1	2	42	0
501	hif-1	2	14	2
501	hif-1	2	14	2
502	hif-1	2	16	2
502	hif-1	2	16	2
503	hif-1	2	21	2
503	hif-1	2	21	2
504	hif-1	2	21	2
504	hif-1	2	21	2
505	hif-1	2	21	2
505	hif-1	2	21	2
506	hif-1	2	21	2
506	hif-1	2	21	2
507	hif-1	2	23	2
507	hif-1	2	23	2
508	hif-1	2	23	2
508	hif-1	2	23	2
509	hif-1	2	28	2
509	hif-1	2	28	2
510	hif-1	2	28	2
510	hif-1	2	28	2
511	hif-1	2	14	3
511	hif-1	2	14	3
512	hif-1	2	16	3
512	hif-1	2	16	3
513	hif-1	2	16	3
513	hif-1	2	16	3
514	hif-1	2	16	3
514	hif-1	2	16	3
515	hif-1	2	16	3
515	hif-1	2	16	3
516	hif-1	2	16	3
516	hif-1	2	16	3
517	hif-1	2	16	3
517	hif-1	2	16	3
518	hif-1	2	16	3
518	hif-1	2	16	3
519	hif-1	2	16	3
519	hif-1	2	16	3
520	hif-1	2	16	3
520	hif-1	2	16	3
521	hif-1	2	16	3
521	hif-1	2	16	3
522	hif-1	2	16	3
522	hif-1	2	16	3
523	hif-1	2	16	3
523	hif-1	2	16	3
524	hif-1	2	16	3
524	hif-1	2	16	3
525	hif-1	2	16	3
525	hif-1	2	16	3
526	hif-1	2	16	3
526	hif-1	2	16	3
527	hif-1	2	18	3
527	hif-1	2	18	3
528	hif-1	2	18	3
528	hif-1	2	18	3
529	hif-1	2	18	3
529	hif-1	2	18	3
530	hif-1	2	18	3
530	hif-1	2	18	3
531	hif-1	2	18	3
531	hif-1	2	18	3
532	hif-1	2	18	3
532	hif-1	2	18	3
533	hif-1	2	18	3
533	hif-1	2	18	3
534	hif-1	2	18	3
534	hif-1	2	18	3
535	hif-1	2	21	3
535	hif-1	2	21	3
536	hif-1	2	21	3
536	hif-1	2	21	3
537	hif-1	2	21	3
537	hif-1	2	21	3
538	hif-1	2	21	3
538	hif-1	2	21	3
539	hif-1	2	21	3
539	hif-1	2	21	3
540	hif-1	2	21	3
540	hif-1	2	21	3
541	hif-1	2	21	3
541	hif-1	2	21	3
542	hif-1	2	21	3
542	hif-1	2	21	3
543	hif-1	2	21	3
543	hif-1	2	21	3
544	hif-1	2	21	3
544	hif-1	2	21	3
545	hif-1	2	23	3
545	hif-1	2	23	3
546	hif-1	2	23	3
546	hif-1	2	23	3
547	hif-1	2	25	3
547	hif-1	2	25	3
548	hif-1	2	30	3
548	hif-1	2	30	3
549	hif-1	3	21	0
549	hif-1	3	21	0
550	hif-1	3	21	0
550	hif-1	3	21	0
551	hif-1	3	25	0
551	hif-1	3	25	0
552	hif-1	3	28	0
552	hif-1	3	28	0
553	hif-1	3	28	0
553	hif-1	3	28	0
554	hif-1	3	30	0
554	hif-1	3	30	0
555	hif-1	3	32	0
555	hif-1	3	32	0
556	hif-1	3	35	0
556	hif-1	3	35	0
557	hif-1	3	35	0
557	hif-1	3	35	0
558	hif-1	3	35	0
558	hif-1	3	35	0
559	hif-1	3	35	0
559	hif-1	3	35	0
560	hif-1	3	35	0
560	hif-1	3	35	0
561	hif-1	3	35	0
561	hif-1	3	35	0
562	hif-1	3	35	0
562	hif-1	3	35	0
563	hif-1	3	35	0
563	hif-1	3	35	0
564	hif-1	3	37	0
564	hif-1	3	37	0
565	hif-1	3	37	0
565	hif-1	3	37	0
566	hif-1	3	37	0
566	hif-1	3	37	0
567	hif-1	3	39	0
567	hif-1	3	39	0
568	hif-1	3	39	0
568	hif-1	3	39	0
569	hif-1	3	39	0
569	hif-1	3	39	0
570	hif-1	3	39	0
570	hif-1	3	39	0
571	hif-1	3	39	0
571	hif-1	3	39	0
572	hif-1	3	42	0
572	hif-1	3	42	0
573	hif-1	3	42	0
573	hif-1	3	42	0
574	hif-1	3	21	2
574	hif-1	3	21	2
575	hif-1	3	21	2
575	hif-1	3	21	2
576	hif-1	3	21	2
576	hif-1	3	21	2
577	hif-1	3	21	2
577	hif-1	3	21	2
578	hif-1	3	21	2
578	hif-1	3	21	2
579	hif-1	3	23	2
579	hif-1	3	23	2
580	hif-1	3	23	2
580	hif-1	3	23	2
581	hif-1	3	23	2
581	hif-1	3	23	2
582	hif-1	3	23	2
582	hif-1	3	23	2
583	hif-1	3	25	2
583	hif-1	3	25	2
584	hif-1	3	28	2
584	hif-1	3	28	2
585	hif-1	3	28	2
585	hif-1	3	28	2
586	hif-1	3	16	3
586	hif-1	3	16	3
587	hif-1	3	16	3
587	hif-1	3	16	3
588	hif-1	3	16	3
588	hif-1	3	16	3
589	hif-1	3	16	3
589	hif-1	3	16	3
590	hif-1	3	16	3
590	hif-1	3	16	3
591	hif-1	3	16	3
591	hif-1	3	16	3
592	hif-1	3	16	3
592	hif-1	3	16	3
593	hif-1	3	16	3
593	hif-1	3	16	3
594	hif-1	3	16	3
594	hif-1	3	16	3
595	hif-1	3	16	3
595	hif-1	3	16	3
596	hif-1	3	16	3
596	hif-1	3	16	3
597	hif-1	3	16	3
597	hif-1	3	16	3
598	hif-1	3	16	3
598	hif-1	3	16	3
599	hif-1	3	16	3
599	hif-1	3	16	3
600	hif-1	3	16	3
600	hif-1	3	16	3
601	hif-1	3	16	3
601	hif-1	3	16	3
602	hif-1	3	16	3
602	hif-1	3	16	3
603	hif-1	3	16	3
603	hif-1	3	16	3
604	hif-1	3	16	3
604	hif-1	3	16	3
605	hif-1	3	18	3
605	hif-1	3	18	3
606	hif-1	3	18	3
606	hif-1	3	18	3
607	hif-1	3	18	3
607	hif-1	3	18	3
608	hif-1	3	18	3
608	hif-1	3	18	3
609	hif-1	3	18	3
609	hif-1	3	18	3
610	hif-1	3	18	3
610	hif-1	3	18	3
611	hif-1	3	21	3
611	hif-1	3	21	3
612	hif-1	3	21	3
612	hif-1	3	21	3
613	hif-1	3	21	3
613	hif-1	3	21	3
614	hif-1	3	21	3
614	hif-1	3	21	3
615	hif-1	3	21	3
615	hif-1	3	21	3
616	hif-1	3	21	3
616	hif-1	3	21	3
617	hif-1	3	21	3
617	hif-1	3	21	3
618	hif-1	3	21	3
618	hif-1	3	21	3
619	hif-1	3	23	3
619	hif-1	3	23	3
620	hif-1	3	23	3
620	hif-1	3	23	3
621	egl-9	1	17	0
621	egl-9	1	17	0
622	egl-9	1	17	0
622	egl-9	1	17	0
623	egl-9	1	17	0
623	egl-9	1	17	0
624	egl-9	1	20	0
624	egl-9	1	20	0
625	egl-9	1	20	0
625	egl-9	1	20	0
626	egl-9	1	20	0
626	egl-9	1	20	0
627	egl-9	1	22	0
627	egl-9	1	22	0
628	egl-9	1	22	0
628	egl-9	1	22	0
629	egl-9	1	22	0
629	egl-9	1	22	0
630	egl-9	1	22	0
630	egl-9	1	22	0
631	egl-9	1	22	0
631	egl-9	1	22	0
632	egl-9	1	22	0
632	egl-9	1	22	0
633	egl-9	1	22	0
633	egl-9	1	22	0
634	egl-9	1	22	0
634	egl-9	1	22	0
635	egl-9	1	24	0
635	egl-9	1	24	0
636	egl-9	1	24	0
636	egl-9	1	24	0
637	egl-9	1	24	0
637	egl-9	1	24	0
638	egl-9	1	27	0
638	egl-9	1	27	0
639	egl-9	1	27	0
639	egl-9	1	27	0
640	egl-9	1	27	0
640	egl-9	1	27	0
641	egl-9	1	27	0
641	egl-9	1	27	0
642	egl-9	1	27	0
642	egl-9	1	27	0
643	egl-9	1	27	0
643	egl-9	1	27	0
644	egl-9	1	27	0
644	egl-9	1	27	0
645	egl-9	1	27	0
645	egl-9	1	27	0
646	egl-9	1	27	0
646	egl-9	1	27	0
647	egl-9	1	27	0
647	egl-9	1	27	0
648	egl-9	1	27	0
648	egl-9	1	27	0
649	egl-9	1	29	0
649	egl-9	1	29	0
650	egl-9	1	29	0
650	egl-9	1	29	0
651	egl-9	1	29	0
651	egl-9	1	29	0
652	egl-9	1	29	0
652	egl-9	1	29	0
653	egl-9	1	29	0
653	egl-9	1	29	0
654	egl-9	1	29	0
654	egl-9	1	29	0
655	egl-9	1	29	0
655	egl-9	1	29	0
656	egl-9	1	31	0
656	egl-9	1	31	0
657	egl-9	1	31	0
657	egl-9	1	31	0
658	egl-9	1	31	0
658	egl-9	1	31	0
659	egl-9	1	31	0
659	egl-9	1	31	0
660	egl-9	1	31	0
660	egl-9	1	31	0
661	egl-9	1	31	0
661	egl-9	1	31	0
662	egl-9	1	31	0
662	egl-9	1	31	0
663	egl-9	1	34	0
663	egl-9	1	34	0
664	egl-9	1	34	0
664	egl-9	1	34	0
665	egl-9	1	34	0
665	egl-9	1	34	0
666	egl-9	1	34	0
666	egl-9	1	34	0
667	egl-9	1	36	0
667	egl-9	1	36	0
668	egl-9	1	36	0
668	egl-9	1	36	0
669	egl-9	1	36	0
669	egl-9	1	36	0
670	egl-9	1	48	0
670	egl-9	1	48	0
671	egl-9	1	20	2
671	egl-9	1	20	2
672	egl-9	1	20	2
672	egl-9	1	20	2
673	egl-9	1	22	2
673	egl-9	1	22	2
674	egl-9	1	22	2
674	egl-9	1	22	2
675	egl-9	1	22	2
675	egl-9	1	22	2
676	egl-9	1	22	2
676	egl-9	1	22	2
677	egl-9	1	27	2
677	egl-9	1	27	2
678	egl-9	1	27	2
678	egl-9	1	27	2
679	egl-9	1	27	2
679	egl-9	1	27	2
680	egl-9	1	27	2
680	egl-9	1	27	2
681	egl-9	1	15	3
681	egl-9	1	15	3
682	egl-9	1	17	3
682	egl-9	1	17	3
683	egl-9	1	22	3
683	egl-9	1	22	3
684	egl-9	1	22	3
684	egl-9	1	22	3
685	egl-9	1	29	3
685	egl-9	1	29	3
686	egl-9	2	15	0
686	egl-9	2	15	0
687	egl-9	2	17	0
687	egl-9	2	17	0
688	egl-9	2	20	0
688	egl-9	2	20	0
689	egl-9	2	20	0
689	egl-9	2	20	0
690	egl-9	2	20	0
690	egl-9	2	20	0
691	egl-9	2	20	0
691	egl-9	2	20	0
692	egl-9	2	20	0
692	egl-9	2	20	0
693	egl-9	2	22	0
693	egl-9	2	22	0
694	egl-9	2	22	0
694	egl-9	2	22	0
695	egl-9	2	22	0
695	egl-9	2	22	0
696	egl-9	2	22	0
696	egl-9	2	22	0
697	egl-9	2	22	0
697	egl-9	2	22	0
698	egl-9	2	22	0
698	egl-9	2	22	0
699	egl-9	2	24	0
699	egl-9	2	24	0
700	egl-9	2	24	0
700	egl-9	2	24	0
701	egl-9	2	24	0
701	egl-9	2	24	0
702	egl-9	2	24	0
702	egl-9	2	24	0
703	egl-9	2	24	0
703	egl-9	2	24	0
704	egl-9	2	24	0
704	egl-9	2	24	0
705	egl-9	2	24	0
705	egl-9	2	24	0
706	egl-9	2	24	0
706	egl-9	2	24	0
707	egl-9	2	24	0
707	egl-9	2	24	0
708	egl-9	2	27	0
708	egl-9	2	27	0
709	egl-9	2	27	0
709	egl-9	2	27	0
710	egl-9	2	27	0
710	egl-9	2	27	0
711	egl-9	2	27	0
711	egl-9	2	27	0
712	egl-9	2	27	0
712	egl-9	2	27	0
713	egl-9	2	27	0
713	egl-9	2	27	0
714	egl-9	2	27	0
714	egl-9	2	27	0
715	egl-9	2	27	0
715	egl-9	2	27	0
716	egl-9	2	27	0
716	egl-9	2	27	0
717	egl-9	2	27	0
717	egl-9	2	27	0
718	egl-9	2	27	0
718	egl-9	2	27	0
719	egl-9	2	27	0
719	egl-9	2	27	0
720	egl-9	2	27	0
720	egl-9	2	27	0
721	egl-9	2	27	0
721	egl-9	2	27	0
722	egl-9	2	27	0
722	egl-9	2	27	0
723	egl-9	2	27	0
723	egl-9	2	27	0
724	egl-9	2	27	0
724	egl-9	2	27	0
725	egl-9	2	27	0
725	egl-9	2	27	0
726	egl-9	2	29	0
726	egl-9	2	29	0
727	egl-9	2	29	0
727	egl-9	2	29	0
728	egl-9	2	29	0
728	egl-9	2	29	0
729	egl-9	2	29	0
729	egl-9	2	29	0
730	egl-9	2	29	0
730	egl-9	2	29	0
731	egl-9	2	29	0
731	egl-9	2	29	0
732	egl-9	2	29	0
732	egl-9	2	29	0
733	egl-9	2	29	0
733	egl-9	2	29	0
734	egl-9	2	29	0
734	egl-9	2	29	0
735	egl-9	2	29	0
735	egl-9	2	29	0
736	egl-9	2	31	0
736	egl-9	2	31	0
737	egl-9	2	31	0
737	egl-9	2	31	0
738	egl-9	2	31	0
738	egl-9	2	31	0
739	egl-9	2	31	0
739	egl-9	2	31	0
740	egl-9	2	31	0
740	egl-9	2	31	0
741	egl-9	2	31	0
741	egl-9	2	31	0
742	egl-9	2	31	0
742	egl-9	2	31	0
743	egl-9	2	31	0
743	egl-9	2	31	0
744	egl-9	2	36	0
744	egl-9	2	36	0
745	egl-9	2	41	0
745	egl-9	2	41	0
746	egl-9	2	15	2
746	egl-9	2	15	2
747	egl-9	2	17	3
747	egl-9	2	17	3
748	egl-9	2	17	3
748	egl-9	2	17	3
749	egl-9	2	17	3
749	egl-9	2	17	3
750	egl-9	2	22	3
750	egl-9	2	22	3
751	egl-9	2	22	3
751	egl-9	2	22	3
752	egl-9	2	22	3
752	egl-9	2	22	3
753	egl-9	2	27	3
753	egl-9	2	27	3
754	egl-9	2	29	3
754	egl-9	2	29	3
755	egl-9	3	15	0
755	egl-9	3	15	0
756	egl-9	3	17	0
756	egl-9	3	17	0
757	egl-9	3	17	0
757	egl-9	3	17	0
758	egl-9	3	17	0
758	egl-9	3	17	0
759	egl-9	3	20	0
759	egl-9	3	20	0
760	egl-9	3	20	0
760	egl-9	3	20	0
761	egl-9	3	22	0
761	egl-9	3	22	0
762	egl-9	3	22	0
762	egl-9	3	22	0
763	egl-9	3	22	0
763	egl-9	3	22	0
764	egl-9	3	22	0
764	egl-9	3	22	0
765	egl-9	3	22	0
765	egl-9	3	22	0
766	egl-9	3	22	0
766	egl-9	3	22	0
767	egl-9	3	22	0
767	egl-9	3	22	0
768	egl-9	3	24	0
768	egl-9	3	24	0
769	egl-9	3	24	0
769	egl-9	3	24	0
770	egl-9	3	24	0
770	egl-9	3	24	0
771	egl-9	3	24	0
771	egl-9	3	24	0
772	egl-9	3	24	0
772	egl-9	3	24	0
773	egl-9	3	24	0
773	egl-9	3	24	0
774	egl-9	3	24	0
774	egl-9	3	24	0
775	egl-9	3	27	0
775	egl-9	3	27	0
776	egl-9	3	27	0
776	egl-9	3	27	0
777	egl-9	3	27	0
777	egl-9	3	27	0
778	egl-9	3	27	0
778	egl-9	3	27	0
779	egl-9	3	27	0
779	egl-9	3	27	0
780	egl-9	3	27	0
780	egl-9	3	27	0
781	egl-9	3	27	0
781	egl-9	3	27	0
782	egl-9	3	27	0
782	egl-9	3	27	0
783	egl-9	3	29	0
783	egl-9	3	29	0
784	egl-9	3	29	0
784	egl-9	3	29	0
785	egl-9	3	29	0
785	egl-9	3	29	0
786	egl-9	3	29	0
786	egl-9	3	29	0
787	egl-9	3	29	0
787	egl-9	3	29	0
788	egl-9	3	29	0
788	egl-9	3	29	0
789	egl-9	3	29	0
789	egl-9	3	29	0
790	egl-9	3	29	0
790	egl-9	3	29	0
791	egl-9	3	29	0
791	egl-9	3	29	0
792	egl-9	3	31	0
792	egl-9	3	31	0
793	egl-9	3	31	0
793	egl-9	3	31	0
794	egl-9	3	31	0
794	egl-9	3	31	0
795	egl-9	3	34	0
795	egl-9	3	34	0
796	egl-9	3	34	0
796	egl-9	3	34	0
797	egl-9	3	34	0
797	egl-9	3	34	0
798	egl-9	3	34	0
798	egl-9	3	34	0
799	egl-9	3	34	0
799	egl-9	3	34	0
800	egl-9	3	34	0
800	egl-9	3	34	0
801	egl-9	3	34	0
801	egl-9	3	34	0
802	egl-9	3	36	0
802	egl-9	3	36	0
803	egl-9	3	36	0
803	egl-9	3	36	0
804	egl-9	3	36	0
804	egl-9	3	36	0
805	egl-9	3	36	0
805	egl-9	3	36	0
806	egl-9	3	36	0
806	egl-9	3	36	0
807	egl-9	3	15	2
807	egl-9	3	15	2
808	egl-9	3	20	2
808	egl-9	3	20	2
809	egl-9	3	22	2
809	egl-9	3	22	2
810	egl-9	3	22	2
810	egl-9	3	22	2
811	egl-9	3	17	3
811	egl-9	3	17	3
812	egl-9(n571)	1	14	0
812	egl-9(n571)	1	14	0
813	egl-9(n571)	1	14	0
813	egl-9(n571)	1	14	0
814	egl-9(n571)	1	16	0
814	egl-9(n571)	1	16	0
815	egl-9(n571)	1	16	0
815	egl-9(n571)	1	16	0
816	egl-9(n571)	1	16	0
816	egl-9(n571)	1	16	0
817	egl-9(n571)	1	16	0
817	egl-9(n571)	1	16	0
818	egl-9(n571)	1	16	0
818	egl-9(n571)	1	16	0
819	egl-9(n571)	1	16	0
819	egl-9(n571)	1	16	0
820	egl-9(n571)	1	16	0
820	egl-9(n571)	1	16	0
821	egl-9(n571)	1	16	0
821	egl-9(n571)	1	16	0
822	egl-9(n571)	1	18	0
822	egl-9(n571)	1	18	0
823	egl-9(n571)	1	18	0
823	egl-9(n571)	1	18	0
824	egl-9(n571)	1	18	0
824	egl-9(n571)	1	18	0
825	egl-9(n571)	1	18	0
825	egl-9(n571)	1	18	0
826	egl-9(n571)	1	18	0
826	egl-9(n571)	1	18	0
827	egl-9(n571)	1	18	0
827	egl-9(n571)	1	18	0
828	egl-9(n571)	1	18	0
828	egl-9(n571)	1	18	0
829	egl-9(n571)	1	21	0
829	egl-9(n571)	1	21	0
830	egl-9(n571)	1	21	0
830	egl-9(n571)	1	21	0
831	egl-9(n571)	1	21	0
831	egl-9(n571)	1	21	0
832	egl-9(n571)	1	21	0
832	egl-9(n571)	1	21	0
833	egl-9(n571)	1	23	0
833	egl-9(n571)	1	23	0
834	egl-9(n571)	1	23	0
834	egl-9(n571)	1	23	0
835	egl-9(n571)	1	23	0
835	egl-9(n571)	1	23	0
836	egl-9(n571)	1	23	0
836	egl-9(n571)	1	23	0
837	egl-9(n571)	1	23	0
837	egl-9(n571)	1	23	0
838	egl-9(n571)	1	23	0
838	egl-9(n571)	1	23	0
839	egl-9(n571)	1	23	0
839	egl-9(n571)	1	23	0
840	egl-9(n571)	1	23	0
840	egl-9(n571)	1	23	0
841	egl-9(n571)	1	23	0
841	egl-9(n571)	1	23	0
842	egl-9(n571)	1	25	0
842	egl-9(n571)	1	25	0
843	egl-9(n571)	1	25	0
843	egl-9(n571)	1	25	0
844	egl-9(n571)	1	25	0
844	egl-9(n571)	1	25	0
845	egl-9(n571)	1	25	0
845	egl-9(n571)	1	25	0
846	egl-9(n571)	1	25	0
846	egl-9(n571)	1	25	0
847	egl-9(n571)	1	25	0
847	egl-9(n571)	1	25	0
848	egl-9(n571)	1	25	0
848	egl-9(n571)	1	25	0
849	egl-9(n571)	1	25	0
849	egl-9(n571)	1	25	0
850	egl-9(n571)	1	25	0
850	egl-9(n571)	1	25	0
851	egl-9(n571)	1	25	0
851	egl-9(n571)	1	25	0
852	egl-9(n571)	1	25	0
852	egl-9(n571)	1	25	0
853	egl-9(n571)	1	25	0
853	egl-9(n571)	1	25	0
854	egl-9(n571)	1	25	0
854	egl-9(n571)	1	25	0
855	egl-9(n571)	1	28	0
855	egl-9(n571)	1	28	0
856	egl-9(n571)	1	28	0
856	egl-9(n571)	1	28	0
857	egl-9(n571)	1	28	0
857	egl-9(n571)	1	28	0
858	egl-9(n571)	1	28	0
858	egl-9(n571)	1	28	0
859	egl-9(n571)	1	28	0
859	egl-9(n571)	1	28	0
860	egl-9(n571)	1	28	0
860	egl-9(n571)	1	28	0
861	egl-9(n571)	1	28	0
861	egl-9(n571)	1	28	0
862	egl-9(n571)	1	28	0
862	egl-9(n571)	1	28	0
863	egl-9(n571)	1	28	0
863	egl-9(n571)	1	28	0
864	egl-9(n571)	1	28	0
864	egl-9(n571)	1	28	0
865	egl-9(n571)	1	28	0
865	egl-9(n571)	1	28	0
866	egl-9(n571)	1	28	0
866	egl-9(n571)	1	28	0
867	egl-9(n571)	1	28	0
867	egl-9(n571)	1	28	0
868	egl-9(n571)	1	28	0
868	egl-9(n571)	1	28	0
869	egl-9(n571)	1	28	0
869	egl-9(n571)	1	28	0
870	egl-9(n571)	1	30	0
870	egl-9(n571)	1	30	0
871	egl-9(n571)	1	30	0
871	egl-9(n571)	1	30	0
872	egl-9(n571)	1	30	0
872	egl-9(n571)	1	30	0
873	egl-9(n571)	1	30	0
873	egl-9(n571)	1	30	0
874	egl-9(n571)	1	30	0
874	egl-9(n571)	1	30	0
875	egl-9(n571)	1	30	0
875	egl-9(n571)	1	30	0
876	egl-9(n571)	1	30	0
876	egl-9(n571)	1	30	0
877	egl-9(n571)	1	30	0
877	egl-9(n571)	1	30	0
878	egl-9(n571)	1	30	0
878	egl-9(n571)	1	30	0
879	egl-9(n571)	1	30	0
879	egl-9(n571)	1	30	0
880	egl-9(n571)	1	32	0
880	egl-9(n571)	1	32	0
881	egl-9(n571)	1	32	0
881	egl-9(n571)	1	32	0
882	egl-9(n571)	1	32	0
882	egl-9(n571)	1	32	0
883	egl-9(n571)	1	32	0
883	egl-9(n571)	1	32	0
884	egl-9(n571)	1	35	0
884	egl-9(n571)	1	35	0
885	egl-9(n571)	1	35	0
885	egl-9(n571)	1	35	0
886	egl-9(n571)	1	35	0
886	egl-9(n571)	1	35	0
887	egl-9(n571)	1	14	2
887	egl-9(n571)	1	14	2
888	egl-9(n571)	1	21	2
888	egl-9(n571)	1	21	2
889	egl-9(n571)	1	21	2
889	egl-9(n571)	1	21	2
890	egl-9(n571)	1	23	2
890	egl-9(n571)	1	23	2
891	egl-9(n571)	1	23	2
891	egl-9(n571)	1	23	2
892	egl-9(n571)	1	23	2
892	egl-9(n571)	1	23	2
893	egl-9(n571)	1	25	2
893	egl-9(n571)	1	25	2
894	egl-9(n571)	1	25	2
894	egl-9(n571)	1	25	2
895	egl-9(n571)	1	25	2
895	egl-9(n571)	1	25	2
896	egl-9(n571)	1	28	2
896	egl-9(n571)	1	28	2
897	egl-9(n571)	1	28	3
897	egl-9(n571)	1	28	3
898	egl-9(n571)	1	28	3
898	egl-9(n571)	1	28	3
899	egl-9(n571)	1	28	3
899	egl-9(n571)	1	28	3
900	egl-9(n571)	2	14	0
900	egl-9(n571)	2	14	0
901	egl-9(n571)	2	16	0
901	egl-9(n571)	2	16	0
902	egl-9(n571)	2	16	0
902	egl-9(n571)	2	16	0
903	egl-9(n571)	2	16	0
903	egl-9(n571)	2	16	0
904	egl-9(n571)	2	16	0
904	egl-9(n571)	2	16	0
905	egl-9(n571)	2	16	0
905	egl-9(n571)	2	16	0
906	egl-9(n571)	2	16	0
906	egl-9(n571)	2	16	0
907	egl-9(n571)	2	16	0
907	egl-9(n571)	2	16	0
908	egl-9(n571)	2	16	0
908	egl-9(n571)	2	16	0
909	egl-9(n571)	2	18	0
909	egl-9(n571)	2	18	0
910	egl-9(n571)	2	18	0
910	egl-9(n571)	2	18	0
911	egl-9(n571)	2	18	0
911	egl-9(n571)	2	18	0
912	egl-9(n571)	2	18	0
912	egl-9(n571)	2	18	0
913	egl-9(n571)	2	18	0
913	egl-9(n571)	2	18	0
914	egl-9(n571)	2	21	0
914	egl-9(n571)	2	21	0
915	egl-9(n571)	2	21	0
915	egl-9(n571)	2	21	0
916	egl-9(n571)	2	21	0
916	egl-9(n571)	2	21	0
917	egl-9(n571)	2	21	0
917	egl-9(n571)	2	21	0
918	egl-9(n571)	2	21	0
918	egl-9(n571)	2	21	0
919	egl-9(n571)	2	21	0
919	egl-9(n571)	2	21	0
920	egl-9(n571)	2	23	0
920	egl-9(n571)	2	23	0
921	egl-9(n571)	2	23	0
921	egl-9(n571)	2	23	0
922	egl-9(n571)	2	23	0
922	egl-9(n571)	2	23	0
923	egl-9(n571)	2	23	0
923	egl-9(n571)	2	23	0
924	egl-9(n571)	2	23	0
924	egl-9(n571)	2	23	0
925	egl-9(n571)	2	23	0
925	egl-9(n571)	2	23	0
926	egl-9(n571)	2	23	0
926	egl-9(n571)	2	23	0
927	egl-9(n571)	2	23	0
927	egl-9(n571)	2	23	0
928	egl-9(n571)	2	25	0
928	egl-9(n571)	2	25	0
929	egl-9(n571)	2	25	0
929	egl-9(n571)	2	25	0
930	egl-9(n571)	2	25	0
930	egl-9(n571)	2	25	0
931	egl-9(n571)	2	25	0
931	egl-9(n571)	2	25	0
932	egl-9(n571)	2	25	0
932	egl-9(n571)	2	25	0
933	egl-9(n571)	2	25	0
933	egl-9(n571)	2	25	0
934	egl-9(n571)	2	25	0
934	egl-9(n571)	2	25	0
935	egl-9(n571)	2	25	0
935	egl-9(n571)	2	25	0
936	egl-9(n571)	2	25	0
936	egl-9(n571)	2	25	0
937	egl-9(n571)	2	25	0
937	egl-9(n571)	2	25	0
938	egl-9(n571)	2	25	0
938	egl-9(n571)	2	25	0
939	egl-9(n571)	2	25	0
939	egl-9(n571)	2	25	0
940	egl-9(n571)	2	25	0
940	egl-9(n571)	2	25	0
941	egl-9(n571)	2	25	0
941	egl-9(n571)	2	25	0
942	egl-9(n571)	2	25	0
942	egl-9(n571)	2	25	0
943	egl-9(n571)	2	25	0
943	egl-9(n571)	2	25	0
944	egl-9(n571)	2	28	0
944	egl-9(n571)	2	28	0
945	egl-9(n571)	2	28	0
945	egl-9(n571)	2	28	0
946	egl-9(n571)	2	28	0
946	egl-9(n571)	2	28	0
947	egl-9(n571)	2	28	0
947	egl-9(n571)	2	28	0
948	egl-9(n571)	2	28	0
948	egl-9(n571)	2	28	0
949	egl-9(n571)	2	28	0
949	egl-9(n571)	2	28	0
950	egl-9(n571)	2	28	0
950	egl-9(n571)	2	28	0
951	egl-9(n571)	2	28	0
951	egl-9(n571)	2	28	0
952	egl-9(n571)	2	28	0
952	egl-9(n571)	2	28	0
953	egl-9(n571)	2	28	0
953	egl-9(n571)	2	28	0
954	egl-9(n571)	2	28	0
954	egl-9(n571)	2	28	0
955	egl-9(n571)	2	28	0
955	egl-9(n571)	2	28	0
956	egl-9(n571)	2	28	0
956	egl-9(n571)	2	28	0
957	egl-9(n571)	2	28	0
957	egl-9(n571)	2	28	0
958	egl-9(n571)	2	28	0
958	egl-9(n571)	2	28	0
959	egl-9(n571)	2	28	0
959	egl-9(n571)	2	28	0
960	egl-9(n571)	2	30	0
960	egl-9(n571)	2	30	0
961	egl-9(n571)	2	30	0
961	egl-9(n571)	2	30	0
962	egl-9(n571)	2	30	0
962	egl-9(n571)	2	30	0
963	egl-9(n571)	2	30	0
963	egl-9(n571)	2	30	0
964	egl-9(n571)	2	30	0
964	egl-9(n571)	2	30	0
965	egl-9(n571)	2	30	0
965	egl-9(n571)	2	30	0
966	egl-9(n571)	2	30	0
966	egl-9(n571)	2	30	0
967	egl-9(n571)	2	30	0
967	egl-9(n571)	2	30	0
968	egl-9(n571)	2	30	0
968	egl-9(n571)	2	30	0
969	egl-9(n571)	2	30	0
969	egl-9(n571)	2	30	0
970	egl-9(n571)	2	30	0
970	egl-9(n571)	2	30	0
971	egl-9(n571)	2	30	0
971	egl-9(n571)	2	30	0
972	egl-9(n571)	2	30	0
972	egl-9(n571)	2	30	0
973	egl-9(n571)	2	30	0
973	egl-9(n571)	2	30	0
974	egl-9(n571)	2	30	0
974	egl-9(n571)	2	30	0
975	egl-9(n571)	2	30	0
975	egl-9(n571)	2	30	0
976	egl-9(n571)	2	30	0
976	egl-9(n571)	2	30	0
977	egl-9(n571)	2	30	0
977	egl-9(n571)	2	30	0
978	egl-9(n571)	2	30	0
978	egl-9(n571)	2	30	0
979	egl-9(n571)	2	30	0
979	egl-9(n571)	2	30	0
980	egl-9(n571)	2	30	0
980	egl-9(n571)	2	30	0
981	egl-9(n571)	2	30	0
981	egl-9(n571)	2	30	0
982	egl-9(n571)	2	30	0
982	egl-9(n571)	2	30	0
983	egl-9(n571)	2	30	0
983	egl-9(n571)	2	30	0
984	egl-9(n571)	2	32	0
984	egl-9(n571)	2	32	0
985	egl-9(n571)	2	32	0
985	egl-9(n571)	2	32	0
986	egl-9(n571)	2	32	0
986	egl-9(n571)	2	32	0
987	egl-9(n571)	2	32	0
987	egl-9(n571)	2	32	0
988	egl-9(n571)	2	32	0
988	egl-9(n571)	2	32	0
989	egl-9(n571)	2	32	0
989	egl-9(n571)	2	32	0
990	egl-9(n571)	2	32	0
990	egl-9(n571)	2	32	0
991	egl-9(n571)	2	32	0
991	egl-9(n571)	2	32	0
992	egl-9(n571)	2	32	0
992	egl-9(n571)	2	32	0
993	egl-9(n571)	2	32	0
993	egl-9(n571)	2	32	0
994	egl-9(n571)	2	32	0
994	egl-9(n571)	2	32	0
995	egl-9(n571)	2	32	0
995	egl-9(n571)	2	32	0
996	egl-9(n571)	2	32	0
996	egl-9(n571)	2	32	0
997	egl-9(n571)	2	32	0
997	egl-9(n571)	2	32	0
998	egl-9(n571)	2	32	0
998	egl-9(n571)	2	32	0
999	egl-9(n571)	2	32	0
999	egl-9(n571)	2	32	0
1000	egl-9(n571)	2	35	0
1000	egl-9(n571)	2	35	0
1001	egl-9(n571)	2	35	0
1001	egl-9(n571)	2	35	0
1002	egl-9(n571)	2	35	0
1002	egl-9(n571)	2	35	0
1003	egl-9(n571)	2	35	0
1003	egl-9(n571)	2	35	0
1004	egl-9(n571)	2	35	0
1004	egl-9(n571)	2	35	0
1005	egl-9(n571)	2	37	0
1005	egl-9(n571)	2	37	0
1006	egl-9(n571)	2	37	0
1006	egl-9(n571)	2	37	0
1007	egl-9(n571)	2	39	0
1007	egl-9(n571)	2	39	0
1008	egl-9(n571)	2	39	0
1008	egl-9(n571)	2	39	0
1009	egl-9(n571)	2	42	0
1009	egl-9(n571)	2	42	0
1010	egl-9(n571)	2	21	2
1010	egl-9(n571)	2	21	2
1011	egl-9(n571)	2	21	3
1011	egl-9(n571)	2	21	3
1012	egl-9(n571)	2	23	3
1012	egl-9(n571)	2	23	3
1013	egl-9(n571)	2	23	3
1013	egl-9(n571)	2	23	3
1014	egl-9(n571)	2	23	3
1014	egl-9(n571)	2	23	3
1015	egl-9(n571)	2	23	3
1015	egl-9(n571)	2	23	3
1016	egl-9(n571)	2	23	3
1016	egl-9(n571)	2	23	3
1017	egl-9(n571)	2	25	3
1017	egl-9(n571)	2	25	3
1018	egl-9(n571)	2	25	3
1018	egl-9(n571)	2	25	3
1019	egl-9(n571)	2	28	3
1019	egl-9(n571)	2	28	3
1020	egl-9(n571)	3	14	0
1020	egl-9(n571)	3	14	0
1021	egl-9(n571)	3	14	0
1021	egl-9(n571)	3	14	0
1022	egl-9(n571)	3	14	0
1022	egl-9(n571)	3	14	0
1023	egl-9(n571)	3	16	0
1023	egl-9(n571)	3	16	0
1024	egl-9(n571)	3	16	0
1024	egl-9(n571)	3	16	0
1025	egl-9(n571)	3	16	0
1025	egl-9(n571)	3	16	0
1026	egl-9(n571)	3	16	0
1026	egl-9(n571)	3	16	0
1027	egl-9(n571)	3	18	0
1027	egl-9(n571)	3	18	0
1028	egl-9(n571)	3	18	0
1028	egl-9(n571)	3	18	0
1029	egl-9(n571)	3	18	0
1029	egl-9(n571)	3	18	0
1030	egl-9(n571)	3	18	0
1030	egl-9(n571)	3	18	0
1031	egl-9(n571)	3	21	0
1031	egl-9(n571)	3	21	0
1032	egl-9(n571)	3	21	0
1032	egl-9(n571)	3	21	0
1033	egl-9(n571)	3	21	0
1033	egl-9(n571)	3	21	0
1034	egl-9(n571)	3	21	0
1034	egl-9(n571)	3	21	0
1035	egl-9(n571)	3	21	0
1035	egl-9(n571)	3	21	0
1036	egl-9(n571)	3	21	0
1036	egl-9(n571)	3	21	0
1037	egl-9(n571)	3	21	0
1037	egl-9(n571)	3	21	0
1038	egl-9(n571)	3	21	0
1038	egl-9(n571)	3	21	0
1039	egl-9(n571)	3	21	0
1039	egl-9(n571)	3	21	0
1040	egl-9(n571)	3	21	0
1040	egl-9(n571)	3	21	0
1041	egl-9(n571)	3	23	0
1041	egl-9(n571)	3	23	0
1042	egl-9(n571)	3	23	0
1042	egl-9(n571)	3	23	0
1043	egl-9(n571)	3	23	0
1043	egl-9(n571)	3	23	0
1044	egl-9(n571)	3	23	0
1044	egl-9(n571)	3	23	0
1045	egl-9(n571)	3	23	0
1045	egl-9(n571)	3	23	0
1046	egl-9(n571)	3	23	0
1046	egl-9(n571)	3	23	0
1047	egl-9(n571)	3	23	0
1047	egl-9(n571)	3	23	0
1048	egl-9(n571)	3	23	0
1048	egl-9(n571)	3	23	0
1049	egl-9(n571)	3	23	0
1049	egl-9(n571)	3	23	0
1050	egl-9(n571)	3	23	0
1050	egl-9(n571)	3	23	0
1051	egl-9(n571)	3	25	0
1051	egl-9(n571)	3	25	0
1052	egl-9(n571)	3	25	0
1052	egl-9(n571)	3	25	0
1053	egl-9(n571)	3	25	0
1053	egl-9(n571)	3	25	0
1054	egl-9(n571)	3	25	0
1054	egl-9(n571)	3	25	0
1055	egl-9(n571)	3	25	0
1055	egl-9(n571)	3	25	0
1056	egl-9(n571)	3	25	0
1056	egl-9(n571)	3	25	0
1057	egl-9(n571)	3	25	0
1057	egl-9(n571)	3	25	0
1058	egl-9(n571)	3	25	0
1058	egl-9(n571)	3	25	0
1059	egl-9(n571)	3	25	0
1059	egl-9(n571)	3	25	0
1060	egl-9(n571)	3	25	0
1060	egl-9(n571)	3	25	0
1061	egl-9(n571)	3	25	0
1061	egl-9(n571)	3	25	0
1062	egl-9(n571)	3	25	0
1062	egl-9(n571)	3	25	0
1063	egl-9(n571)	3	25	0
1063	egl-9(n571)	3	25	0
1064	egl-9(n571)	3	28	0
1064	egl-9(n571)	3	28	0
1065	egl-9(n571)	3	28	0
1065	egl-9(n571)	3	28	0
1066	egl-9(n571)	3	28	0
1066	egl-9(n571)	3	28	0
1067	egl-9(n571)	3	28	0
1067	egl-9(n571)	3	28	0
1068	egl-9(n571)	3	28	0
1068	egl-9(n571)	3	28	0
1069	egl-9(n571)	3	28	0
1069	egl-9(n571)	3	28	0
1070	egl-9(n571)	3	28	0
1070	egl-9(n571)	3	28	0
1071	egl-9(n571)	3	28	0
1071	egl-9(n571)	3	28	0
1072	egl-9(n571)	3	28	0
1072	egl-9(n571)	3	28	0
1073	egl-9(n571)	3	28	0
1073	egl-9(n571)	3	28	0
1074	egl-9(n571)	3	28	0
1074	egl-9(n571)	3	28	0
1075	egl-9(n571)	3	28	0
1075	egl-9(n571)	3	28	0
1076	egl-9(n571)	3	28	0
1076	egl-9(n571)	3	28	0
1077	egl-9(n571)	3	28	0
1077	egl-9(n571)	3	28	0
1078	egl-9(n571)	3	28	0
1078	egl-9(n571)	3	28	0
1079	egl-9(n571)	3	28	0
1079	egl-9(n571)	3	28	0
1080	egl-9(n571)	3	28	0
1080	egl-9(n571)	3	28	0
1081	egl-9(n571)	3	30	0
1081	egl-9(n571)	3	30	0
1082	egl-9(n571)	3	30	0
1082	egl-9(n571)	3	30	0
1083	egl-9(n571)	3	30	0
1083	egl-9(n571)	3	30	0
1084	egl-9(n571)	3	30	0
1084	egl-9(n571)	3	30	0
1085	egl-9(n571)	3	30	0
1085	egl-9(n571)	3	30	0
1086	egl-9(n571)	3	30	0
1086	egl-9(n571)	3	30	0
1087	egl-9(n571)	3	30	0
1087	egl-9(n571)	3	30	0
1088	egl-9(n571)	3	30	0
1088	egl-9(n571)	3	30	0
1089	egl-9(n571)	3	30	0
1089	egl-9(n571)	3	30	0
1090	egl-9(n571)	3	30	0
1090	egl-9(n571)	3	30	0
1091	egl-9(n571)	3	30	0
1091	egl-9(n571)	3	30	0
1092	egl-9(n571)	3	30	0
1092	egl-9(n571)	3	30	0
1093	egl-9(n571)	3	32	0
1093	egl-9(n571)	3	32	0
1094	egl-9(n571)	3	32	0
1094	egl-9(n571)	3	32	0
1095	egl-9(n571)	3	32	0
1095	egl-9(n571)	3	32	0
1096	egl-9(n571)	3	32	0
1096	egl-9(n571)	3	32	0
1097	egl-9(n571)	3	32	0
1097	egl-9(n571)	3	32	0
1098	egl-9(n571)	3	32	0
1098	egl-9(n571)	3	32	0
1099	egl-9(n571)	3	32	0
1099	egl-9(n571)	3	32	0
1100	egl-9(n571)	3	35	0
1100	egl-9(n571)	3	35	0
1101	egl-9(n571)	3	35	0
1101	egl-9(n571)	3	35	0
1102	egl-9(n571)	3	35	0
1102	egl-9(n571)	3	35	0
1103	egl-9(n571)	3	35	0
1103	egl-9(n571)	3	35	0
1104	egl-9(n571)	3	37	0
1104	egl-9(n571)	3	37	0
1105	egl-9(n571)	3	37	0
1105	egl-9(n571)	3	37	0
1106	egl-9(n571)	3	21	2
1106	egl-9(n571)	3	21	2
1107	egl-9(n571)	3	23	2
1107	egl-9(n571)	3	23	2
1108	egl-9(n571)	3	23	2
1108	egl-9(n571)	3	23	2
1109	egl-9(n571)	3	25	2
1109	egl-9(n571)	3	25	2
1110	egl-9(n571)	3	25	2
1110	egl-9(n571)	3	25	2
1111	egl-9(n571)	3	28	2
1111	egl-9(n571)	3	28	2
1112	egl-9(n571)	3	28	2
1112	egl-9(n571)	3	28	2
1113	egl-9(n571)	3	16	3
1113	egl-9(n571)	3	16	3
1114	egl-9(n571)	3	21	3
1114	egl-9(n571)	3	21	3
1115	egl-9(n571)	3	23	3
1115	egl-9(n571)	3	23	3
1116	egl-9(n571)	3	28	3
1116	egl-9(n571)	3	28	3
1117	rhy-1	1	10	0
1117	rhy-1	1	10	0
1118	rhy-1	1	14	0
1118	rhy-1	1	14	0
1119	rhy-1	1	14	0
1119	rhy-1	1	14	0
1120	rhy-1	1	14	0
1120	rhy-1	1	14	0
1121	rhy-1	1	14	0
1121	rhy-1	1	14	0
1122	rhy-1	1	16	0
1122	rhy-1	1	16	0
1123	rhy-1	1	18	0
1123	rhy-1	1	18	0
1124	rhy-1	1	21	0
1124	rhy-1	1	21	0
1125	rhy-1	1	21	0
1125	rhy-1	1	21	0
1126	rhy-1	1	21	0
1126	rhy-1	1	21	0
1127	rhy-1	1	21	0
1127	rhy-1	1	21	0
1128	rhy-1	1	21	0
1128	rhy-1	1	21	0
1129	rhy-1	1	21	0
1129	rhy-1	1	21	0
1130	rhy-1	1	21	0
1130	rhy-1	1	21	0
1131	rhy-1	1	23	0
1131	rhy-1	1	23	0
1132	rhy-1	1	23	0
1132	rhy-1	1	23	0
1133	rhy-1	1	23	0
1133	rhy-1	1	23	0
1134	rhy-1	1	23	0
1134	rhy-1	1	23	0
1135	rhy-1	1	23	0
1135	rhy-1	1	23	0
1136	rhy-1	1	23	0
1136	rhy-1	1	23	0
1137	rhy-1	1	23	0
1137	rhy-1	1	23	0
1138	rhy-1	1	25	0
1138	rhy-1	1	25	0
1139	rhy-1	1	25	0
1139	rhy-1	1	25	0
1140	rhy-1	1	25	0
1140	rhy-1	1	25	0
1141	rhy-1	1	28	0
1141	rhy-1	1	28	0
1142	rhy-1	1	14	1
1142	rhy-1	1	14	1
1143	rhy-1	1	14	2
1143	rhy-1	1	14	2
1144	rhy-1	1	14	2
1144	rhy-1	1	14	2
1145	rhy-1	1	16	2
1145	rhy-1	1	16	2
1146	rhy-1	1	16	2
1146	rhy-1	1	16	2
1147	rhy-1	1	16	2
1147	rhy-1	1	16	2
1148	rhy-1	1	18	2
1148	rhy-1	1	18	2
1149	rhy-1	1	18	2
1149	rhy-1	1	18	2
1150	rhy-1	1	18	2
1150	rhy-1	1	18	2
1151	rhy-1	1	18	2
1151	rhy-1	1	18	2
1152	rhy-1	1	21	2
1152	rhy-1	1	21	2
1153	rhy-1	1	23	2
1153	rhy-1	1	23	2
1154	rhy-1	1	23	2
1154	rhy-1	1	23	2
1155	rhy-1	1	10	3
1155	rhy-1	1	10	3
1156	rhy-1	1	10	3
1156	rhy-1	1	10	3
1157	rhy-1	1	14	3
1157	rhy-1	1	14	3
1158	rhy-1	1	14	3
1158	rhy-1	1	14	3
1159	rhy-1	1	14	3
1159	rhy-1	1	14	3
1160	rhy-1	1	14	3
1160	rhy-1	1	14	3
1161	rhy-1	1	14	3
1161	rhy-1	1	14	3
1162	rhy-1	1	14	3
1162	rhy-1	1	14	3
1163	rhy-1	1	14	3
1163	rhy-1	1	14	3
1164	rhy-1	1	14	3
1164	rhy-1	1	14	3
1165	rhy-1	1	16	3
1165	rhy-1	1	16	3
1166	rhy-1	1	16	3
1166	rhy-1	1	16	3
1167	rhy-1	1	16	3
1167	rhy-1	1	16	3
1168	rhy-1	1	16	3
1168	rhy-1	1	16	3
1169	rhy-1	1	18	3
1169	rhy-1	1	18	3
1170	rhy-1	1	18	3
1170	rhy-1	1	18	3
1171	rhy-1	1	18	3
1171	rhy-1	1	18	3
1172	rhy-1	1	18	3
1172	rhy-1	1	18	3
1173	rhy-1	2	10	0
1173	rhy-1	2	10	0
1174	rhy-1	2	10	0
1174	rhy-1	2	10	0
1175	rhy-1	2	14	0
1175	rhy-1	2	14	0
1176	rhy-1	2	14	0
1176	rhy-1	2	14	0
1177	rhy-1	2	14	0
1177	rhy-1	2	14	0
1178	rhy-1	2	14	0
1178	rhy-1	2	14	0
1179	rhy-1	2	14	0
1179	rhy-1	2	14	0
1180	rhy-1	2	14	0
1180	rhy-1	2	14	0
1181	rhy-1	2	14	0
1181	rhy-1	2	14	0
1182	rhy-1	2	16	0
1182	rhy-1	2	16	0
1183	rhy-1	2	16	0
1183	rhy-1	2	16	0
1184	rhy-1	2	18	0
1184	rhy-1	2	18	0
1185	rhy-1	2	21	0
1185	rhy-1	2	21	0
1186	rhy-1	2	21	0
1186	rhy-1	2	21	0
1187	rhy-1	2	21	0
1187	rhy-1	2	21	0
1188	rhy-1	2	21	0
1188	rhy-1	2	21	0
1189	rhy-1	2	21	0
1189	rhy-1	2	21	0
1190	rhy-1	2	21	0
1190	rhy-1	2	21	0
1191	rhy-1	2	21	0
1191	rhy-1	2	21	0
1192	rhy-1	2	23	0
1192	rhy-1	2	23	0
1193	rhy-1	2	23	0
1193	rhy-1	2	23	0
1194	rhy-1	2	23	0
1194	rhy-1	2	23	0
1195	rhy-1	2	23	0
1195	rhy-1	2	23	0
1196	rhy-1	2	23	0
1196	rhy-1	2	23	0
1197	rhy-1	2	23	0
1197	rhy-1	2	23	0
1198	rhy-1	2	23	0
1198	rhy-1	2	23	0
1199	rhy-1	2	23	0
1199	rhy-1	2	23	0
1200	rhy-1	2	23	0
1200	rhy-1	2	23	0
1201	rhy-1	2	25	0
1201	rhy-1	2	25	0
1202	rhy-1	2	25	0
1202	rhy-1	2	25	0
1203	rhy-1	2	25	0
1203	rhy-1	2	25	0
1204	rhy-1	2	25	0
1204	rhy-1	2	25	0
1205	rhy-1	2	28	0
1205	rhy-1	2	28	0
1206	rhy-1	2	28	0
1206	rhy-1	2	28	0
1207	rhy-1	2	30	0
1207	rhy-1	2	30	0
1208	rhy-1	2	16	1
1208	rhy-1	2	16	1
1209	rhy-1	2	14	2
1209	rhy-1	2	14	2
1210	rhy-1	2	14	2
1210	rhy-1	2	14	2
1211	rhy-1	2	16	2
1211	rhy-1	2	16	2
1212	rhy-1	2	16	2
1212	rhy-1	2	16	2
1213	rhy-1	2	16	2
1213	rhy-1	2	16	2
1214	rhy-1	2	16	2
1214	rhy-1	2	16	2
1215	rhy-1	2	16	2
1215	rhy-1	2	16	2
1216	rhy-1	2	16	2
1216	rhy-1	2	16	2
1217	rhy-1	2	18	2
1217	rhy-1	2	18	2
1218	rhy-1	2	18	2
1218	rhy-1	2	18	2
1219	rhy-1	2	18	2
1219	rhy-1	2	18	2
1220	rhy-1	2	18	2
1220	rhy-1	2	18	2
1221	rhy-1	2	18	2
1221	rhy-1	2	18	2
1222	rhy-1	2	23	2
1222	rhy-1	2	23	2
1223	rhy-1	2	10	3
1223	rhy-1	2	10	3
1224	rhy-1	2	10	3
1224	rhy-1	2	10	3
1225	rhy-1	2	10	3
1225	rhy-1	2	10	3
1226	rhy-1	2	14	3
1226	rhy-1	2	14	3
1227	rhy-1	2	14	3
1227	rhy-1	2	14	3
1228	rhy-1	2	14	3
1228	rhy-1	2	14	3
1229	rhy-1	2	14	3
1229	rhy-1	2	14	3
1230	rhy-1	2	14	3
1230	rhy-1	2	14	3
1231	rhy-1	2	16	3
1231	rhy-1	2	16	3
1232	rhy-1	2	16	3
1232	rhy-1	2	16	3
1233	rhy-1	2	16	3
1233	rhy-1	2	16	3
1234	rhy-1	2	16	3
1234	rhy-1	2	16	3
1235	rhy-1	2	18	3
1235	rhy-1	2	18	3
1236	rhy-1	2	18	3
1236	rhy-1	2	18	3
1237	rhy-1	2	18	3
1237	rhy-1	2	18	3
1238	rhy-1	2	18	3
1238	rhy-1	2	18	3
1239	rhy-1	3	10	0
1239	rhy-1	3	10	0
1240	rhy-1	3	14	0
1240	rhy-1	3	14	0
1241	rhy-1	3	14	0
1241	rhy-1	3	14	0
1242	rhy-1	3	16	0
1242	rhy-1	3	16	0
1243	rhy-1	3	16	0
1243	rhy-1	3	16	0
1244	rhy-1	3	16	0
1244	rhy-1	3	16	0
1245	rhy-1	3	18	0
1245	rhy-1	3	18	0
1246	rhy-1	3	18	0
1246	rhy-1	3	18	0
1247	rhy-1	3	21	0
1247	rhy-1	3	21	0
1248	rhy-1	3	21	0
1248	rhy-1	3	21	0
1249	rhy-1	3	21	0
1249	rhy-1	3	21	0
1250	rhy-1	3	21	0
1250	rhy-1	3	21	0
1251	rhy-1	3	21	0
1251	rhy-1	3	21	0
1252	rhy-1	3	21	0
1252	rhy-1	3	21	0
1253	rhy-1	3	21	0
1253	rhy-1	3	21	0
1254	rhy-1	3	21	0
1254	rhy-1	3	21	0
1255	rhy-1	3	21	0
1255	rhy-1	3	21	0
1256	rhy-1	3	21	0
1256	rhy-1	3	21	0
1257	rhy-1	3	21	0
1257	rhy-1	3	21	0
1258	rhy-1	3	23	0
1258	rhy-1	3	23	0
1259	rhy-1	3	23	0
1259	rhy-1	3	23	0
1260	rhy-1	3	23	0
1260	rhy-1	3	23	0
1261	rhy-1	3	23	0
1261	rhy-1	3	23	0
1262	rhy-1	3	23	0
1262	rhy-1	3	23	0
1263	rhy-1	3	25	0
1263	rhy-1	3	25	0
1264	rhy-1	3	25	0
1264	rhy-1	3	25	0
1265	rhy-1	3	25	0
1265	rhy-1	3	25	0
1266	rhy-1	3	25	0
1266	rhy-1	3	25	0
1267	rhy-1	3	25	0
1267	rhy-1	3	25	0
1268	rhy-1	3	25	0
1268	rhy-1	3	25	0
1269	rhy-1	3	28	0
1269	rhy-1	3	28	0
1270	rhy-1	3	28	0
1270	rhy-1	3	28	0
1271	rhy-1	3	14	1
1271	rhy-1	3	14	1
1272	rhy-1	3	16	1
1272	rhy-1	3	16	1
1273	rhy-1	3	14	2
1273	rhy-1	3	14	2
1274	rhy-1	3	14	2
1274	rhy-1	3	14	2
1275	rhy-1	3	16	2
1275	rhy-1	3	16	2
1276	rhy-1	3	16	2
1276	rhy-1	3	16	2
1277	rhy-1	3	16	2
1277	rhy-1	3	16	2
1278	rhy-1	3	16	2
1278	rhy-1	3	16	2
1279	rhy-1	3	18	2
1279	rhy-1	3	18	2
1280	rhy-1	3	18	2
1280	rhy-1	3	18	2
1281	rhy-1	3	18	2
1281	rhy-1	3	18	2
1282	rhy-1	3	23	2
1282	rhy-1	3	23	2
1283	rhy-1	3	10	3
1283	rhy-1	3	10	3
1284	rhy-1	3	10	3
1284	rhy-1	3	10	3
1285	rhy-1	3	10	3
1285	rhy-1	3	10	3
1286	rhy-1	3	10	3
1286	rhy-1	3	10	3
1287	rhy-1	3	10	3
1287	rhy-1	3	10	3
1288	rhy-1	3	14	3
1288	rhy-1	3	14	3
1289	rhy-1	3	14	3
1289	rhy-1	3	14	3
1290	rhy-1	3	14	3
1290	rhy-1	3	14	3
1291	rhy-1	3	14	3
1291	rhy-1	3	14	3
1292	rhy-1	3	16	3
1292	rhy-1	3	16	3
1293	rhy-1	3	16	3
1293	rhy-1	3	16	3
1294	rhy-1	3	16	3
1294	rhy-1	3	16	3
1295	rhy-1	3	18	3
1295	rhy-1	3	18	3
1296	rhy-1	3	18	3
1296	rhy-1	3	18	3
1297	rhy-1	3	18	3
1297	rhy-1	3	18	3
1298	rhy-1	3	18	3
1298	rhy-1	3	18	3
