strain	replicate	age.at.death	rupture	
strain	replicate	age.at.death	rupture	
1	N2	1	21	0
1	N2	1	21	0
2	N2	1	26	0
2	N2	1	26	0
3	N2	1	28	0
3	N2	1	28	0
4	N2	1	30	0
4	N2	1	30	0
5	N2	1	30	0
5	N2	1	30	0
6	N2	1	30	0
6	N2	1	30	0
7	N2	1	30	0
7	N2	1	30	0
8	N2	1	30	0
8	N2	1	30	0
9	N2	1	30	0
9	N2	1	30	0
10	N2	1	33	0
10	N2	1	33	0
11	N2	1	33	0
11	N2	1	33	0
12	N2	1	33	0
12	N2	1	33	0
13	N2	1	35	0
13	N2	1	35	0
14	N2	1	35	0
14	N2	1	35	0
15	N2	1	35	0
15	N2	1	35	0
16	N2	1	35	0
16	N2	1	35	0
17	N2	1	35	0
17	N2	1	35	0
18	N2	1	35	0
18	N2	1	35	0
19	N2	1	35	0
19	N2	1	35	0
20	N2	1	35	0
20	N2	1	35	0
21	N2	1	37	0
21	N2	1	37	0
22	N2	1	37	0
22	N2	1	37	0
23	N2	1	37	0
23	N2	1	37	0
24	N2	1	16	2
24	N2	1	16	2
25	N2	1	19	2
25	N2	1	19	2
26	N2	1	19	2
26	N2	1	19	2
27	N2	1	19	2
27	N2	1	19	2
28	N2	1	19	2
28	N2	1	19	2
29	N2	1	19	2
29	N2	1	19	2
30	N2	1	19	2
30	N2	1	19	2
31	N2	1	19	2
31	N2	1	19	2
32	N2	1	19	2
32	N2	1	19	2
33	N2	1	19	2
33	N2	1	19	2
34	N2	1	19	2
34	N2	1	19	2
35	N2	1	21	2
35	N2	1	21	2
36	N2	1	21	2
36	N2	1	21	2
37	N2	1	21	2
37	N2	1	21	2
38	N2	1	23	2
38	N2	1	23	2
39	N2	1	23	2
39	N2	1	23	2
40	N2	1	23	2
40	N2	1	23	2
41	N2	1	23	2
41	N2	1	23	2
42	N2	1	23	2
42	N2	1	23	2
43	N2	1	23	2
43	N2	1	23	2
44	N2	1	23	2
44	N2	1	23	2
45	N2	1	23	2
45	N2	1	23	2
46	N2	1	23	2
46	N2	1	23	2
47	N2	1	23	2
47	N2	1	23	2
48	N2	1	26	2
48	N2	1	26	2
49	N2	1	26	2
49	N2	1	26	2
50	N2	1	26	2
50	N2	1	26	2
51	N2	1	26	2
51	N2	1	26	2
52	N2	1	26	2
52	N2	1	26	2
53	N2	1	26	2
53	N2	1	26	2
54	N2	1	26	2
54	N2	1	26	2
55	N2	1	26	2
55	N2	1	26	2
56	N2	1	26	2
56	N2	1	26	2
57	N2	1	26	2
57	N2	1	26	2
58	N2	1	26	2
58	N2	1	26	2
59	N2	1	26	2
59	N2	1	26	2
60	N2	1	26	2
60	N2	1	26	2
61	N2	1	28	2
61	N2	1	28	2
62	N2	1	28	2
62	N2	1	28	2
63	N2	1	28	2
63	N2	1	28	2
64	N2	1	28	2
64	N2	1	28	2
65	N2	1	28	2
65	N2	1	28	2
66	N2	1	28	2
66	N2	1	28	2
67	N2	1	28	2
67	N2	1	28	2
68	N2	1	28	2
68	N2	1	28	2
69	N2	1	28	2
69	N2	1	28	2
70	N2	1	28	2
70	N2	1	28	2
71	N2	1	30	2
71	N2	1	30	2
72	N2	1	30	2
72	N2	1	30	2
73	N2	1	30	2
73	N2	1	30	2
74	N2	1	30	2
74	N2	1	30	2
75	N2	1	33	2
75	N2	1	33	2
76	N2	1	33	2
76	N2	1	33	2
77	N2	1	33	2
77	N2	1	33	2
78	N2	1	33	2
78	N2	1	33	2
79	N2	1	33	2
79	N2	1	33	2
80	N2	1	33	2
80	N2	1	33	2
81	N2	1	16	3
81	N2	1	16	3
82	N2	1	16	3
82	N2	1	16	3
83	N2	1	16	3
83	N2	1	16	3
84	N2	1	16	3
84	N2	1	16	3
85	N2	1	19	3
85	N2	1	19	3
86	N2	1	21	3
86	N2	1	21	3
87	N2	1	21	3
87	N2	1	21	3
88	rol-6	1	16	0
88	rol-6	1	16	0
89	rol-6	1	16	0
89	rol-6	1	16	0
90	rol-6	1	19	0
90	rol-6	1	19	0
91	rol-6	1	19	0
91	rol-6	1	19	0
92	rol-6	1	19	0
92	rol-6	1	19	0
93	rol-6	1	23	0
93	rol-6	1	23	0
94	rol-6	1	23	0
94	rol-6	1	23	0
95	rol-6	1	23	0
95	rol-6	1	23	0
96	rol-6	1	26	0
96	rol-6	1	26	0
97	rol-6	1	26	0
97	rol-6	1	26	0
98	rol-6	1	26	0
98	rol-6	1	26	0
99	rol-6	1	26	0
99	rol-6	1	26	0
100	rol-6	1	26	0
100	rol-6	1	26	0
101	rol-6	1	26	0
101	rol-6	1	26	0
102	rol-6	1	28	0
102	rol-6	1	28	0
103	rol-6	1	28	0
103	rol-6	1	28	0
104	rol-6	1	28	0
104	rol-6	1	28	0
105	rol-6	1	28	0
105	rol-6	1	28	0
106	rol-6	1	28	0
106	rol-6	1	28	0
107	rol-6	1	28	0
107	rol-6	1	28	0
108	rol-6	1	28	0
108	rol-6	1	28	0
109	rol-6	1	30	0
109	rol-6	1	30	0
110	rol-6	1	30	0
110	rol-6	1	30	0
111	rol-6	1	30	0
111	rol-6	1	30	0
112	rol-6	1	30	0
112	rol-6	1	30	0
113	rol-6	1	33	0
113	rol-6	1	33	0
114	rol-6	1	33	0
114	rol-6	1	33	0
115	rol-6	1	33	0
115	rol-6	1	33	0
116	rol-6	1	33	0
116	rol-6	1	33	0
117	rol-6	1	33	0
117	rol-6	1	33	0
118	rol-6	1	33	0
118	rol-6	1	33	0
119	rol-6	1	33	0
119	rol-6	1	33	0
120	rol-6	1	33	0
120	rol-6	1	33	0
121	rol-6	1	33	0
121	rol-6	1	33	0
122	rol-6	1	33	0
122	rol-6	1	33	0
123	rol-6	1	35	0
123	rol-6	1	35	0
124	rol-6	1	35	0
124	rol-6	1	35	0
125	rol-6	1	35	0
125	rol-6	1	35	0
126	rol-6	1	37	0
126	rol-6	1	37	0
127	rol-6	1	13	2
127	rol-6	1	13	2
128	rol-6	1	16	2
128	rol-6	1	16	2
129	rol-6	1	16	2
129	rol-6	1	16	2
130	rol-6	1	16	2
130	rol-6	1	16	2
131	rol-6	1	16	2
131	rol-6	1	16	2
132	rol-6	1	16	2
132	rol-6	1	16	2
133	rol-6	1	16	2
133	rol-6	1	16	2
134	rol-6	1	16	2
134	rol-6	1	16	2
135	rol-6	1	19	2
135	rol-6	1	19	2
136	rol-6	1	19	2
136	rol-6	1	19	2
137	rol-6	1	19	2
137	rol-6	1	19	2
138	rol-6	1	19	2
138	rol-6	1	19	2
139	rol-6	1	21	2
139	rol-6	1	21	2
140	rol-6	1	21	2
140	rol-6	1	21	2
141	rol-6	1	21	2
141	rol-6	1	21	2
142	rol-6	1	21	2
142	rol-6	1	21	2
143	rol-6	1	21	2
143	rol-6	1	21	2
144	rol-6	1	23	2
144	rol-6	1	23	2
145	rol-6	1	23	2
145	rol-6	1	23	2
146	rol-6	1	23	2
146	rol-6	1	23	2
147	rol-6	1	23	2
147	rol-6	1	23	2
148	rol-6	1	23	2
148	rol-6	1	23	2
149	rol-6	1	23	2
149	rol-6	1	23	2
150	rol-6	1	23	2
150	rol-6	1	23	2
151	rol-6	1	26	2
151	rol-6	1	26	2
152	rol-6	1	26	2
152	rol-6	1	26	2
153	rol-6	1	26	2
153	rol-6	1	26	2
154	rol-6	1	26	2
154	rol-6	1	26	2
155	rol-6	1	26	2
155	rol-6	1	26	2
156	rol-6	1	28	2
156	rol-6	1	28	2
157	rol-6	1	13	3
157	rol-6	1	13	3
158	rol-6	1	13	3
158	rol-6	1	13	3
159	rol-6	1	16	3
159	rol-6	1	16	3
160	rol-6	1	16	3
160	rol-6	1	16	3
161	rol-6	1	16	3
161	rol-6	1	16	3
162	rol-6	1	19	3
162	rol-6	1	19	3
163	rol-6	1	19	3
163	rol-6	1	19	3
164	rol-6	1	19	3
164	rol-6	1	19	3
165	rol-6	1	19	3
165	rol-6	1	19	3
166	rol-6	1	19	3
166	rol-6	1	19	3
167	rol-6	1	21	3
167	rol-6	1	21	3
168	rol-6	1	23	3
168	rol-6	1	23	3
169	rol-6	2	16	0
169	rol-6	2	16	0
170	rol-6	2	16	0
170	rol-6	2	16	0
171	rol-6	2	16	0
171	rol-6	2	16	0
172	rol-6	2	19	0
172	rol-6	2	19	0
173	rol-6	2	19	0
173	rol-6	2	19	0
174	rol-6	2	21	0
174	rol-6	2	21	0
175	rol-6	2	21	0
175	rol-6	2	21	0
176	rol-6	2	21	0
176	rol-6	2	21	0
177	rol-6	2	21	0
177	rol-6	2	21	0
178	rol-6	2	21	0
178	rol-6	2	21	0
179	rol-6	2	21	0
179	rol-6	2	21	0
180	rol-6	2	23	0
180	rol-6	2	23	0
181	rol-6	2	23	0
181	rol-6	2	23	0
182	rol-6	2	23	0
182	rol-6	2	23	0
183	rol-6	2	23	0
183	rol-6	2	23	0
184	rol-6	2	26	0
184	rol-6	2	26	0
185	rol-6	2	26	0
185	rol-6	2	26	0
186	rol-6	2	26	0
186	rol-6	2	26	0
187	rol-6	2	26	0
187	rol-6	2	26	0
188	rol-6	2	26	0
188	rol-6	2	26	0
189	rol-6	2	26	0
189	rol-6	2	26	0
190	rol-6	2	26	0
190	rol-6	2	26	0
191	rol-6	2	26	0
191	rol-6	2	26	0
192	rol-6	2	28	0
192	rol-6	2	28	0
193	rol-6	2	28	0
193	rol-6	2	28	0
194	rol-6	2	28	0
194	rol-6	2	28	0
195	rol-6	2	28	0
195	rol-6	2	28	0
196	rol-6	2	28	0
196	rol-6	2	28	0
197	rol-6	2	28	0
197	rol-6	2	28	0
198	rol-6	2	28	0
198	rol-6	2	28	0
199	rol-6	2	30	0
199	rol-6	2	30	0
200	rol-6	2	30	0
200	rol-6	2	30	0
201	rol-6	2	30	0
201	rol-6	2	30	0
202	rol-6	2	30	0
202	rol-6	2	30	0
203	rol-6	2	30	0
203	rol-6	2	30	0
204	rol-6	2	30	0
204	rol-6	2	30	0
205	rol-6	2	33	0
205	rol-6	2	33	0
206	rol-6	2	33	0
206	rol-6	2	33	0
207	rol-6	2	33	0
207	rol-6	2	33	0
208	rol-6	2	33	0
208	rol-6	2	33	0
209	rol-6	2	33	0
209	rol-6	2	33	0
210	rol-6	2	33	0
210	rol-6	2	33	0
211	rol-6	2	33	0
211	rol-6	2	33	0
212	rol-6	2	33	0
212	rol-6	2	33	0
213	rol-6	2	33	0
213	rol-6	2	33	0
214	rol-6	2	33	0
214	rol-6	2	33	0
215	rol-6	2	33	0
215	rol-6	2	33	0
216	rol-6	2	33	0
216	rol-6	2	33	0
217	rol-6	2	33	0
217	rol-6	2	33	0
218	rol-6	2	35	0
218	rol-6	2	35	0
219	rol-6	2	37	0
219	rol-6	2	37	0
220	rol-6	2	37	0
220	rol-6	2	37	0
221	rol-6	2	16	2
221	rol-6	2	16	2
222	rol-6	2	16	2
222	rol-6	2	16	2
223	rol-6	2	16	2
223	rol-6	2	16	2
224	rol-6	2	16	2
224	rol-6	2	16	2
225	rol-6	2	19	2
225	rol-6	2	19	2
226	rol-6	2	19	2
226	rol-6	2	19	2
227	rol-6	2	19	2
227	rol-6	2	19	2
228	rol-6	2	19	2
228	rol-6	2	19	2
229	rol-6	2	19	2
229	rol-6	2	19	2
230	rol-6	2	21	2
230	rol-6	2	21	2
231	rol-6	2	23	2
231	rol-6	2	23	2
232	rol-6	2	23	2
232	rol-6	2	23	2
233	rol-6	2	23	2
233	rol-6	2	23	2
234	rol-6	2	23	2
234	rol-6	2	23	2
235	rol-6	2	23	2
235	rol-6	2	23	2
236	rol-6	2	26	2
236	rol-6	2	26	2
237	rol-6	2	26	2
237	rol-6	2	26	2
238	rol-6	2	26	2
238	rol-6	2	26	2
239	rol-6	2	30	2
239	rol-6	2	30	2
240	rol-6	2	30	2
240	rol-6	2	30	2
241	rol-6	2	21	3
241	rol-6	2	21	3
242	rol-6	2	23	3
242	rol-6	2	23	3
243	SKN-1.OX	1	16	0
243	SKN-1.OX	1	16	0
244	SKN-1.OX	1	16	0
244	SKN-1.OX	1	16	0
245	SKN-1.OX	1	19	0
245	SKN-1.OX	1	19	0
246	SKN-1.OX	1	19	0
246	SKN-1.OX	1	19	0
247	SKN-1.OX	1	21	0
247	SKN-1.OX	1	21	0
248	SKN-1.OX	1	21	0
248	SKN-1.OX	1	21	0
249	SKN-1.OX	1	21	0
249	SKN-1.OX	1	21	0
250	SKN-1.OX	1	23	0
250	SKN-1.OX	1	23	0
251	SKN-1.OX	1	23	0
251	SKN-1.OX	1	23	0
252	SKN-1.OX	1	23	0
252	SKN-1.OX	1	23	0
253	SKN-1.OX	1	23	0
253	SKN-1.OX	1	23	0
254	SKN-1.OX	1	23	0
254	SKN-1.OX	1	23	0
255	SKN-1.OX	1	23	0
255	SKN-1.OX	1	23	0
256	SKN-1.OX	1	26	0
256	SKN-1.OX	1	26	0
257	SKN-1.OX	1	26	0
257	SKN-1.OX	1	26	0
258	SKN-1.OX	1	26	0
258	SKN-1.OX	1	26	0
259	SKN-1.OX	1	26	0
259	SKN-1.OX	1	26	0
260	SKN-1.OX	1	26	0
260	SKN-1.OX	1	26	0
261	SKN-1.OX	1	26	0
261	SKN-1.OX	1	26	0
262	SKN-1.OX	1	26	0
262	SKN-1.OX	1	26	0
263	SKN-1.OX	1	26	0
263	SKN-1.OX	1	26	0
264	SKN-1.OX	1	26	0
264	SKN-1.OX	1	26	0
265	SKN-1.OX	1	28	0
265	SKN-1.OX	1	28	0
266	SKN-1.OX	1	28	0
266	SKN-1.OX	1	28	0
267	SKN-1.OX	1	28	0
267	SKN-1.OX	1	28	0
268	SKN-1.OX	1	28	0
268	SKN-1.OX	1	28	0
269	SKN-1.OX	1	28	0
269	SKN-1.OX	1	28	0
270	SKN-1.OX	1	28	0
270	SKN-1.OX	1	28	0
271	SKN-1.OX	1	28	0
271	SKN-1.OX	1	28	0
272	SKN-1.OX	1	28	0
272	SKN-1.OX	1	28	0
273	SKN-1.OX	1	28	0
273	SKN-1.OX	1	28	0
274	SKN-1.OX	1	28	0
274	SKN-1.OX	1	28	0
275	SKN-1.OX	1	28	0
275	SKN-1.OX	1	28	0
276	SKN-1.OX	1	30	0
276	SKN-1.OX	1	30	0
277	SKN-1.OX	1	30	0
277	SKN-1.OX	1	30	0
278	SKN-1.OX	1	30	0
278	SKN-1.OX	1	30	0
279	SKN-1.OX	1	30	0
279	SKN-1.OX	1	30	0
280	SKN-1.OX	1	30	0
280	SKN-1.OX	1	30	0
281	SKN-1.OX	1	30	0
281	SKN-1.OX	1	30	0
282	SKN-1.OX	1	30	0
282	SKN-1.OX	1	30	0
283	SKN-1.OX	1	30	0
283	SKN-1.OX	1	30	0
284	SKN-1.OX	1	30	0
284	SKN-1.OX	1	30	0
285	SKN-1.OX	1	30	0
285	SKN-1.OX	1	30	0
286	SKN-1.OX	1	30	0
286	SKN-1.OX	1	30	0
287	SKN-1.OX	1	33	0
287	SKN-1.OX	1	33	0
288	SKN-1.OX	1	33	0
288	SKN-1.OX	1	33	0
289	SKN-1.OX	1	33	0
289	SKN-1.OX	1	33	0
290	SKN-1.OX	1	33	0
290	SKN-1.OX	1	33	0
291	SKN-1.OX	1	33	0
291	SKN-1.OX	1	33	0
292	SKN-1.OX	1	33	0
292	SKN-1.OX	1	33	0
293	SKN-1.OX	1	33	0
293	SKN-1.OX	1	33	0
294	SKN-1.OX	1	33	0
294	SKN-1.OX	1	33	0
295	SKN-1.OX	1	33	0
295	SKN-1.OX	1	33	0
296	SKN-1.OX	1	33	0
296	SKN-1.OX	1	33	0
297	SKN-1.OX	1	33	0
297	SKN-1.OX	1	33	0
298	SKN-1.OX	1	33	0
298	SKN-1.OX	1	33	0
299	SKN-1.OX	1	33	0
299	SKN-1.OX	1	33	0
300	SKN-1.OX	1	33	0
300	SKN-1.OX	1	33	0
301	SKN-1.OX	1	35	0
301	SKN-1.OX	1	35	0
302	SKN-1.OX	1	35	0
302	SKN-1.OX	1	35	0
303	SKN-1.OX	1	37	0
303	SKN-1.OX	1	37	0
304	SKN-1.OX	1	16	2
304	SKN-1.OX	1	16	2
305	SKN-1.OX	1	16	2
305	SKN-1.OX	1	16	2
306	SKN-1.OX	1	19	2
306	SKN-1.OX	1	19	2
307	SKN-1.OX	1	19	2
307	SKN-1.OX	1	19	2
308	SKN-1.OX	1	19	2
308	SKN-1.OX	1	19	2
309	SKN-1.OX	1	19	2
309	SKN-1.OX	1	19	2
310	SKN-1.OX	1	19	2
310	SKN-1.OX	1	19	2
311	SKN-1.OX	1	21	2
311	SKN-1.OX	1	21	2
312	SKN-1.OX	1	26	2
312	SKN-1.OX	1	26	2
313	SKN-1.OX	1	26	2
313	SKN-1.OX	1	26	2
314	SKN-1.OX	1	26	2
314	SKN-1.OX	1	26	2
315	SKN-1.OX	2	13	0
315	SKN-1.OX	2	13	0
316	SKN-1.OX	2	19	0
316	SKN-1.OX	2	19	0
317	SKN-1.OX	2	19	0
317	SKN-1.OX	2	19	0
318	SKN-1.OX	2	23	0
318	SKN-1.OX	2	23	0
319	SKN-1.OX	2	23	0
319	SKN-1.OX	2	23	0
320	SKN-1.OX	2	23	0
320	SKN-1.OX	2	23	0
321	SKN-1.OX	2	23	0
321	SKN-1.OX	2	23	0
322	SKN-1.OX	2	26	0
322	SKN-1.OX	2	26	0
323	SKN-1.OX	2	26	0
323	SKN-1.OX	2	26	0
324	SKN-1.OX	2	28	0
324	SKN-1.OX	2	28	0
325	SKN-1.OX	2	28	0
325	SKN-1.OX	2	28	0
326	SKN-1.OX	2	28	0
326	SKN-1.OX	2	28	0
327	SKN-1.OX	2	28	0
327	SKN-1.OX	2	28	0
328	SKN-1.OX	2	28	0
328	SKN-1.OX	2	28	0
329	SKN-1.OX	2	28	0
329	SKN-1.OX	2	28	0
330	SKN-1.OX	2	28	0
330	SKN-1.OX	2	28	0
331	SKN-1.OX	2	28	0
331	SKN-1.OX	2	28	0
332	SKN-1.OX	2	28	0
332	SKN-1.OX	2	28	0
333	SKN-1.OX	2	28	0
333	SKN-1.OX	2	28	0
334	SKN-1.OX	2	28	0
334	SKN-1.OX	2	28	0
335	SKN-1.OX	2	28	0
335	SKN-1.OX	2	28	0
336	SKN-1.OX	2	30	0
336	SKN-1.OX	2	30	0
337	SKN-1.OX	2	30	0
337	SKN-1.OX	2	30	0
338	SKN-1.OX	2	30	0
338	SKN-1.OX	2	30	0
339	SKN-1.OX	2	30	0
339	SKN-1.OX	2	30	0
340	SKN-1.OX	2	30	0
340	SKN-1.OX	2	30	0
341	SKN-1.OX	2	30	0
341	SKN-1.OX	2	30	0
342	SKN-1.OX	2	30	0
342	SKN-1.OX	2	30	0
343	SKN-1.OX	2	30	0
343	SKN-1.OX	2	30	0
344	SKN-1.OX	2	30	0
344	SKN-1.OX	2	30	0
345	SKN-1.OX	2	30	0
345	SKN-1.OX	2	30	0
346	SKN-1.OX	2	30	0
346	SKN-1.OX	2	30	0
347	SKN-1.OX	2	30	0
347	SKN-1.OX	2	30	0
348	SKN-1.OX	2	30	0
348	SKN-1.OX	2	30	0
349	SKN-1.OX	2	30	0
349	SKN-1.OX	2	30	0
350	SKN-1.OX	2	33	0
350	SKN-1.OX	2	33	0
351	SKN-1.OX	2	33	0
351	SKN-1.OX	2	33	0
352	SKN-1.OX	2	33	0
352	SKN-1.OX	2	33	0
353	SKN-1.OX	2	33	0
353	SKN-1.OX	2	33	0
354	SKN-1.OX	2	33	0
354	SKN-1.OX	2	33	0
355	SKN-1.OX	2	33	0
355	SKN-1.OX	2	33	0
356	SKN-1.OX	2	33	0
356	SKN-1.OX	2	33	0
357	SKN-1.OX	2	33	0
357	SKN-1.OX	2	33	0
358	SKN-1.OX	2	33	0
358	SKN-1.OX	2	33	0
359	SKN-1.OX	2	33	0
359	SKN-1.OX	2	33	0
360	SKN-1.OX	2	33	0
360	SKN-1.OX	2	33	0
361	SKN-1.OX	2	33	0
361	SKN-1.OX	2	33	0
362	SKN-1.OX	2	33	0
362	SKN-1.OX	2	33	0
363	SKN-1.OX	2	33	0
363	SKN-1.OX	2	33	0
364	SKN-1.OX	2	35	0
364	SKN-1.OX	2	35	0
365	SKN-1.OX	2	35	0
365	SKN-1.OX	2	35	0
366	SKN-1.OX	2	35	0
366	SKN-1.OX	2	35	0
367	SKN-1.OX	2	35	0
367	SKN-1.OX	2	35	0
368	SKN-1.OX	2	16	2
368	SKN-1.OX	2	16	2
369	SKN-1.OX	2	16	2
369	SKN-1.OX	2	16	2
370	SKN-1.OX	2	19	2
370	SKN-1.OX	2	19	2
371	SKN-1.OX	2	19	2
371	SKN-1.OX	2	19	2
372	SKN-1.OX	2	19	2
372	SKN-1.OX	2	19	2
373	SKN-1.OX	2	19	2
373	SKN-1.OX	2	19	2
374	SKN-1.OX	2	19	2
374	SKN-1.OX	2	19	2
375	SKN-1.OX	2	21	2
375	SKN-1.OX	2	21	2
376	SKN-1.OX	2	21	2
376	SKN-1.OX	2	21	2
377	SKN-1.OX	2	21	2
377	SKN-1.OX	2	21	2
378	SKN-1.OX	2	21	2
378	SKN-1.OX	2	21	2
379	SKN-1.OX	2	21	2
379	SKN-1.OX	2	21	2
380	SKN-1.OX	2	21	2
380	SKN-1.OX	2	21	2
381	SKN-1.OX	2	23	2
381	SKN-1.OX	2	23	2
382	SKN-1.OX	2	23	2
382	SKN-1.OX	2	23	2
383	SKN-1.OX	2	23	2
383	SKN-1.OX	2	23	2
384	SKN-1.OX	2	26	2
384	SKN-1.OX	2	26	2
385	SKN-1.OX	2	26	2
385	SKN-1.OX	2	26	2
386	SKN-1.OX	2	28	2
386	SKN-1.OX	2	28	2
387	SKN-1.OX	2	13	3
387	SKN-1.OX	2	13	3
388	rhy-1	1	21	0
388	rhy-1	1	21	0
389	rhy-1	1	21	0
389	rhy-1	1	21	0
390	rhy-1	1	23	0
390	rhy-1	1	23	0
391	rhy-1	1	23	0
391	rhy-1	1	23	0
392	rhy-1	1	26	0
392	rhy-1	1	26	0
393	rhy-1	1	26	0
393	rhy-1	1	26	0
394	rhy-1	1	26	0
394	rhy-1	1	26	0
395	rhy-1	1	28	0
395	rhy-1	1	28	0
396	rhy-1	1	28	0
396	rhy-1	1	28	0
397	rhy-1	1	28	0
397	rhy-1	1	28	0
398	rhy-1	1	30	0
398	rhy-1	1	30	0
399	rhy-1	1	30	0
399	rhy-1	1	30	0
400	rhy-1	1	30	0
400	rhy-1	1	30	0
401	rhy-1	1	33	0
401	rhy-1	1	33	0
402	rhy-1	1	33	0
402	rhy-1	1	33	0
403	rhy-1	1	35	0
403	rhy-1	1	35	0
404	rhy-1	1	40	0
404	rhy-1	1	40	0
405	rhy-1	1	16	2
405	rhy-1	1	16	2
406	rhy-1	1	16	2
406	rhy-1	1	16	2
407	rhy-1	1	16	2
407	rhy-1	1	16	2
408	rhy-1	1	16	2
408	rhy-1	1	16	2
409	rhy-1	1	19	2
409	rhy-1	1	19	2
410	rhy-1	1	19	2
410	rhy-1	1	19	2
411	rhy-1	1	19	2
411	rhy-1	1	19	2
412	rhy-1	1	19	2
412	rhy-1	1	19	2
413	rhy-1	1	19	2
413	rhy-1	1	19	2
414	rhy-1	1	19	2
414	rhy-1	1	19	2
415	rhy-1	1	19	2
415	rhy-1	1	19	2
416	rhy-1	1	19	2
416	rhy-1	1	19	2
417	rhy-1	1	19	2
417	rhy-1	1	19	2
418	rhy-1	1	19	2
418	rhy-1	1	19	2
419	rhy-1	1	19	2
419	rhy-1	1	19	2
420	rhy-1	1	19	2
420	rhy-1	1	19	2
421	rhy-1	1	21	2
421	rhy-1	1	21	2
422	rhy-1	1	21	2
422	rhy-1	1	21	2
423	rhy-1	1	21	2
423	rhy-1	1	21	2
424	rhy-1	1	21	2
424	rhy-1	1	21	2
425	rhy-1	1	23	2
425	rhy-1	1	23	2
426	rhy-1	1	23	2
426	rhy-1	1	23	2
427	rhy-1	1	23	2
427	rhy-1	1	23	2
428	rhy-1	1	23	2
428	rhy-1	1	23	2
429	rhy-1	1	23	2
429	rhy-1	1	23	2
430	rhy-1	1	23	2
430	rhy-1	1	23	2
431	rhy-1	1	23	2
431	rhy-1	1	23	2
432	rhy-1	1	23	2
432	rhy-1	1	23	2
433	rhy-1	1	23	2
433	rhy-1	1	23	2
434	rhy-1	1	23	2
434	rhy-1	1	23	2
435	rhy-1	1	23	2
435	rhy-1	1	23	2
436	rhy-1	1	26	2
436	rhy-1	1	26	2
437	rhy-1	1	26	2
437	rhy-1	1	26	2
438	rhy-1	1	26	2
438	rhy-1	1	26	2
439	rhy-1	1	26	2
439	rhy-1	1	26	2
440	rhy-1	1	26	2
440	rhy-1	1	26	2
441	rhy-1	1	26	2
441	rhy-1	1	26	2
442	rhy-1	1	26	2
442	rhy-1	1	26	2
443	rhy-1	1	26	2
443	rhy-1	1	26	2
444	rhy-1	1	26	2
444	rhy-1	1	26	2
445	rhy-1	1	26	2
445	rhy-1	1	26	2
446	rhy-1	1	26	2
446	rhy-1	1	26	2
447	rhy-1	1	28	2
447	rhy-1	1	28	2
448	rhy-1	1	28	2
448	rhy-1	1	28	2
449	rhy-1	1	28	2
449	rhy-1	1	28	2
450	rhy-1	1	28	2
450	rhy-1	1	28	2
451	rhy-1	1	28	2
451	rhy-1	1	28	2
452	rhy-1	1	28	2
452	rhy-1	1	28	2
453	rhy-1	1	28	2
453	rhy-1	1	28	2
454	rhy-1	1	28	2
454	rhy-1	1	28	2
455	rhy-1	1	28	2
455	rhy-1	1	28	2
456	rhy-1	1	30	2
456	rhy-1	1	30	2
457	rhy-1	1	30	2
457	rhy-1	1	30	2
458	rhy-1	1	16	3
458	rhy-1	1	16	3
459	rhy-1	1	16	3
459	rhy-1	1	16	3
460	rhy-1	1	16	3
460	rhy-1	1	16	3
461	rhy-1	1	16	3
461	rhy-1	1	16	3
462	rhy-1	1	19	3
462	rhy-1	1	19	3
463	lys-8	1	16	0
463	lys-8	1	16	0
464	lys-8	1	21	0
464	lys-8	1	21	0
465	lys-8	1	26	0
465	lys-8	1	26	0
466	lys-8	1	28	0
466	lys-8	1	28	0
467	lys-8	1	28	0
467	lys-8	1	28	0
468	lys-8	1	28	0
468	lys-8	1	28	0
469	lys-8	1	28	0
469	lys-8	1	28	0
470	lys-8	1	28	0
470	lys-8	1	28	0
471	lys-8	1	30	0
471	lys-8	1	30	0
472	lys-8	1	30	0
472	lys-8	1	30	0
473	lys-8	1	30	0
473	lys-8	1	30	0
474	lys-8	1	30	0
474	lys-8	1	30	0
475	lys-8	1	30	0
475	lys-8	1	30	0
476	lys-8	1	30	0
476	lys-8	1	30	0
477	lys-8	1	30	0
477	lys-8	1	30	0
478	lys-8	1	30	0
478	lys-8	1	30	0
479	lys-8	1	30	0
479	lys-8	1	30	0
480	lys-8	1	33	0
480	lys-8	1	33	0
481	lys-8	1	33	0
481	lys-8	1	33	0
482	lys-8	1	33	0
482	lys-8	1	33	0
483	lys-8	1	33	0
483	lys-8	1	33	0
484	lys-8	1	35	0
484	lys-8	1	35	0
485	lys-8	1	35	0
485	lys-8	1	35	0
486	lys-8	1	35	0
486	lys-8	1	35	0
487	lys-8	1	35	0
487	lys-8	1	35	0
488	lys-8	1	35	0
488	lys-8	1	35	0
489	lys-8	1	37	0
489	lys-8	1	37	0
490	lys-8	1	16	2
490	lys-8	1	16	2
491	lys-8	1	19	2
491	lys-8	1	19	2
492	lys-8	1	19	2
492	lys-8	1	19	2
493	lys-8	1	19	2
493	lys-8	1	19	2
494	lys-8	1	21	2
494	lys-8	1	21	2
495	lys-8	1	21	2
495	lys-8	1	21	2
496	lys-8	1	21	2
496	lys-8	1	21	2
497	lys-8	1	21	2
497	lys-8	1	21	2
498	lys-8	1	23	2
498	lys-8	1	23	2
499	lys-8	1	23	2
499	lys-8	1	23	2
500	lys-8	1	23	2
500	lys-8	1	23	2
501	lys-8	1	23	2
501	lys-8	1	23	2
502	lys-8	1	23	2
502	lys-8	1	23	2
503	lys-8	1	23	2
503	lys-8	1	23	2
504	lys-8	1	23	2
504	lys-8	1	23	2
505	lys-8	1	23	2
505	lys-8	1	23	2
506	lys-8	1	23	2
506	lys-8	1	23	2
507	lys-8	1	23	2
507	lys-8	1	23	2
508	lys-8	1	23	2
508	lys-8	1	23	2
509	lys-8	1	26	2
509	lys-8	1	26	2
510	lys-8	1	26	2
510	lys-8	1	26	2
511	lys-8	1	26	2
511	lys-8	1	26	2
512	lys-8	1	26	2
512	lys-8	1	26	2
513	lys-8	1	26	2
513	lys-8	1	26	2
514	lys-8	1	26	2
514	lys-8	1	26	2
515	lys-8	1	26	2
515	lys-8	1	26	2
516	lys-8	1	26	2
516	lys-8	1	26	2
517	lys-8	1	26	2
517	lys-8	1	26	2
518	lys-8	1	26	2
518	lys-8	1	26	2
519	lys-8	1	26	2
519	lys-8	1	26	2
520	lys-8	1	26	2
520	lys-8	1	26	2
521	lys-8	1	26	2
521	lys-8	1	26	2
522	lys-8	1	26	2
522	lys-8	1	26	2
523	lys-8	1	28	2
523	lys-8	1	28	2
524	lys-8	1	28	2
524	lys-8	1	28	2
525	lys-8	1	28	2
525	lys-8	1	28	2
526	lys-8	1	28	2
526	lys-8	1	28	2
527	lys-8	1	28	2
527	lys-8	1	28	2
528	lys-8	1	30	2
528	lys-8	1	30	2
529	lys-8	1	16	3
529	lys-8	1	16	3
530	lys-8	1	16	3
530	lys-8	1	16	3
531	lys-8	1	19	3
531	lys-8	1	19	3
532	lys-8	1	19	3
532	lys-8	1	19	3
533	lys-8	1	21	3
533	lys-8	1	21	3
534	lys-8	1	23	3
534	lys-8	1	23	3
535	lys-8	1	23	3
535	lys-8	1	23	3
536	lys-8	2	21	0
536	lys-8	2	21	0
537	lys-8	2	21	0
537	lys-8	2	21	0
538	lys-8	2	23	0
538	lys-8	2	23	0
539	lys-8	2	26	0
539	lys-8	2	26	0
540	lys-8	2	26	0
540	lys-8	2	26	0
541	lys-8	2	28	0
541	lys-8	2	28	0
542	lys-8	2	28	0
542	lys-8	2	28	0
543	lys-8	2	28	0
543	lys-8	2	28	0
544	lys-8	2	28	0
544	lys-8	2	28	0
545	lys-8	2	28	0
545	lys-8	2	28	0
546	lys-8	2	28	0
546	lys-8	2	28	0
547	lys-8	2	28	0
547	lys-8	2	28	0
548	lys-8	2	28	0
548	lys-8	2	28	0
549	lys-8	2	30	0
549	lys-8	2	30	0
550	lys-8	2	30	0
550	lys-8	2	30	0
551	lys-8	2	33	0
551	lys-8	2	33	0
552	lys-8	2	33	0
552	lys-8	2	33	0
553	lys-8	2	33	0
553	lys-8	2	33	0
554	lys-8	2	33	0
554	lys-8	2	33	0
555	lys-8	2	33	0
555	lys-8	2	33	0
556	lys-8	2	33	0
556	lys-8	2	33	0
557	lys-8	2	33	0
557	lys-8	2	33	0
558	lys-8	2	33	0
558	lys-8	2	33	0
559	lys-8	2	33	0
559	lys-8	2	33	0
560	lys-8	2	35	0
560	lys-8	2	35	0
561	lys-8	2	35	0
561	lys-8	2	35	0
562	lys-8	2	35	0
562	lys-8	2	35	0
563	lys-8	2	35	0
563	lys-8	2	35	0
564	lys-8	2	35	0
564	lys-8	2	35	0
565	lys-8	2	35	0
565	lys-8	2	35	0
566	lys-8	2	37	0
566	lys-8	2	37	0
567	lys-8	2	37	0
567	lys-8	2	37	0
568	lys-8	2	37	0
568	lys-8	2	37	0
569	lys-8	2	37	0
569	lys-8	2	37	0
570	lys-8	2	37	0
570	lys-8	2	37	0
571	lys-8	2	40	0
571	lys-8	2	40	0
572	lys-8	2	16	2
572	lys-8	2	16	2
573	lys-8	2	19	2
573	lys-8	2	19	2
574	lys-8	2	19	2
574	lys-8	2	19	2
575	lys-8	2	19	2
575	lys-8	2	19	2
576	lys-8	2	19	2
576	lys-8	2	19	2
577	lys-8	2	19	2
577	lys-8	2	19	2
578	lys-8	2	21	2
578	lys-8	2	21	2
579	lys-8	2	21	2
579	lys-8	2	21	2
580	lys-8	2	21	2
580	lys-8	2	21	2
581	lys-8	2	21	2
581	lys-8	2	21	2
582	lys-8	2	23	2
582	lys-8	2	23	2
583	lys-8	2	23	2
583	lys-8	2	23	2
584	lys-8	2	23	2
584	lys-8	2	23	2
585	lys-8	2	23	2
585	lys-8	2	23	2
586	lys-8	2	23	2
586	lys-8	2	23	2
587	lys-8	2	23	2
587	lys-8	2	23	2
588	lys-8	2	23	2
588	lys-8	2	23	2
589	lys-8	2	23	2
589	lys-8	2	23	2
590	lys-8	2	23	2
590	lys-8	2	23	2
591	lys-8	2	23	2
591	lys-8	2	23	2
592	lys-8	2	26	2
592	lys-8	2	26	2
593	lys-8	2	26	2
593	lys-8	2	26	2
594	lys-8	2	26	2
594	lys-8	2	26	2
595	lys-8	2	26	2
595	lys-8	2	26	2
596	lys-8	2	26	2
596	lys-8	2	26	2
597	lys-8	2	26	2
597	lys-8	2	26	2
598	lys-8	2	26	2
598	lys-8	2	26	2
599	lys-8	2	26	2
599	lys-8	2	26	2
600	lys-8	2	26	2
600	lys-8	2	26	2
601	lys-8	2	26	2
601	lys-8	2	26	2
602	lys-8	2	26	2
602	lys-8	2	26	2
603	lys-8	2	28	2
603	lys-8	2	28	2
604	lys-8	2	28	2
604	lys-8	2	28	2
605	lys-8	2	28	2
605	lys-8	2	28	2
606	lys-8	2	28	2
606	lys-8	2	28	2
607	lys-8	2	28	2
607	lys-8	2	28	2
608	lys-8	2	30	2
608	lys-8	2	30	2
609	lys-8	2	30	2
609	lys-8	2	30	2
610	lys-8	2	30	2
610	lys-8	2	30	2
611	lys-8	2	16	3
611	lys-8	2	16	3
612	lys-8	2	19	3
612	lys-8	2	19	3
613	lys-8	2	21	3
613	lys-8	2	21	3
614	lys-8	2	23	3
614	lys-8	2	23	3
615	inx-2	1	19	0
615	inx-2	1	19	0
616	inx-2	1	21	0
616	inx-2	1	21	0
617	inx-2	1	21	0
617	inx-2	1	21	0
618	inx-2	1	26	0
618	inx-2	1	26	0
619	inx-2	1	26	0
619	inx-2	1	26	0
620	inx-2	1	26	0
620	inx-2	1	26	0
621	inx-2	1	28	0
621	inx-2	1	28	0
622	inx-2	1	28	0
622	inx-2	1	28	0
623	inx-2	1	28	0
623	inx-2	1	28	0
624	inx-2	1	28	0
624	inx-2	1	28	0
625	inx-2	1	30	0
625	inx-2	1	30	0
626	inx-2	1	30	0
626	inx-2	1	30	0
627	inx-2	1	30	0
627	inx-2	1	30	0
628	inx-2	1	30	0
628	inx-2	1	30	0
629	inx-2	1	30	0
629	inx-2	1	30	0
630	inx-2	1	30	0
630	inx-2	1	30	0
631	inx-2	1	30	0
631	inx-2	1	30	0
632	inx-2	1	30	0
632	inx-2	1	30	0
633	inx-2	1	30	0
633	inx-2	1	30	0
634	inx-2	1	30	0
634	inx-2	1	30	0
635	inx-2	1	30	0
635	inx-2	1	30	0
636	inx-2	1	33	0
636	inx-2	1	33	0
637	inx-2	1	33	0
637	inx-2	1	33	0
638	inx-2	1	33	0
638	inx-2	1	33	0
639	inx-2	1	33	0
639	inx-2	1	33	0
640	inx-2	1	33	0
640	inx-2	1	33	0
641	inx-2	1	33	0
641	inx-2	1	33	0
642	inx-2	1	33	0
642	inx-2	1	33	0
643	inx-2	1	33	0
643	inx-2	1	33	0
644	inx-2	1	33	0
644	inx-2	1	33	0
645	inx-2	1	33	0
645	inx-2	1	33	0
646	inx-2	1	33	0
646	inx-2	1	33	0
647	inx-2	1	33	0
647	inx-2	1	33	0
648	inx-2	1	35	0
648	inx-2	1	35	0
649	inx-2	1	35	0
649	inx-2	1	35	0
650	inx-2	1	35	0
650	inx-2	1	35	0
651	inx-2	1	35	0
651	inx-2	1	35	0
652	inx-2	1	35	0
652	inx-2	1	35	0
653	inx-2	1	35	0
653	inx-2	1	35	0
654	inx-2	1	35	0
654	inx-2	1	35	0
655	inx-2	1	35	0
655	inx-2	1	35	0
656	inx-2	1	37	0
656	inx-2	1	37	0
657	inx-2	1	37	0
657	inx-2	1	37	0
658	inx-2	1	37	0
658	inx-2	1	37	0
659	inx-2	1	40	0
659	inx-2	1	40	0
660	inx-2	1	23	2
660	inx-2	1	23	2
661	inx-2	1	26	2
661	inx-2	1	26	2
662	inx-2	1	26	2
662	inx-2	1	26	2
663	inx-2	1	28	2
663	inx-2	1	28	2
664	inx-2	1	28	2
664	inx-2	1	28	2
665	inx-2	1	28	2
665	inx-2	1	28	2
666	inx-2	2	13	0
666	inx-2	2	13	0
667	inx-2	2	19	0
667	inx-2	2	19	0
668	inx-2	2	21	0
668	inx-2	2	21	0
669	inx-2	2	26	0
669	inx-2	2	26	0
670	inx-2	2	26	0
670	inx-2	2	26	0
671	inx-2	2	26	0
671	inx-2	2	26	0
672	inx-2	2	26	0
672	inx-2	2	26	0
673	inx-2	2	28	0
673	inx-2	2	28	0
674	inx-2	2	28	0
674	inx-2	2	28	0
675	inx-2	2	28	0
675	inx-2	2	28	0
676	inx-2	2	28	0
676	inx-2	2	28	0
677	inx-2	2	28	0
677	inx-2	2	28	0
678	inx-2	2	28	0
678	inx-2	2	28	0
679	inx-2	2	28	0
679	inx-2	2	28	0
680	inx-2	2	28	0
680	inx-2	2	28	0
681	inx-2	2	28	0
681	inx-2	2	28	0
682	inx-2	2	28	0
682	inx-2	2	28	0
683	inx-2	2	30	0
683	inx-2	2	30	0
684	inx-2	2	30	0
684	inx-2	2	30	0
685	inx-2	2	30	0
685	inx-2	2	30	0
686	inx-2	2	30	0
686	inx-2	2	30	0
687	inx-2	2	30	0
687	inx-2	2	30	0
688	inx-2	2	30	0
688	inx-2	2	30	0
689	inx-2	2	30	0
689	inx-2	2	30	0
690	inx-2	2	30	0
690	inx-2	2	30	0
691	inx-2	2	30	0
691	inx-2	2	30	0
692	inx-2	2	30	0
692	inx-2	2	30	0
693	inx-2	2	30	0
693	inx-2	2	30	0
694	inx-2	2	30	0
694	inx-2	2	30	0
695	inx-2	2	30	0
695	inx-2	2	30	0
696	inx-2	2	30	0
696	inx-2	2	30	0
697	inx-2	2	33	0
697	inx-2	2	33	0
698	inx-2	2	33	0
698	inx-2	2	33	0
699	inx-2	2	33	0
699	inx-2	2	33	0
700	inx-2	2	33	0
700	inx-2	2	33	0
701	inx-2	2	33	0
701	inx-2	2	33	0
702	inx-2	2	33	0
702	inx-2	2	33	0
703	inx-2	2	33	0
703	inx-2	2	33	0
704	inx-2	2	33	0
704	inx-2	2	33	0
705	inx-2	2	33	0
705	inx-2	2	33	0
706	inx-2	2	33	0
706	inx-2	2	33	0
707	inx-2	2	33	0
707	inx-2	2	33	0
708	inx-2	2	33	0
708	inx-2	2	33	0
709	inx-2	2	33	0
709	inx-2	2	33	0
710	inx-2	2	33	0
710	inx-2	2	33	0
711	inx-2	2	33	0
711	inx-2	2	33	0
712	inx-2	2	33	0
712	inx-2	2	33	0
713	inx-2	2	33	0
713	inx-2	2	33	0
714	inx-2	2	33	0
714	inx-2	2	33	0
715	inx-2	2	33	0
715	inx-2	2	33	0
716	inx-2	2	33	0
716	inx-2	2	33	0
717	inx-2	2	33	0
717	inx-2	2	33	0
718	inx-2	2	33	0
718	inx-2	2	33	0
719	inx-2	2	33	0
719	inx-2	2	33	0
720	inx-2	2	33	0
720	inx-2	2	33	0
721	inx-2	2	33	0
721	inx-2	2	33	0
722	inx-2	2	33	0
722	inx-2	2	33	0
723	inx-2	2	35	0
723	inx-2	2	35	0
724	inx-2	2	35	0
724	inx-2	2	35	0
725	inx-2	2	35	0
725	inx-2	2	35	0
726	inx-2	2	35	0
726	inx-2	2	35	0
727	inx-2	2	35	0
727	inx-2	2	35	0
728	inx-2	2	35	0
728	inx-2	2	35	0
729	inx-2	2	35	0
729	inx-2	2	35	0
730	inx-2	2	35	0
730	inx-2	2	35	0
731	inx-2	2	35	0
731	inx-2	2	35	0
732	inx-2	2	35	0
732	inx-2	2	35	0
733	inx-2	2	37	0
733	inx-2	2	37	0
734	inx-2	2	37	0
734	inx-2	2	37	0
735	inx-2	2	37	0
735	inx-2	2	37	0
736	inx-2	2	19	2
736	inx-2	2	19	2
737	inx-2	2	19	2
737	inx-2	2	19	2
738	inx-2	2	23	2
738	inx-2	2	23	2
739	inx-2	2	23	2
739	inx-2	2	23	2
740	inx-2	2	26	2
740	inx-2	2	26	2
741	inx-2	2	13	3
741	inx-2	2	13	3
742	sir2.1	1	23	0
742	sir2.1	1	23	0
743	sir2.1	1	23	0
743	sir2.1	1	23	0
744	sir2.1	1	26	0
744	sir2.1	1	26	0
745	sir2.1	1	26	0
745	sir2.1	1	26	0
746	sir2.1	1	26	0
746	sir2.1	1	26	0
747	sir2.1	1	26	0
747	sir2.1	1	26	0
748	sir2.1	1	26	0
748	sir2.1	1	26	0
749	sir2.1	1	26	0
749	sir2.1	1	26	0
750	sir2.1	1	26	0
750	sir2.1	1	26	0
751	sir2.1	1	28	0
751	sir2.1	1	28	0
752	sir2.1	1	28	0
752	sir2.1	1	28	0
753	sir2.1	1	28	0
753	sir2.1	1	28	0
754	sir2.1	1	28	0
754	sir2.1	1	28	0
755	sir2.1	1	28	0
755	sir2.1	1	28	0
756	sir2.1	1	28	0
756	sir2.1	1	28	0
757	sir2.1	1	28	0
757	sir2.1	1	28	0
758	sir2.1	1	28	0
758	sir2.1	1	28	0
759	sir2.1	1	28	0
759	sir2.1	1	28	0
760	sir2.1	1	28	0
760	sir2.1	1	28	0
761	sir2.1	1	28	0
761	sir2.1	1	28	0
762	sir2.1	1	28	0
762	sir2.1	1	28	0
763	sir2.1	1	28	0
763	sir2.1	1	28	0
764	sir2.1	1	30	0
764	sir2.1	1	30	0
765	sir2.1	1	30	0
765	sir2.1	1	30	0
766	sir2.1	1	30	0
766	sir2.1	1	30	0
767	sir2.1	1	30	0
767	sir2.1	1	30	0
768	sir2.1	1	30	0
768	sir2.1	1	30	0
769	sir2.1	1	30	0
769	sir2.1	1	30	0
770	sir2.1	1	30	0
770	sir2.1	1	30	0
771	sir2.1	1	30	0
771	sir2.1	1	30	0
772	sir2.1	1	30	0
772	sir2.1	1	30	0
773	sir2.1	1	30	0
773	sir2.1	1	30	0
774	sir2.1	1	30	0
774	sir2.1	1	30	0
775	sir2.1	1	30	0
775	sir2.1	1	30	0
776	sir2.1	1	30	0
776	sir2.1	1	30	0
777	sir2.1	1	30	0
777	sir2.1	1	30	0
778	sir2.1	1	30	0
778	sir2.1	1	30	0
779	sir2.1	1	30	0
779	sir2.1	1	30	0
780	sir2.1	1	33	0
780	sir2.1	1	33	0
781	sir2.1	1	33	0
781	sir2.1	1	33	0
782	sir2.1	1	33	0
782	sir2.1	1	33	0
783	sir2.1	1	33	0
783	sir2.1	1	33	0
784	sir2.1	1	33	0
784	sir2.1	1	33	0
785	sir2.1	1	33	0
785	sir2.1	1	33	0
786	sir2.1	1	33	0
786	sir2.1	1	33	0
787	sir2.1	1	33	0
787	sir2.1	1	33	0
788	sir2.1	1	33	0
788	sir2.1	1	33	0
789	sir2.1	1	33	0
789	sir2.1	1	33	0
790	sir2.1	1	33	0
790	sir2.1	1	33	0
791	sir2.1	1	33	0
791	sir2.1	1	33	0
792	sir2.1	1	35	0
792	sir2.1	1	35	0
793	sir2.1	1	16	2
793	sir2.1	1	16	2
794	sir2.1	1	19	2
794	sir2.1	1	19	2
795	sir2.1	1	19	2
795	sir2.1	1	19	2
796	sir2.1	1	19	2
796	sir2.1	1	19	2
797	sir2.1	1	21	2
797	sir2.1	1	21	2
798	sir2.1	1	21	2
798	sir2.1	1	21	2
799	sir2.1	1	23	2
799	sir2.1	1	23	2
800	sir2.1	1	23	2
800	sir2.1	1	23	2
801	sir2.1	1	23	2
801	sir2.1	1	23	2
802	sir2.1	1	23	2
802	sir2.1	1	23	2
803	sir2.1	1	23	2
803	sir2.1	1	23	2
804	sir2.1	1	23	2
804	sir2.1	1	23	2
805	sir2.1	1	23	2
805	sir2.1	1	23	2
806	sir2.1	1	23	2
806	sir2.1	1	23	2
807	sir2.1	1	23	2
807	sir2.1	1	23	2
808	sir2.1	1	23	2
808	sir2.1	1	23	2
809	sir2.1	1	26	2
809	sir2.1	1	26	2
810	sir2.1	1	26	2
810	sir2.1	1	26	2
811	sir2.1	1	26	2
811	sir2.1	1	26	2
812	sir2.1	1	28	2
812	sir2.1	1	28	2
813	sir2.1	1	28	2
813	sir2.1	1	28	2
814	sir2.1	1	28	2
814	sir2.1	1	28	2
815	sir2.1	1	28	2
815	sir2.1	1	28	2
816	sir2.1	1	30	2
816	sir2.1	1	30	2
817	sir2.1	1	19	3
817	sir2.1	1	19	3
818	sir2.1	1	23	3
818	sir2.1	1	23	3
819	sir2.1	2	23	0
819	sir2.1	2	23	0
820	sir2.1	2	23	0
820	sir2.1	2	23	0
821	sir2.1	2	26	0
821	sir2.1	2	26	0
822	sir2.1	2	26	0
822	sir2.1	2	26	0
823	sir2.1	2	26	0
823	sir2.1	2	26	0
824	sir2.1	2	26	0
824	sir2.1	2	26	0
825	sir2.1	2	26	0
825	sir2.1	2	26	0
826	sir2.1	2	26	0
826	sir2.1	2	26	0
827	sir2.1	2	26	0
827	sir2.1	2	26	0
828	sir2.1	2	26	0
828	sir2.1	2	26	0
829	sir2.1	2	28	0
829	sir2.1	2	28	0
830	sir2.1	2	28	0
830	sir2.1	2	28	0
831	sir2.1	2	28	0
831	sir2.1	2	28	0
832	sir2.1	2	28	0
832	sir2.1	2	28	0
833	sir2.1	2	28	0
833	sir2.1	2	28	0
834	sir2.1	2	28	0
834	sir2.1	2	28	0
835	sir2.1	2	28	0
835	sir2.1	2	28	0
836	sir2.1	2	30	0
836	sir2.1	2	30	0
837	sir2.1	2	30	0
837	sir2.1	2	30	0
838	sir2.1	2	30	0
838	sir2.1	2	30	0
839	sir2.1	2	30	0
839	sir2.1	2	30	0
840	sir2.1	2	30	0
840	sir2.1	2	30	0
841	sir2.1	2	30	0
841	sir2.1	2	30	0
842	sir2.1	2	30	0
842	sir2.1	2	30	0
843	sir2.1	2	30	0
843	sir2.1	2	30	0
844	sir2.1	2	30	0
844	sir2.1	2	30	0
845	sir2.1	2	30	0
845	sir2.1	2	30	0
846	sir2.1	2	30	0
846	sir2.1	2	30	0
847	sir2.1	2	30	0
847	sir2.1	2	30	0
848	sir2.1	2	30	0
848	sir2.1	2	30	0
849	sir2.1	2	33	0
849	sir2.1	2	33	0
850	sir2.1	2	33	0
850	sir2.1	2	33	0
851	sir2.1	2	33	0
851	sir2.1	2	33	0
852	sir2.1	2	33	0
852	sir2.1	2	33	0
853	sir2.1	2	33	0
853	sir2.1	2	33	0
854	sir2.1	2	33	0
854	sir2.1	2	33	0
855	sir2.1	2	33	0
855	sir2.1	2	33	0
856	sir2.1	2	33	0
856	sir2.1	2	33	0
857	sir2.1	2	33	0
857	sir2.1	2	33	0
858	sir2.1	2	35	0
858	sir2.1	2	35	0
859	sir2.1	2	37	0
859	sir2.1	2	37	0
860	sir2.1	2	40	0
860	sir2.1	2	40	0
861	sir2.1	2	19	2
861	sir2.1	2	19	2
862	sir2.1	2	19	2
862	sir2.1	2	19	2
863	sir2.1	2	19	2
863	sir2.1	2	19	2
864	sir2.1	2	21	2
864	sir2.1	2	21	2
865	sir2.1	2	21	2
865	sir2.1	2	21	2
866	sir2.1	2	21	2
866	sir2.1	2	21	2
867	sir2.1	2	21	2
867	sir2.1	2	21	2
868	sir2.1	2	23	2
868	sir2.1	2	23	2
869	sir2.1	2	23	2
869	sir2.1	2	23	2
870	sir2.1	2	23	2
870	sir2.1	2	23	2
871	sir2.1	2	23	2
871	sir2.1	2	23	2
872	sir2.1	2	23	2
872	sir2.1	2	23	2
873	sir2.1	2	23	2
873	sir2.1	2	23	2
874	sir2.1	2	23	2
874	sir2.1	2	23	2
875	sir2.1	2	26	2
875	sir2.1	2	26	2
876	sir2.1	2	26	2
876	sir2.1	2	26	2
877	sir2.1	2	26	2
877	sir2.1	2	26	2
878	sir2.1	2	26	2
878	sir2.1	2	26	2
879	sir2.1	2	26	2
879	sir2.1	2	26	2
880	sir2.1	2	26	2
880	sir2.1	2	26	2
881	sir2.1	2	26	2
881	sir2.1	2	26	2
882	sir2.1	2	26	2
882	sir2.1	2	26	2
883	sir2.1	2	28	2
883	sir2.1	2	28	2
884	sir2.1	2	28	2
884	sir2.1	2	28	2
885	sir2.1	2	28	2
885	sir2.1	2	28	2
886	sir2.1	2	28	2
886	sir2.1	2	28	2
887	sir2.1	2	28	2
887	sir2.1	2	28	2
888	sir2.1	2	30	2
888	sir2.1	2	30	2
889	sir2.1	2	30	2
889	sir2.1	2	30	2
890	sir2.1	2	30	2
890	sir2.1	2	30	2
891	sir2.1	2	19	3
891	sir2.1	2	19	3
892	sir2.1	2	21	3
892	sir2.1	2	21	3
893	sir2.1	2	23	3
893	sir2.1	2	23	3
894	sir2.1	2	23	3
894	sir2.1	2	23	3
895	fmo-2	2	19	0
895	fmo-2	2	19	0
896	fmo-2	2	19	0
896	fmo-2	2	19	0
897	fmo-2	2	19	0
897	fmo-2	2	19	0
898	fmo-2	2	19	0
898	fmo-2	2	19	0
899	fmo-2	2	19	0
899	fmo-2	2	19	0
900	fmo-2	2	21	0
900	fmo-2	2	21	0
901	fmo-2	2	21	0
901	fmo-2	2	21	0
902	fmo-2	2	21	0
902	fmo-2	2	21	0
903	fmo-2	2	21	0
903	fmo-2	2	21	0
904	fmo-2	2	21	0
904	fmo-2	2	21	0
905	fmo-2	2	21	0
905	fmo-2	2	21	0
906	fmo-2	2	23	0
906	fmo-2	2	23	0
907	fmo-2	2	23	0
907	fmo-2	2	23	0
908	fmo-2	2	23	0
908	fmo-2	2	23	0
909	fmo-2	2	23	0
909	fmo-2	2	23	0
910	fmo-2	2	23	0
910	fmo-2	2	23	0
911	fmo-2	2	23	0
911	fmo-2	2	23	0
912	fmo-2	2	23	0
912	fmo-2	2	23	0
913	fmo-2	2	23	0
913	fmo-2	2	23	0
914	fmo-2	2	23	0
914	fmo-2	2	23	0
915	fmo-2	2	23	0
915	fmo-2	2	23	0
916	fmo-2	2	23	0
916	fmo-2	2	23	0
917	fmo-2	2	26	0
917	fmo-2	2	26	0
918	fmo-2	2	26	0
918	fmo-2	2	26	0
919	fmo-2	2	26	0
919	fmo-2	2	26	0
920	fmo-2	2	26	0
920	fmo-2	2	26	0
921	fmo-2	2	26	0
921	fmo-2	2	26	0
922	fmo-2	2	26	0
922	fmo-2	2	26	0
923	fmo-2	2	28	0
923	fmo-2	2	28	0
924	fmo-2	2	28	0
924	fmo-2	2	28	0
925	fmo-2	2	28	0
925	fmo-2	2	28	0
926	fmo-2	2	28	0
926	fmo-2	2	28	0
927	fmo-2	2	28	0
927	fmo-2	2	28	0
928	fmo-2	2	28	0
928	fmo-2	2	28	0
929	fmo-2	2	28	0
929	fmo-2	2	28	0
930	fmo-2	2	28	0
930	fmo-2	2	28	0
931	fmo-2	2	28	0
931	fmo-2	2	28	0
932	fmo-2	2	28	0
932	fmo-2	2	28	0
933	fmo-2	2	30	0
933	fmo-2	2	30	0
934	fmo-2	2	30	0
934	fmo-2	2	30	0
935	fmo-2	2	30	0
935	fmo-2	2	30	0
936	fmo-2	2	30	0
936	fmo-2	2	30	0
937	fmo-2	2	30	0
937	fmo-2	2	30	0
938	fmo-2	2	30	0
938	fmo-2	2	30	0
939	fmo-2	2	30	0
939	fmo-2	2	30	0
940	fmo-2	2	30	0
940	fmo-2	2	30	0
941	fmo-2	2	30	0
941	fmo-2	2	30	0
942	fmo-2	2	30	0
942	fmo-2	2	30	0
943	fmo-2	2	30	0
943	fmo-2	2	30	0
944	fmo-2	2	33	0
944	fmo-2	2	33	0
945	fmo-2	2	33	0
945	fmo-2	2	33	0
946	fmo-2	2	33	0
946	fmo-2	2	33	0
947	fmo-2	2	33	0
947	fmo-2	2	33	0
948	fmo-2	2	33	0
948	fmo-2	2	33	0
949	fmo-2	2	33	0
949	fmo-2	2	33	0
950	fmo-2	2	33	0
950	fmo-2	2	33	0
951	fmo-2	2	33	0
951	fmo-2	2	33	0
952	fmo-2	2	33	0
952	fmo-2	2	33	0
953	fmo-2	2	35	0
953	fmo-2	2	35	0
954	fmo-2	2	37	0
954	fmo-2	2	37	0
955	fmo-2	2	37	0
955	fmo-2	2	37	0
956	fmo-2	2	16	2
956	fmo-2	2	16	2
957	fmo-2	2	19	2
957	fmo-2	2	19	2
958	fmo-2	2	19	2
958	fmo-2	2	19	2
959	fmo-2	2	19	2
959	fmo-2	2	19	2
960	fmo-2	2	19	2
960	fmo-2	2	19	2
961	fmo-2	2	19	2
961	fmo-2	2	19	2
962	fmo-2	2	21	2
962	fmo-2	2	21	2
963	fmo-2	2	21	2
963	fmo-2	2	21	2
964	fmo-2	2	21	2
964	fmo-2	2	21	2
965	fmo-2	2	26	2
965	fmo-2	2	26	2
966	fmo-2	2	16	3
966	fmo-2	2	16	3
967	fmo-2	2	16	3
967	fmo-2	2	16	3
968	gpa-9	1	21	0
968	gpa-9	1	21	0
969	gpa-9	1	23	0
969	gpa-9	1	23	0
970	gpa-9	1	23	0
970	gpa-9	1	23	0
971	gpa-9	1	23	0
971	gpa-9	1	23	0
972	gpa-9	1	23	0
972	gpa-9	1	23	0
973	gpa-9	1	28	0
973	gpa-9	1	28	0
974	gpa-9	1	28	0
974	gpa-9	1	28	0
975	gpa-9	1	28	0
975	gpa-9	1	28	0
976	gpa-9	1	28	0
976	gpa-9	1	28	0
977	gpa-9	1	30	0
977	gpa-9	1	30	0
978	gpa-9	1	30	0
978	gpa-9	1	30	0
979	gpa-9	1	30	0
979	gpa-9	1	30	0
980	gpa-9	1	30	0
980	gpa-9	1	30	0
981	gpa-9	1	30	0
981	gpa-9	1	30	0
982	gpa-9	1	30	0
982	gpa-9	1	30	0
983	gpa-9	1	30	0
983	gpa-9	1	30	0
984	gpa-9	1	30	0
984	gpa-9	1	30	0
985	gpa-9	1	30	0
985	gpa-9	1	30	0
986	gpa-9	1	30	0
986	gpa-9	1	30	0
987	gpa-9	1	30	0
987	gpa-9	1	30	0
988	gpa-9	1	30	0
988	gpa-9	1	30	0
989	gpa-9	1	30	0
989	gpa-9	1	30	0
990	gpa-9	1	33	0
990	gpa-9	1	33	0
991	gpa-9	1	33	0
991	gpa-9	1	33	0
992	gpa-9	1	33	0
992	gpa-9	1	33	0
993	gpa-9	1	33	0
993	gpa-9	1	33	0
994	gpa-9	1	33	0
994	gpa-9	1	33	0
995	gpa-9	1	33	0
995	gpa-9	1	33	0
996	gpa-9	1	33	0
996	gpa-9	1	33	0
997	gpa-9	1	33	0
997	gpa-9	1	33	0
998	gpa-9	1	35	0
998	gpa-9	1	35	0
999	gpa-9	1	35	0
999	gpa-9	1	35	0
1000	gpa-9	1	35	0
1000	gpa-9	1	35	0
1001	gpa-9	1	35	0
1001	gpa-9	1	35	0
1002	gpa-9	1	35	0
1002	gpa-9	1	35	0
1003	gpa-9	1	16	2
1003	gpa-9	1	16	2
1004	gpa-9	1	21	2
1004	gpa-9	1	21	2
1005	gpa-9	1	21	2
1005	gpa-9	1	21	2
1006	gpa-9	1	21	2
1006	gpa-9	1	21	2
1007	gpa-9	1	23	2
1007	gpa-9	1	23	2
1008	gpa-9	1	23	2
1008	gpa-9	1	23	2
1009	gpa-9	1	23	2
1009	gpa-9	1	23	2
1010	gpa-9	1	23	2
1010	gpa-9	1	23	2
1011	gpa-9	1	23	2
1011	gpa-9	1	23	2
1012	gpa-9	1	23	2
1012	gpa-9	1	23	2
1013	gpa-9	1	23	2
1013	gpa-9	1	23	2
1014	gpa-9	1	26	2
1014	gpa-9	1	26	2
1015	gpa-9	1	26	2
1015	gpa-9	1	26	2
1016	gpa-9	1	26	2
1016	gpa-9	1	26	2
1017	gpa-9	1	26	2
1017	gpa-9	1	26	2
1018	gpa-9	1	26	2
1018	gpa-9	1	26	2
1019	gpa-9	1	26	2
1019	gpa-9	1	26	2
1020	gpa-9	1	26	2
1020	gpa-9	1	26	2
1021	gpa-9	1	26	2
1021	gpa-9	1	26	2
1022	gpa-9	1	26	2
1022	gpa-9	1	26	2
1023	gpa-9	1	26	2
1023	gpa-9	1	26	2
1024	gpa-9	1	26	2
1024	gpa-9	1	26	2
1025	gpa-9	1	26	2
1025	gpa-9	1	26	2
1026	gpa-9	1	26	2
1026	gpa-9	1	26	2
1027	gpa-9	1	26	2
1027	gpa-9	1	26	2
1028	gpa-9	1	26	2
1028	gpa-9	1	26	2
1029	gpa-9	1	28	2
1029	gpa-9	1	28	2
1030	gpa-9	1	28	2
1030	gpa-9	1	28	2
1031	gpa-9	1	28	2
1031	gpa-9	1	28	2
1032	gpa-9	1	28	2
1032	gpa-9	1	28	2
1033	gpa-9	1	28	2
1033	gpa-9	1	28	2
1034	gpa-9	1	19	3
1034	gpa-9	1	19	3
1035	gpa-9	1	19	3
1035	gpa-9	1	19	3
1036	gpa-9	1	19	3
1036	gpa-9	1	19	3
1037	gpa-9	1	21	3
1037	gpa-9	1	21	3
1038	gpa-9	1	23	3
1038	gpa-9	1	23	3
1039	gpa-9	2	13	0
1039	gpa-9	2	13	0
1040	gpa-9	2	13	0
1040	gpa-9	2	13	0
1041	gpa-9	2	16	0
1041	gpa-9	2	16	0
1042	gpa-9	2	19	0
1042	gpa-9	2	19	0
1043	gpa-9	2	19	0
1043	gpa-9	2	19	0
1044	gpa-9	2	21	0
1044	gpa-9	2	21	0
1045	gpa-9	2	21	0
1045	gpa-9	2	21	0
1046	gpa-9	2	23	0
1046	gpa-9	2	23	0
1047	gpa-9	2	23	0
1047	gpa-9	2	23	0
1048	gpa-9	2	23	0
1048	gpa-9	2	23	0
1049	gpa-9	2	23	0
1049	gpa-9	2	23	0
1050	gpa-9	2	26	0
1050	gpa-9	2	26	0
1051	gpa-9	2	26	0
1051	gpa-9	2	26	0
1052	gpa-9	2	26	0
1052	gpa-9	2	26	0
1053	gpa-9	2	28	0
1053	gpa-9	2	28	0
1054	gpa-9	2	28	0
1054	gpa-9	2	28	0
1055	gpa-9	2	28	0
1055	gpa-9	2	28	0
1056	gpa-9	2	28	0
1056	gpa-9	2	28	0
1057	gpa-9	2	28	0
1057	gpa-9	2	28	0
1058	gpa-9	2	28	0
1058	gpa-9	2	28	0
1059	gpa-9	2	30	0
1059	gpa-9	2	30	0
1060	gpa-9	2	30	0
1060	gpa-9	2	30	0
1061	gpa-9	2	30	0
1061	gpa-9	2	30	0
1062	gpa-9	2	30	0
1062	gpa-9	2	30	0
1063	gpa-9	2	30	0
1063	gpa-9	2	30	0
1064	gpa-9	2	30	0
1064	gpa-9	2	30	0
1065	gpa-9	2	33	0
1065	gpa-9	2	33	0
1066	gpa-9	2	33	0
1066	gpa-9	2	33	0
1067	gpa-9	2	33	0
1067	gpa-9	2	33	0
1068	gpa-9	2	33	0
1068	gpa-9	2	33	0
1069	gpa-9	2	35	0
1069	gpa-9	2	35	0
1070	gpa-9	2	35	0
1070	gpa-9	2	35	0
1071	gpa-9	2	35	0
1071	gpa-9	2	35	0
1072	gpa-9	2	19	2
1072	gpa-9	2	19	2
1073	gpa-9	2	19	2
1073	gpa-9	2	19	2
1074	gpa-9	2	19	2
1074	gpa-9	2	19	2
1075	gpa-9	2	19	2
1075	gpa-9	2	19	2
1076	gpa-9	2	19	2
1076	gpa-9	2	19	2
1077	gpa-9	2	21	2
1077	gpa-9	2	21	2
1078	gpa-9	2	21	2
1078	gpa-9	2	21	2
1079	gpa-9	2	21	2
1079	gpa-9	2	21	2
1080	gpa-9	2	23	2
1080	gpa-9	2	23	2
1081	gpa-9	2	23	2
1081	gpa-9	2	23	2
1082	gpa-9	2	23	2
1082	gpa-9	2	23	2
1083	gpa-9	2	23	2
1083	gpa-9	2	23	2
1084	gpa-9	2	23	2
1084	gpa-9	2	23	2
1085	gpa-9	2	23	2
1085	gpa-9	2	23	2
1086	gpa-9	2	23	2
1086	gpa-9	2	23	2
1087	gpa-9	2	23	2
1087	gpa-9	2	23	2
1088	gpa-9	2	23	2
1088	gpa-9	2	23	2
1089	gpa-9	2	26	2
1089	gpa-9	2	26	2
1090	gpa-9	2	26	2
1090	gpa-9	2	26	2
1091	gpa-9	2	26	2
1091	gpa-9	2	26	2
1092	gpa-9	2	26	2
1092	gpa-9	2	26	2
1093	gpa-9	2	26	2
1093	gpa-9	2	26	2
1094	gpa-9	2	26	2
1094	gpa-9	2	26	2
1095	gpa-9	2	28	2
1095	gpa-9	2	28	2
1096	gpa-9	2	28	2
1096	gpa-9	2	28	2
1097	gpa-9	2	28	2
1097	gpa-9	2	28	2
1098	gpa-9	2	28	2
1098	gpa-9	2	28	2
1099	gpa-9	2	28	2
1099	gpa-9	2	28	2
1100	gpa-9	2	13	3
1100	gpa-9	2	13	3
1101	gpa-9	2	16	3
1101	gpa-9	2	16	3
1102	gpa-9	2	16	3
1102	gpa-9	2	16	3
1103	gpa-9	2	16	3
1103	gpa-9	2	16	3
1104	gpa-9	2	19	3
1104	gpa-9	2	19	3
1105	gpa-9	2	19	3
1105	gpa-9	2	19	3
1106	trpa-1	1	21	0
1106	trpa-1	1	21	0
1107	trpa-1	1	23	0
1107	trpa-1	1	23	0
1108	trpa-1	1	23	0
1108	trpa-1	1	23	0
1109	trpa-1	1	23	0
1109	trpa-1	1	23	0
1110	trpa-1	1	23	0
1110	trpa-1	1	23	0
1111	trpa-1	1	26	0
1111	trpa-1	1	26	0
1112	trpa-1	1	26	0
1112	trpa-1	1	26	0
1113	trpa-1	1	26	0
1113	trpa-1	1	26	0
1114	trpa-1	1	26	0
1114	trpa-1	1	26	0
1115	trpa-1	1	28	0
1115	trpa-1	1	28	0
1116	trpa-1	1	28	0
1116	trpa-1	1	28	0
1117	trpa-1	1	28	0
1117	trpa-1	1	28	0
1118	trpa-1	1	28	0
1118	trpa-1	1	28	0
1119	trpa-1	1	30	0
1119	trpa-1	1	30	0
1120	trpa-1	1	30	0
1120	trpa-1	1	30	0
1121	trpa-1	1	30	0
1121	trpa-1	1	30	0
1122	trpa-1	1	30	0
1122	trpa-1	1	30	0
1123	trpa-1	1	30	0
1123	trpa-1	1	30	0
1124	trpa-1	1	30	0
1124	trpa-1	1	30	0
1125	trpa-1	1	30	0
1125	trpa-1	1	30	0
1126	trpa-1	1	30	0
1126	trpa-1	1	30	0
1127	trpa-1	1	33	0
1127	trpa-1	1	33	0
1128	trpa-1	1	33	0
1128	trpa-1	1	33	0
1129	trpa-1	1	33	0
1129	trpa-1	1	33	0
1130	trpa-1	1	33	0
1130	trpa-1	1	33	0
1131	trpa-1	1	33	0
1131	trpa-1	1	33	0
1132	trpa-1	1	33	0
1132	trpa-1	1	33	0
1133	trpa-1	1	33	0
1133	trpa-1	1	33	0
1134	trpa-1	1	33	0
1134	trpa-1	1	33	0
1135	trpa-1	1	33	0
1135	trpa-1	1	33	0
1136	trpa-1	1	33	0
1136	trpa-1	1	33	0
1137	trpa-1	1	35	0
1137	trpa-1	1	35	0
1138	trpa-1	1	35	0
1138	trpa-1	1	35	0
1139	trpa-1	1	35	0
1139	trpa-1	1	35	0
1140	trpa-1	1	35	0
1140	trpa-1	1	35	0
1141	trpa-1	1	35	0
1141	trpa-1	1	35	0
1142	trpa-1	1	35	0
1142	trpa-1	1	35	0
1143	trpa-1	1	37	0
1143	trpa-1	1	37	0
1144	trpa-1	1	37	0
1144	trpa-1	1	37	0
1145	trpa-1	1	37	0
1145	trpa-1	1	37	0
1146	trpa-1	1	16	2
1146	trpa-1	1	16	2
1147	trpa-1	1	19	2
1147	trpa-1	1	19	2
1148	trpa-1	1	19	2
1148	trpa-1	1	19	2
1149	trpa-1	1	19	2
1149	trpa-1	1	19	2
1150	trpa-1	1	19	2
1150	trpa-1	1	19	2
1151	trpa-1	1	19	2
1151	trpa-1	1	19	2
1152	trpa-1	1	21	2
1152	trpa-1	1	21	2
1153	trpa-1	1	23	2
1153	trpa-1	1	23	2
1154	trpa-1	1	23	2
1154	trpa-1	1	23	2
1155	trpa-1	1	26	2
1155	trpa-1	1	26	2
1156	trpa-1	1	26	2
1156	trpa-1	1	26	2
1157	trpa-1	1	26	2
1157	trpa-1	1	26	2
1158	trpa-1	1	26	2
1158	trpa-1	1	26	2
1159	trpa-1	1	26	2
1159	trpa-1	1	26	2
1160	trpa-1	1	26	2
1160	trpa-1	1	26	2
1161	trpa-1	1	26	2
1161	trpa-1	1	26	2
1162	trpa-1	1	26	2
1162	trpa-1	1	26	2
1163	trpa-1	1	26	2
1163	trpa-1	1	26	2
1164	trpa-1	1	28	2
1164	trpa-1	1	28	2
1165	trpa-1	1	28	2
1165	trpa-1	1	28	2
1166	trpa-1	1	28	2
1166	trpa-1	1	28	2
1167	trpa-1	1	28	2
1167	trpa-1	1	28	2
1168	trpa-1	1	28	2
1168	trpa-1	1	28	2
1169	trpa-1	1	28	2
1169	trpa-1	1	28	2
1170	trpa-1	1	28	2
1170	trpa-1	1	28	2
1171	trpa-1	1	28	2
1171	trpa-1	1	28	2
1172	trpa-1	1	30	2
1172	trpa-1	1	30	2
1173	trpa-1	1	30	2
1173	trpa-1	1	30	2
1174	trpa-1	1	30	2
1174	trpa-1	1	30	2
1175	trpa-1	1	33	2
1175	trpa-1	1	33	2
1176	trpa-1	1	13	3
1176	trpa-1	1	13	3
1177	trpa-1	1	16	3
1177	trpa-1	1	16	3
1178	trpa-1	1	23	3
1178	trpa-1	1	23	3
1179	trpa-1	2	13	0
1179	trpa-1	2	13	0
1180	trpa-1	2	19	0
1180	trpa-1	2	19	0
1181	trpa-1	2	19	0
1181	trpa-1	2	19	0
1182	trpa-1	2	21	0
1182	trpa-1	2	21	0
1183	trpa-1	2	21	0
1183	trpa-1	2	21	0
1184	trpa-1	2	21	0
1184	trpa-1	2	21	0
1185	trpa-1	2	23	0
1185	trpa-1	2	23	0
1186	trpa-1	2	23	0
1186	trpa-1	2	23	0
1187	trpa-1	2	23	0
1187	trpa-1	2	23	0
1188	trpa-1	2	23	0
1188	trpa-1	2	23	0
1189	trpa-1	2	26	0
1189	trpa-1	2	26	0
1190	trpa-1	2	26	0
1190	trpa-1	2	26	0
1191	trpa-1	2	26	0
1191	trpa-1	2	26	0
1192	trpa-1	2	26	0
1192	trpa-1	2	26	0
1193	trpa-1	2	26	0
1193	trpa-1	2	26	0
1194	trpa-1	2	26	0
1194	trpa-1	2	26	0
1195	trpa-1	2	28	0
1195	trpa-1	2	28	0
1196	trpa-1	2	28	0
1196	trpa-1	2	28	0
1197	trpa-1	2	28	0
1197	trpa-1	2	28	0
1198	trpa-1	2	28	0
1198	trpa-1	2	28	0
1199	trpa-1	2	28	0
1199	trpa-1	2	28	0
1200	trpa-1	2	28	0
1200	trpa-1	2	28	0
1201	trpa-1	2	28	0
1201	trpa-1	2	28	0
1202	trpa-1	2	28	0
1202	trpa-1	2	28	0
1203	trpa-1	2	30	0
1203	trpa-1	2	30	0
1204	trpa-1	2	30	0
1204	trpa-1	2	30	0
1205	trpa-1	2	30	0
1205	trpa-1	2	30	0
1206	trpa-1	2	30	0
1206	trpa-1	2	30	0
1207	trpa-1	2	30	0
1207	trpa-1	2	30	0
1208	trpa-1	2	30	0
1208	trpa-1	2	30	0
1209	trpa-1	2	30	0
1209	trpa-1	2	30	0
1210	trpa-1	2	30	0
1210	trpa-1	2	30	0
1211	trpa-1	2	33	0
1211	trpa-1	2	33	0
1212	trpa-1	2	33	0
1212	trpa-1	2	33	0
1213	trpa-1	2	33	0
1213	trpa-1	2	33	0
1214	trpa-1	2	33	0
1214	trpa-1	2	33	0
1215	trpa-1	2	35	0
1215	trpa-1	2	35	0
1216	trpa-1	2	35	0
1216	trpa-1	2	35	0
1217	trpa-1	2	35	0
1217	trpa-1	2	35	0
1218	trpa-1	2	35	0
1218	trpa-1	2	35	0
1219	trpa-1	2	35	0
1219	trpa-1	2	35	0
1220	trpa-1	2	35	0
1220	trpa-1	2	35	0
1221	trpa-1	2	35	0
1221	trpa-1	2	35	0
1222	trpa-1	2	35	0
1222	trpa-1	2	35	0
1223	trpa-1	2	37	0
1223	trpa-1	2	37	0
1224	trpa-1	2	37	0
1224	trpa-1	2	37	0
1225	trpa-1	2	37	0
1225	trpa-1	2	37	0
1226	trpa-1	2	40	0
1226	trpa-1	2	40	0
1227	trpa-1	2	40	0
1227	trpa-1	2	40	0
1228	trpa-1	2	16	2
1228	trpa-1	2	16	2
1229	trpa-1	2	19	2
1229	trpa-1	2	19	2
1230	trpa-1	2	19	2
1230	trpa-1	2	19	2
1231	trpa-1	2	19	2
1231	trpa-1	2	19	2
1232	trpa-1	2	19	2
1232	trpa-1	2	19	2
1233	trpa-1	2	19	2
1233	trpa-1	2	19	2
1234	trpa-1	2	19	2
1234	trpa-1	2	19	2
1235	trpa-1	2	19	2
1235	trpa-1	2	19	2
1236	trpa-1	2	19	2
1236	trpa-1	2	19	2
1237	trpa-1	2	19	2
1237	trpa-1	2	19	2
1238	trpa-1	2	19	2
1238	trpa-1	2	19	2
1239	trpa-1	2	21	2
1239	trpa-1	2	21	2
1240	trpa-1	2	21	2
1240	trpa-1	2	21	2
1241	trpa-1	2	21	2
1241	trpa-1	2	21	2
1242	trpa-1	2	21	2
1242	trpa-1	2	21	2
1243	trpa-1	2	23	2
1243	trpa-1	2	23	2
1244	trpa-1	2	28	2
1244	trpa-1	2	28	2
1245	trpa-1	2	13	3
1245	trpa-1	2	13	3
1246	trpa-1	2	16	3
1246	trpa-1	2	16	3
1247	trpa-1	2	16	3
1247	trpa-1	2	16	3
1248	trpa-1	2	16	3
1248	trpa-1	2	16	3
1249	tyr-2	1	16	0
1249	tyr-2	1	16	0
1250	tyr-2	1	16	0
1250	tyr-2	1	16	0
1251	tyr-2	1	23	0
1251	tyr-2	1	23	0
1252	tyr-2	1	26	0
1252	tyr-2	1	26	0
1253	tyr-2	1	26	0
1253	tyr-2	1	26	0
1254	tyr-2	1	26	0
1254	tyr-2	1	26	0
1255	tyr-2	1	26	0
1255	tyr-2	1	26	0
1256	tyr-2	1	28	0
1256	tyr-2	1	28	0
1257	tyr-2	1	28	0
1257	tyr-2	1	28	0
1258	tyr-2	1	28	0
1258	tyr-2	1	28	0
1259	tyr-2	1	28	0
1259	tyr-2	1	28	0
1260	tyr-2	1	28	0
1260	tyr-2	1	28	0
1261	tyr-2	1	28	0
1261	tyr-2	1	28	0
1262	tyr-2	1	28	0
1262	tyr-2	1	28	0
1263	tyr-2	1	30	0
1263	tyr-2	1	30	0
1264	tyr-2	1	30	0
1264	tyr-2	1	30	0
1265	tyr-2	1	30	0
1265	tyr-2	1	30	0
1266	tyr-2	1	16	2
1266	tyr-2	1	16	2
1267	tyr-2	1	16	2
1267	tyr-2	1	16	2
1268	tyr-2	1	16	2
1268	tyr-2	1	16	2
1269	tyr-2	1	16	2
1269	tyr-2	1	16	2
1270	tyr-2	1	16	2
1270	tyr-2	1	16	2
1271	tyr-2	1	16	2
1271	tyr-2	1	16	2
1272	tyr-2	1	19	2
1272	tyr-2	1	19	2
1273	tyr-2	1	19	2
1273	tyr-2	1	19	2
1274	tyr-2	1	19	2
1274	tyr-2	1	19	2
1275	tyr-2	1	19	2
1275	tyr-2	1	19	2
1276	tyr-2	1	19	2
1276	tyr-2	1	19	2
1277	tyr-2	1	19	2
1277	tyr-2	1	19	2
1278	tyr-2	1	21	2
1278	tyr-2	1	21	2
1279	tyr-2	1	21	2
1279	tyr-2	1	21	2
1280	tyr-2	1	21	2
1280	tyr-2	1	21	2
1281	tyr-2	1	21	2
1281	tyr-2	1	21	2
1282	tyr-2	1	21	2
1282	tyr-2	1	21	2
1283	tyr-2	1	23	2
1283	tyr-2	1	23	2
1284	tyr-2	1	23	2
1284	tyr-2	1	23	2
1285	tyr-2	1	23	2
1285	tyr-2	1	23	2
1286	tyr-2	1	23	2
1286	tyr-2	1	23	2
1287	tyr-2	1	23	2
1287	tyr-2	1	23	2
1288	tyr-2	1	23	2
1288	tyr-2	1	23	2
1289	tyr-2	1	23	2
1289	tyr-2	1	23	2
1290	tyr-2	1	23	2
1290	tyr-2	1	23	2
1291	tyr-2	1	23	2
1291	tyr-2	1	23	2
1292	tyr-2	1	23	2
1292	tyr-2	1	23	2
1293	tyr-2	1	26	2
1293	tyr-2	1	26	2
1294	tyr-2	1	26	2
1294	tyr-2	1	26	2
1295	tyr-2	1	26	2
1295	tyr-2	1	26	2
1296	tyr-2	1	26	2
1296	tyr-2	1	26	2
1297	tyr-2	1	26	2
1297	tyr-2	1	26	2
1298	tyr-2	1	26	2
1298	tyr-2	1	26	2
1299	tyr-2	1	26	2
1299	tyr-2	1	26	2
1300	tyr-2	1	26	2
1300	tyr-2	1	26	2
1301	tyr-2	1	26	2
1301	tyr-2	1	26	2
1302	tyr-2	1	26	2
1302	tyr-2	1	26	2
1303	tyr-2	1	26	2
1303	tyr-2	1	26	2
1304	tyr-2	1	26	2
1304	tyr-2	1	26	2
1305	tyr-2	1	26	2
1305	tyr-2	1	26	2
1306	tyr-2	1	26	2
1306	tyr-2	1	26	2
1307	tyr-2	2	23	0
1307	tyr-2	2	23	0
1308	tyr-2	2	23	0
1308	tyr-2	2	23	0
1309	tyr-2	2	23	0
1309	tyr-2	2	23	0
1310	tyr-2	2	23	0
1310	tyr-2	2	23	0
1311	tyr-2	2	26	0
1311	tyr-2	2	26	0
1312	tyr-2	2	26	0
1312	tyr-2	2	26	0
1313	tyr-2	2	26	0
1313	tyr-2	2	26	0
1314	tyr-2	2	26	0
1314	tyr-2	2	26	0
1315	tyr-2	2	28	0
1315	tyr-2	2	28	0
1316	tyr-2	2	28	0
1316	tyr-2	2	28	0
1317	tyr-2	2	30	0
1317	tyr-2	2	30	0
1318	tyr-2	2	30	0
1318	tyr-2	2	30	0
1319	tyr-2	2	30	0
1319	tyr-2	2	30	0
1320	tyr-2	2	16	2
1320	tyr-2	2	16	2
1321	tyr-2	2	16	2
1321	tyr-2	2	16	2
1322	tyr-2	2	16	2
1322	tyr-2	2	16	2
1323	tyr-2	2	19	2
1323	tyr-2	2	19	2
1324	tyr-2	2	19	2
1324	tyr-2	2	19	2
1325	tyr-2	2	19	2
1325	tyr-2	2	19	2
1326	tyr-2	2	19	2
1326	tyr-2	2	19	2
1327	tyr-2	2	21	2
1327	tyr-2	2	21	2
1328	tyr-2	2	21	2
1328	tyr-2	2	21	2
1329	tyr-2	2	21	2
1329	tyr-2	2	21	2
1330	tyr-2	2	21	2
1330	tyr-2	2	21	2
1331	tyr-2	2	21	2
1331	tyr-2	2	21	2
1332	tyr-2	2	23	2
1332	tyr-2	2	23	2
1333	tyr-2	2	23	2
1333	tyr-2	2	23	2
1334	tyr-2	2	23	2
1334	tyr-2	2	23	2
1335	tyr-2	2	23	2
1335	tyr-2	2	23	2
1336	tyr-2	2	26	2
1336	tyr-2	2	26	2
1337	tyr-2	2	26	2
1337	tyr-2	2	26	2
1338	tyr-2	2	26	2
1338	tyr-2	2	26	2
1339	tyr-2	2	28	2
1339	tyr-2	2	28	2
1340	tyr-2	2	30	2
1340	tyr-2	2	30	2
1341	tyr-2	2	30	2
1341	tyr-2	2	30	2
1342	tyr-2	2	13	3
1342	tyr-2	2	13	3
1343	tyr-2	2	16	3
1343	tyr-2	2	16	3
