strain	replicate	age.at.death	rupture	
1	N2	1	19	0
2	N2	1	19	0
3	N2	1	19	0
4	N2	1	21	0
5	N2	1	21	0
6	N2	1	21	0
7	N2	1	21	0
8	N2	1	21	0
9	N2	1	21	0
10	N2	1	23	0
11	N2	1	23	0
12	N2	1	23	0
13	N2	1	23	0
14	N2	1	26	0
15	N2	1	26	0
16	N2	1	26	0
17	N2	1	26	0
18	N2	1	26	0
19	N2	1	26	0
20	N2	1	26	0
21	N2	1	26	0
22	N2	1	26	0
23	N2	1	26	0
24	N2	1	26	0
25	N2	1	26	0
26	N2	1	26	0
27	N2	1	26	0
28	N2	1	28	0
29	N2	1	28	0
30	N2	1	28	0
31	N2	1	28	0
32	N2	1	28	0
33	N2	1	28	0
34	N2	1	28	0
35	N2	1	28	0
36	N2	1	28	0
37	N2	1	28	0
38	N2	1	30	0
39	N2	1	30	0
40	N2	1	30	0
41	N2	1	30	0
42	N2	1	30	0
43	N2	1	30	0
44	N2	1	30	0
45	N2	1	30	0
46	N2	1	33	0
47	N2	1	33	0
48	N2	1	33	0
49	N2	1	33	0
50	N2	1	33	0
51	N2	1	33	0
52	N2	1	33	0
53	N2	1	33	0
54	N2	1	33	0
55	N2	1	35	0
56	N2	1	35	0
57	N2	1	35	0
58	N2	1	35	0
59	N2	1	40	0
60	N2	1	16	2
61	N2	1	16	2
62	N2	1	19	2
63	N2	1	19	2
64	N2	1	21	2
65	N2	1	21	2
66	N2	1	21	2
67	N2	1	26	2
68	N2	1	26	2
69	N2	1	26	2
70	N2	1	26	2
71	N2	1	26	2
72	N2	1	26	2
73	N2	1	26	2
74	N2	1	26	2
75	N2	1	26	2
76	N2	1	28	2
77	N2	1	28	2
78	N2	1	14	3
79	N2	1	16	3
80	N2	1	16	3
81	N2	1	16	3
82	N2	1	19	3
83	N2	2	21	0
84	N2	2	21	0
85	N2	2	21	0
86	N2	2	21	0
87	N2	2	21	0
88	N2	2	21	0
89	N2	2	21	0
90	N2	2	21	0
91	N2	2	21	0
92	N2	2	23	0
93	N2	2	23	0
94	N2	2	23	0
95	N2	2	23	0
96	N2	2	26	0
97	N2	2	26	0
98	N2	2	26	0
99	N2	2	26	0
100	N2	2	26	0
101	N2	2	26	0
102	N2	2	26	0
103	N2	2	26	0
104	N2	2	26	0
105	N2	2	28	0
106	N2	2	28	0
107	N2	2	28	0
108	N2	2	28	0
109	N2	2	28	0
110	N2	2	28	0
111	N2	2	28	0
112	N2	2	28	0
113	N2	2	30	0
114	N2	2	30	0
115	N2	2	30	0
116	N2	2	30	0
117	N2	2	30	0
118	N2	2	30	0
119	N2	2	30	0
120	N2	2	30	0
121	N2	2	30	0
122	N2	2	30	0
123	N2	2	30	0
124	N2	2	30	0
125	N2	2	30	0
126	N2	2	30	0
127	N2	2	30	0
128	N2	2	30	0
129	N2	2	30	0
130	N2	2	30	0
131	N2	2	33	0
132	N2	2	33	0
133	N2	2	33	0
134	N2	2	33	0
135	N2	2	33	0
136	N2	2	33	0
137	N2	2	33	0
138	N2	2	33	0
139	N2	2	35	0
140	N2	2	35	0
141	N2	2	35	0
142	N2	2	37	0
143	N2	2	37	0
144	N2	2	37	0
145	N2	2	37	0
146	N2	2	19	2
147	N2	2	19	2
148	N2	2	21	2
149	N2	2	21	2
150	N2	2	21	2
151	N2	2	26	2
152	N2	2	26	2
153	N2	2	26	2
154	N2	2	28	2
155	N2	2	30	2
156	N2	2	30	2
157	N2	2	30	2
158	N2	2	16	3
159	N2	2	16	3
160	N2	2	19	3
161	N2	2	19	3
162	N2	2	19	3
163	N2	2	19	3
164	N2	2	19	3
165	N2	2	19	3
166	N2	2	21	3
167	N2	2	23	3
168	rol-6	1	16	0
169	rol-6	1	16	0
170	rol-6	1	16	0
171	rol-6	1	16	0
172	rol-6	1	19	0
173	rol-6	1	19	0
174	rol-6	1	19	0
175	rol-6	1	19	0
176	rol-6	1	19	0
177	rol-6	1	19	0
178	rol-6	1	19	0
179	rol-6	1	21	0
180	rol-6	1	21	0
181	rol-6	1	21	0
182	rol-6	1	21	0
183	rol-6	1	21	0
184	rol-6	1	23	0
185	rol-6	1	23	0
186	rol-6	1	23	0
187	rol-6	1	23	0
188	rol-6	1	23	0
189	rol-6	1	23	0
190	rol-6	1	23	0
191	rol-6	1	26	0
192	rol-6	1	26	0
193	rol-6	1	26	0
194	rol-6	1	26	0
195	rol-6	1	26	0
196	rol-6	1	26	0
197	rol-6	1	26	0
198	rol-6	1	28	0
199	rol-6	1	28	0
200	rol-6	1	28	0
201	rol-6	1	28	0
202	rol-6	1	30	0
203	rol-6	1	30	0
204	rol-6	1	30	0
205	rol-6	1	30	0
206	rol-6	1	30	0
207	rol-6	1	30	0
208	rol-6	1	33	0
209	rol-6	1	33	0
210	rol-6	1	33	0
211	rol-6	1	33	0
212	rol-6	1	33	0
213	rol-6	1	33	0
214	rol-6	1	33	0
215	rol-6	1	33	0
216	rol-6	1	33	0
217	rol-6	1	33	0
218	rol-6	1	33	0
219	rol-6	1	33	0
220	rol-6	1	37	0
221	rol-6	1	37	0
222	rol-6	1	40	0
223	rol-6	1	19	1
224	rol-6	1	26	1
225	rol-6	1	26	1
226	rol-6	1	16	2
227	rol-6	1	16	2
228	rol-6	1	19	2
229	rol-6	1	19	2
230	rol-6	1	19	2
231	rol-6	1	19	2
232	rol-6	1	12	3
233	rol-6	1	14	3
234	rol-6	1	14	3
235	rol-6	1	14	3
236	rol-6	1	14	3
237	rol-6	1	14	3
238	rol-6	1	14	3
239	rol-6	1	14	3
240	rol-6	1	16	3
241	rol-6	1	16	3
242	rol-6	1	16	3
243	rol-6	1	16	3
244	rol-6	1	16	3
245	rol-6	1	19	3
246	rol-6	1	19	3
247	rol-6	1	19	3
248	rol-6	1	19	3
249	rol-6	1	21	3
250	rol-6	2	14	0
251	rol-6	2	19	0
252	rol-6	2	19	0
253	rol-6	2	19	0
254	rol-6	2	21	0
255	rol-6	2	21	0
256	rol-6	2	21	0
257	rol-6	2	21	0
258	rol-6	2	21	0
259	rol-6	2	21	0
260	rol-6	2	21	0
261	rol-6	2	23	0
262	rol-6	2	23	0
263	rol-6	2	23	0
264	rol-6	2	23	0
265	rol-6	2	23	0
266	rol-6	2	23	0
267	rol-6	2	23	0
268	rol-6	2	23	0
269	rol-6	2	23	0
270	rol-6	2	26	0
271	rol-6	2	26	0
272	rol-6	2	26	0
273	rol-6	2	26	0
274	rol-6	2	26	0
275	rol-6	2	26	0
276	rol-6	2	26	0
277	rol-6	2	26	0
278	rol-6	2	26	0
279	rol-6	2	28	0
280	rol-6	2	28	0
281	rol-6	2	28	0
282	rol-6	2	28	0
283	rol-6	2	28	0
284	rol-6	2	28	0
285	rol-6	2	28	0
286	rol-6	2	30	0
287	rol-6	2	30	0
288	rol-6	2	30	0
289	rol-6	2	30	0
290	rol-6	2	30	0
291	rol-6	2	30	0
292	rol-6	2	33	0
293	rol-6	2	33	0
294	rol-6	2	33	0
295	rol-6	2	33	0
296	rol-6	2	33	0
297	rol-6	2	33	0
298	rol-6	2	33	0
299	rol-6	2	33	0
300	rol-6	2	35	0
301	rol-6	2	35	0
302	rol-6	2	35	0
303	rol-6	2	35	0
304	rol-6	2	19	1
305	rol-6	2	26	1
306	rol-6	2	16	2
307	rol-6	2	19	2
308	rol-6	2	19	2
309	rol-6	2	19	2
310	rol-6	2	21	2
311	rol-6	2	21	2
312	rol-6	2	23	2
313	rol-6	2	26	2
314	rol-6	2	14	3
315	rol-6	2	14	3
316	rol-6	2	14	3
317	rol-6	2	14	3
318	rol-6	2	14	3
319	rol-6	2	16	3
320	rol-6	2	16	3
321	rol-6	2	16	3
322	rol-6	2	19	3
323	rol-6	2	19	3
324	rol-6	2	19	3
325	rol-6	2	19	3
326	rol-6	2	19	3
327	rol-6	2	19	3
328	rol-6	2	19	3
329	rol-6	2	19	3
330	rol-6	2	19	3
331	rol-6	2	21	3
332	rol-6	2	21	3
333	SKN-1.OX	1	16	0
334	SKN-1.OX	1	19	0
335	SKN-1.OX	1	19	0
336	SKN-1.OX	1	19	0
337	SKN-1.OX	1	19	0
338	SKN-1.OX	1	21	0
339	SKN-1.OX	1	21	0
340	SKN-1.OX	1	21	0
341	SKN-1.OX	1	21	0
342	SKN-1.OX	1	21	0
343	SKN-1.OX	1	21	0
344	SKN-1.OX	1	23	0
345	SKN-1.OX	1	23	0
346	SKN-1.OX	1	23	0
347	SKN-1.OX	1	23	0
348	SKN-1.OX	1	23	0
349	SKN-1.OX	1	23	0
350	SKN-1.OX	1	26	0
351	SKN-1.OX	1	26	0
352	SKN-1.OX	1	26	0
353	SKN-1.OX	1	26	0
354	SKN-1.OX	1	26	0
355	SKN-1.OX	1	26	0
356	SKN-1.OX	1	26	0
357	SKN-1.OX	1	26	0
358	SKN-1.OX	1	26	0
359	SKN-1.OX	1	26	0
360	SKN-1.OX	1	26	0
361	SKN-1.OX	1	26	0
362	SKN-1.OX	1	26	0
363	SKN-1.OX	1	28	0
364	SKN-1.OX	1	28	0
365	SKN-1.OX	1	28	0
366	SKN-1.OX	1	28	0
367	SKN-1.OX	1	28	0
368	SKN-1.OX	1	28	0
369	SKN-1.OX	1	28	0
370	SKN-1.OX	1	28	0
371	SKN-1.OX	1	28	0
372	SKN-1.OX	1	28	0
373	SKN-1.OX	1	28	0
374	SKN-1.OX	1	28	0
375	SKN-1.OX	1	30	0
376	SKN-1.OX	1	30	0
377	SKN-1.OX	1	30	0
378	SKN-1.OX	1	30	0
379	SKN-1.OX	1	30	0
380	SKN-1.OX	1	30	0
381	SKN-1.OX	1	30	0
382	SKN-1.OX	1	30	0
383	SKN-1.OX	1	30	0
384	SKN-1.OX	1	30	0
385	SKN-1.OX	1	30	0
386	SKN-1.OX	1	30	0
387	SKN-1.OX	1	30	0
388	SKN-1.OX	1	30	0
389	SKN-1.OX	1	30	0
390	SKN-1.OX	1	30	0
391	SKN-1.OX	1	30	0
392	SKN-1.OX	1	30	0
393	SKN-1.OX	1	33	0
394	SKN-1.OX	1	33	0
395	SKN-1.OX	1	33	0
396	SKN-1.OX	1	33	0
397	SKN-1.OX	1	33	0
398	SKN-1.OX	1	35	0
399	SKN-1.OX	1	35	0
400	SKN-1.OX	1	40	0
401	SKN-1.OX	1	16	1
402	SKN-1.OX	1	19	1
403	SKN-1.OX	1	23	1
404	SKN-1.OX	1	23	1
405	SKN-1.OX	1	19	2
406	SKN-1.OX	1	19	2
407	SKN-1.OX	1	23	3
408	SKN-1.OX	1	23	3
409	SKN-1.OX	2	14	0
410	SKN-1.OX	2	16	0
411	SKN-1.OX	2	16	0
412	SKN-1.OX	2	19	0
413	SKN-1.OX	2	19	0
414	SKN-1.OX	2	19	0
415	SKN-1.OX	2	19	0
416	SKN-1.OX	2	19	0
417	SKN-1.OX	2	21	0
418	SKN-1.OX	2	21	0
419	SKN-1.OX	2	21	0
420	SKN-1.OX	2	21	0
421	SKN-1.OX	2	21	0
422	SKN-1.OX	2	23	0
423	SKN-1.OX	2	23	0
424	SKN-1.OX	2	23	0
425	SKN-1.OX	2	23	0
426	SKN-1.OX	2	23	0
427	SKN-1.OX	2	23	0
428	SKN-1.OX	2	26	0
429	SKN-1.OX	2	26	0
430	SKN-1.OX	2	26	0
431	SKN-1.OX	2	26	0
432	SKN-1.OX	2	26	0
433	SKN-1.OX	2	26	0
434	SKN-1.OX	2	26	0
435	SKN-1.OX	2	26	0
436	SKN-1.OX	2	26	0
437	SKN-1.OX	2	28	0
438	SKN-1.OX	2	28	0
439	SKN-1.OX	2	28	0
440	SKN-1.OX	2	28	0
441	SKN-1.OX	2	28	0
442	SKN-1.OX	2	28	0
443	SKN-1.OX	2	28	0
444	SKN-1.OX	2	28	0
445	SKN-1.OX	2	28	0
446	SKN-1.OX	2	28	0
447	SKN-1.OX	2	28	0
448	SKN-1.OX	2	30	0
449	SKN-1.OX	2	30	0
450	SKN-1.OX	2	30	0
451	SKN-1.OX	2	30	0
452	SKN-1.OX	2	30	0
453	SKN-1.OX	2	30	0
454	SKN-1.OX	2	30	0
455	SKN-1.OX	2	30	0
456	SKN-1.OX	2	30	0
457	SKN-1.OX	2	33	0
458	SKN-1.OX	2	33	0
459	SKN-1.OX	2	33	0
460	SKN-1.OX	2	33	0
461	SKN-1.OX	2	33	0
462	SKN-1.OX	2	33	0
463	SKN-1.OX	2	33	0
464	SKN-1.OX	2	33	0
465	SKN-1.OX	2	33	0
466	SKN-1.OX	2	33	0
467	SKN-1.OX	2	33	0
468	SKN-1.OX	2	35	0
469	SKN-1.OX	2	35	0
470	SKN-1.OX	2	35	0
471	SKN-1.OX	2	37	0
472	SKN-1.OX	2	37	0
473	SKN-1.OX	2	40	0
474	SKN-1.OX	2	40	0
475	SKN-1.OX	2	42	0
476	SKN-1.OX	2	42	0
477	SKN-1.OX	2	19	1
478	SKN-1.OX	2	19	1
479	SKN-1.OX	2	23	1
480	SKN-1.OX	2	23	1
481	SKN-1.OX	2	19	2
482	SKN-1.OX	2	21	2
483	SKN-1.OX	2	21	2
484	SKN-1.OX	2	21	2
485	rhy-1	1	12	0
486	rhy-1	1	14	0
487	rhy-1	1	14	0
488	rhy-1	1	16	0
489	rhy-1	1	16	0
490	rhy-1	1	19	0
491	rhy-1	1	19	0
492	rhy-1	1	19	0
493	rhy-1	1	19	0
494	rhy-1	1	21	0
495	rhy-1	1	21	0
496	rhy-1	1	21	0
497	rhy-1	1	21	0
498	rhy-1	1	21	0
499	rhy-1	1	21	0
500	rhy-1	1	23	0
501	rhy-1	1	23	0
502	rhy-1	1	23	0
503	rhy-1	1	23	0
504	rhy-1	1	23	0
505	rhy-1	1	23	0
506	rhy-1	1	23	0
507	rhy-1	1	23	0
508	rhy-1	1	23	0
509	rhy-1	1	23	0
510	rhy-1	1	23	0
511	rhy-1	1	26	0
512	rhy-1	1	26	0
513	rhy-1	1	26	0
514	rhy-1	1	26	0
515	rhy-1	1	26	0
516	rhy-1	1	26	0
517	rhy-1	1	26	0
518	rhy-1	1	26	0
519	rhy-1	1	28	0
520	rhy-1	1	28	0
521	rhy-1	1	28	0
522	rhy-1	1	28	0
523	rhy-1	1	28	0
524	rhy-1	1	28	0
525	rhy-1	1	30	0
526	rhy-1	1	30	0
527	rhy-1	1	30	0
528	rhy-1	1	30	0
529	rhy-1	1	30	0
530	rhy-1	1	30	0
531	rhy-1	1	33	0
532	rhy-1	1	33	0
533	rhy-1	1	33	0
534	rhy-1	1	33	0
535	rhy-1	1	33	0
536	rhy-1	1	35	0
537	rhy-1	1	35	0
538	rhy-1	1	37	0
539	rhy-1	1	16	1
540	rhy-1	1	16	1
541	rhy-1	1	16	1
542	rhy-1	1	26	1
543	rhy-1	1	26	1
544	rhy-1	1	28	1
545	rhy-1	1	30	1
546	rhy-1	1	30	1
547	rhy-1	1	19	2
548	rhy-1	1	19	2
549	rhy-1	1	14	3
550	rhy-1	1	19	3
551	rhy-1	2	14	0
552	rhy-1	2	16	0
553	rhy-1	2	19	0
554	rhy-1	2	21	0
555	rhy-1	2	21	0
556	rhy-1	2	21	0
557	rhy-1	2	23	0
558	rhy-1	2	23	0
559	rhy-1	2	23	0
560	rhy-1	2	23	0
561	rhy-1	2	23	0
562	rhy-1	2	23	0
563	rhy-1	2	23	0
564	rhy-1	2	23	0
565	rhy-1	2	23	0
566	rhy-1	2	23	0
567	rhy-1	2	23	0
568	rhy-1	2	23	0
569	rhy-1	2	23	0
570	rhy-1	2	23	0
571	rhy-1	2	23	0
572	rhy-1	2	26	0
573	rhy-1	2	26	0
574	rhy-1	2	26	0
575	rhy-1	2	26	0
576	rhy-1	2	26	0
577	rhy-1	2	26	0
578	rhy-1	2	26	0
579	rhy-1	2	26	0
580	rhy-1	2	26	0
581	rhy-1	2	28	0
582	rhy-1	2	28	0
583	rhy-1	2	28	0
584	rhy-1	2	28	0
585	rhy-1	2	28	0
586	rhy-1	2	28	0
587	rhy-1	2	28	0
588	rhy-1	2	28	0
589	rhy-1	2	28	0
590	rhy-1	2	28	0
591	rhy-1	2	30	0
592	rhy-1	2	30	0
593	rhy-1	2	30	0
594	rhy-1	2	30	0
595	rhy-1	2	30	0
596	rhy-1	2	30	0
597	rhy-1	2	30	0
598	rhy-1	2	33	0
599	rhy-1	2	33	0
600	rhy-1	2	33	0
601	rhy-1	2	33	0
602	rhy-1	2	33	0
603	rhy-1	2	35	0
604	rhy-1	2	35	0
605	rhy-1	2	16	1
606	rhy-1	2	16	1
607	rhy-1	2	16	1
608	rhy-1	2	19	1
609	rhy-1	2	19	1
610	rhy-1	2	26	1
611	rhy-1	2	26	1
612	rhy-1	2	26	1
613	rhy-1	2	19	2
614	rhy-1	2	19	2
615	rhy-1	2	19	2
616	rhy-1	2	19	2
617	rhy-1	2	19	2
618	rhy-1	2	19	2
619	rhy-1	2	21	2
620	rhy-1	2	16	3
621	rhy-1	2	21	3
622	rhy-1	2	21	3
623	lys-8	1	14	0
624	lys-8	1	19	0
625	lys-8	1	19	0
626	lys-8	1	19	0
627	lys-8	1	19	0
628	lys-8	1	19	0
629	lys-8	1	21	0
630	lys-8	1	21	0
631	lys-8	1	21	0
632	lys-8	1	21	0
633	lys-8	1	21	0
634	lys-8	1	21	0
635	lys-8	1	21	0
636	lys-8	1	21	0
637	lys-8	1	21	0
638	lys-8	1	23	0
639	lys-8	1	23	0
640	lys-8	1	23	0
641	lys-8	1	23	0
642	lys-8	1	23	0
643	lys-8	1	23	0
644	lys-8	1	23	0
645	lys-8	1	23	0
646	lys-8	1	23	0
647	lys-8	1	23	0
648	lys-8	1	23	0
649	lys-8	1	23	0
650	lys-8	1	23	0
651	lys-8	1	23	0
652	lys-8	1	23	0
653	lys-8	1	26	0
654	lys-8	1	26	0
655	lys-8	1	26	0
656	lys-8	1	26	0
657	lys-8	1	26	0
658	lys-8	1	26	0
659	lys-8	1	26	0
660	lys-8	1	26	0
661	lys-8	1	26	0
662	lys-8	1	26	0
663	lys-8	1	26	0
664	lys-8	1	26	0
665	lys-8	1	26	0
666	lys-8	1	28	0
667	lys-8	1	28	0
668	lys-8	1	28	0
669	lys-8	1	28	0
670	lys-8	1	30	0
671	lys-8	1	30	0
672	lys-8	1	30	0
673	lys-8	1	30	0
674	lys-8	1	30	0
675	lys-8	1	33	0
676	lys-8	1	33	0
677	lys-8	1	33	0
678	lys-8	1	35	0
679	lys-8	1	35	0
680	lys-8	1	19	2
681	lys-8	1	21	2
682	lys-8	1	21	2
683	lys-8	1	26	2
684	lys-8	1	30	2
685	lys-8	2	16	0
686	lys-8	2	16	0
687	lys-8	2	19	0
688	lys-8	2	19	0
689	lys-8	2	19	0
690	lys-8	2	19	0
691	lys-8	2	21	0
692	lys-8	2	21	0
693	lys-8	2	21	0
694	lys-8	2	21	0
695	lys-8	2	21	0
696	lys-8	2	21	0
697	lys-8	2	23	0
698	lys-8	2	23	0
699	lys-8	2	23	0
700	lys-8	2	23	0
701	lys-8	2	26	0
702	lys-8	2	26	0
703	lys-8	2	26	0
704	lys-8	2	26	0
705	lys-8	2	26	0
706	lys-8	2	28	0
707	lys-8	2	28	0
708	lys-8	2	28	0
709	lys-8	2	28	0
710	lys-8	2	28	0
711	lys-8	2	28	0
712	lys-8	2	30	0
713	lys-8	2	30	0
714	lys-8	2	30	0
715	lys-8	2	30	0
716	lys-8	2	30	0
717	lys-8	2	30	0
718	lys-8	2	30	0
719	lys-8	2	30	0
720	lys-8	2	33	0
721	lys-8	2	33	0
722	lys-8	2	33	0
723	lys-8	2	33	0
724	lys-8	2	33	0
725	lys-8	2	33	0
726	lys-8	2	33	0
727	lys-8	2	35	0
728	lys-8	2	35	0
729	lys-8	2	35	0
730	lys-8	2	35	0
731	lys-8	2	37	0
732	lys-8	2	37	0
733	lys-8	2	14	1
734	lys-8	2	14	1
735	lys-8	2	19	2
736	lys-8	2	21	2
737	lys-8	2	26	2
738	lys-8	2	26	2
739	lys-8	2	26	2
740	lys-8	2	28	2
741	lys-8	2	28	2
742	lys-8	2	19	3
743	lys-8	2	19	3
744	inx-2	1	21	0
745	inx-2	1	21	0
746	inx-2	1	21	0
747	inx-2	1	21	0
748	inx-2	1	23	0
749	inx-2	1	23	0
750	inx-2	1	23	0
751	inx-2	1	23	0
752	inx-2	1	26	0
753	inx-2	1	26	0
754	inx-2	1	26	0
755	inx-2	1	26	0
756	inx-2	1	26	0
757	inx-2	1	26	0
758	inx-2	1	26	0
759	inx-2	1	28	0
760	inx-2	1	28	0
761	inx-2	1	28	0
762	inx-2	1	28	0
763	inx-2	1	28	0
764	inx-2	1	28	0
765	inx-2	1	28	0
766	inx-2	1	28	0
767	inx-2	1	28	0
768	inx-2	1	28	0
769	inx-2	1	28	0
770	inx-2	1	28	0
771	inx-2	1	28	0
772	inx-2	1	28	0
773	inx-2	1	28	0
774	inx-2	1	30	0
775	inx-2	1	30	0
776	inx-2	1	30	0
777	inx-2	1	30	0
778	inx-2	1	30	0
779	inx-2	1	30	0
780	inx-2	1	30	0
781	inx-2	1	30	0
782	inx-2	1	30	0
783	inx-2	1	30	0
784	inx-2	1	30	0
785	inx-2	1	30	0
786	inx-2	1	30	0
787	inx-2	1	30	0
788	inx-2	1	30	0
789	inx-2	1	30	0
790	inx-2	1	30	0
791	inx-2	1	30	0
792	inx-2	1	33	0
793	inx-2	1	33	0
794	inx-2	1	33	0
795	inx-2	1	33	0
796	inx-2	1	33	0
797	inx-2	1	33	0
798	inx-2	1	33	0
799	inx-2	1	33	0
800	inx-2	1	33	0
801	inx-2	1	33	0
802	inx-2	1	33	0
803	inx-2	1	35	0
804	inx-2	1	35	0
805	inx-2	1	35	0
806	inx-2	1	35	0
807	inx-2	1	35	0
808	inx-2	1	35	0
809	inx-2	1	35	0
810	inx-2	1	35	0
811	inx-2	1	35	0
812	inx-2	1	35	0
813	inx-2	1	37	0
814	inx-2	1	37	0
815	inx-2	1	37	0
816	inx-2	1	37	0
817	inx-2	1	40	0
818	inx-2	1	28	2
819	inx-2	1	16	3
820	inx-2	1	19	3
821	inx-2	2	14	0
822	inx-2	2	23	0
823	inx-2	2	23	0
824	inx-2	2	23	0
825	inx-2	2	23	0
826	inx-2	2	23	0
827	inx-2	2	23	0
828	inx-2	2	26	0
829	inx-2	2	26	0
830	inx-2	2	26	0
831	inx-2	2	26	0
832	inx-2	2	26	0
833	inx-2	2	26	0
834	inx-2	2	26	0
835	inx-2	2	28	0
836	inx-2	2	28	0
837	inx-2	2	28	0
838	inx-2	2	28	0
839	inx-2	2	28	0
840	inx-2	2	28	0
841	inx-2	2	28	0
842	inx-2	2	28	0
843	inx-2	2	28	0
844	inx-2	2	28	0
845	inx-2	2	28	0
846	inx-2	2	28	0
847	inx-2	2	28	0
848	inx-2	2	30	0
849	inx-2	2	30	0
850	inx-2	2	30	0
851	inx-2	2	30	0
852	inx-2	2	30	0
853	inx-2	2	30	0
854	inx-2	2	30	0
855	inx-2	2	30	0
856	inx-2	2	30	0
857	inx-2	2	30	0
858	inx-2	2	30	0
859	inx-2	2	30	0
860	inx-2	2	30	0
861	inx-2	2	30	0
862	inx-2	2	30	0
863	inx-2	2	33	0
864	inx-2	2	33	0
865	inx-2	2	33	0
866	inx-2	2	33	0
867	inx-2	2	33	0
868	inx-2	2	33	0
869	inx-2	2	33	0
870	inx-2	2	33	0
871	inx-2	2	33	0
872	inx-2	2	33	0
873	inx-2	2	33	0
874	inx-2	2	33	0
875	inx-2	2	33	0
876	inx-2	2	33	0
877	inx-2	2	33	0
878	inx-2	2	33	0
879	inx-2	2	33	0
880	inx-2	2	33	0
881	inx-2	2	33	0
882	inx-2	2	33	0
883	inx-2	2	33	0
884	inx-2	2	33	0
885	inx-2	2	35	0
886	inx-2	2	35	0
887	inx-2	2	35	0
888	inx-2	2	16	1
889	inx-2	2	19	1
890	inx-2	2	19	2
891	inx-2	2	26	2
892	inx-2	2	16	3
893	inx-2	2	21	3
894	sir2.1	1	19	0
895	sir2.1	1	21	0
896	sir2.1	1	21	0
897	sir2.1	1	21	0
898	sir2.1	1	21	0
899	sir2.1	1	23	0
900	sir2.1	1	23	0
901	sir2.1	1	23	0
902	sir2.1	1	23	0
903	sir2.1	1	23	0
904	sir2.1	1	23	0
905	sir2.1	1	26	0
906	sir2.1	1	26	0
907	sir2.1	1	26	0
908	sir2.1	1	26	0
909	sir2.1	1	26	0
910	sir2.1	1	26	0
911	sir2.1	1	26	0
912	sir2.1	1	26	0
913	sir2.1	1	26	0
914	sir2.1	1	26	0
915	sir2.1	1	26	0
916	sir2.1	1	26	0
917	sir2.1	1	26	0
918	sir2.1	1	26	0
919	sir2.1	1	26	0
920	sir2.1	1	26	0
921	sir2.1	1	26	0
922	sir2.1	1	28	0
923	sir2.1	1	28	0
924	sir2.1	1	28	0
925	sir2.1	1	28	0
926	sir2.1	1	28	0
927	sir2.1	1	28	0
928	sir2.1	1	28	0
929	sir2.1	1	28	0
930	sir2.1	1	28	0
931	sir2.1	1	30	0
932	sir2.1	1	30	0
933	sir2.1	1	30	0
934	sir2.1	1	30	0
935	sir2.1	1	30	0
936	sir2.1	1	30	0
937	sir2.1	1	30	0
938	sir2.1	1	30	0
939	sir2.1	1	30	0
940	sir2.1	1	30	0
941	sir2.1	1	30	0
942	sir2.1	1	33	0
943	sir2.1	1	33	0
944	sir2.1	1	33	0
945	sir2.1	1	33	0
946	sir2.1	1	21	2
947	sir2.1	1	21	2
948	sir2.1	1	23	2
949	sir2.1	1	23	2
950	sir2.1	1	23	2
951	sir2.1	1	23	2
952	sir2.1	1	26	2
953	sir2.1	1	26	2
954	sir2.1	1	26	2
955	sir2.1	1	26	2
956	sir2.1	1	26	2
957	sir2.1	1	26	2
958	sir2.1	1	26	2
959	sir2.1	1	26	2
960	sir2.1	1	26	2
961	sir2.1	1	26	2
962	sir2.1	1	28	2
963	sir2.1	1	28	2
964	sir2.1	1	28	2
965	sir2.1	1	28	2
966	sir2.1	1	28	2
967	sir2.1	1	28	2
968	sir2.1	1	21	3
969	sir2.1	1	23	3
970	sir2.1	1	23	3
971	sir2.1	2	9	0
972	sir2.1	2	16	0
973	sir2.1	2	19	0
974	sir2.1	2	19	0
975	sir2.1	2	23	0
976	sir2.1	2	23	0
977	sir2.1	2	23	0
978	sir2.1	2	23	0
979	sir2.1	2	23	0
980	sir2.1	2	23	0
981	sir2.1	2	23	0
982	sir2.1	2	23	0
983	sir2.1	2	23	0
984	sir2.1	2	23	0
985	sir2.1	2	23	0
986	sir2.1	2	26	0
987	sir2.1	2	26	0
988	sir2.1	2	26	0
989	sir2.1	2	26	0
990	sir2.1	2	26	0
991	sir2.1	2	26	0
992	sir2.1	2	26	0
993	sir2.1	2	26	0
994	sir2.1	2	26	0
995	sir2.1	2	26	0
996	sir2.1	2	26	0
997	sir2.1	2	26	0
998	sir2.1	2	26	0
999	sir2.1	2	28	0
1000	sir2.1	2	28	0
1001	sir2.1	2	28	0
1002	sir2.1	2	28	0
1003	sir2.1	2	28	0
1004	sir2.1	2	28	0
1005	sir2.1	2	28	0
1006	sir2.1	2	30	0
1007	sir2.1	2	30	0
1008	sir2.1	2	30	0
1009	sir2.1	2	30	0
1010	sir2.1	2	30	0
1011	sir2.1	2	30	0
1012	sir2.1	2	30	0
1013	sir2.1	2	30	0
1014	sir2.1	2	30	0
1015	sir2.1	2	30	0
1016	sir2.1	2	30	0
1017	sir2.1	2	30	0
1018	sir2.1	2	33	0
1019	sir2.1	2	33	0
1020	sir2.1	2	33	0
1021	sir2.1	2	33	0
1022	sir2.1	2	33	0
1023	sir2.1	2	33	0
1024	sir2.1	2	35	0
1025	sir2.1	2	19	2
1026	sir2.1	2	19	2
1027	sir2.1	2	19	2
1028	sir2.1	2	21	2
1029	sir2.1	2	23	2
1030	sir2.1	2	23	2
1031	sir2.1	2	23	2
1032	sir2.1	2	26	2
1033	sir2.1	2	26	2
1034	sir2.1	2	28	2
1035	sir2.1	2	28	2
1036	sir2.1	2	28	2
1037	sir2.1	2	21	3
1038	sir2.1	2	21	3
1039	sir2.1	2	21	3
1040	sir2.1	2	21	3
1041	sir2.1	2	21	3
1042	fmo-2	1	19	0
1043	fmo-2	1	19	0
1044	fmo-2	1	21	0
1045	fmo-2	1	21	0
1046	fmo-2	1	21	0
1047	fmo-2	1	21	0
1048	fmo-2	1	21	0
1049	fmo-2	1	23	0
1050	fmo-2	1	23	0
1051	fmo-2	1	23	0
1052	fmo-2	1	23	0
1053	fmo-2	1	26	0
1054	fmo-2	1	26	0
1055	fmo-2	1	26	0
1056	fmo-2	1	26	0
1057	fmo-2	1	26	0
1058	fmo-2	1	26	0
1059	fmo-2	1	26	0
1060	fmo-2	1	28	0
1061	fmo-2	1	28	0
1062	fmo-2	1	28	0
1063	fmo-2	1	28	0
1064	fmo-2	1	28	0
1065	fmo-2	1	28	0
1066	fmo-2	1	28	0
1067	fmo-2	1	28	0
1068	fmo-2	1	28	0
1069	fmo-2	1	30	0
1070	fmo-2	1	30	0
1071	fmo-2	1	30	0
1072	fmo-2	1	30	0
1073	fmo-2	1	30	0
1074	fmo-2	1	30	0
1075	fmo-2	1	30	0
1076	fmo-2	1	30	0
1077	fmo-2	1	30	0
1078	fmo-2	1	33	0
1079	fmo-2	1	33	0
1080	fmo-2	1	33	0
1081	fmo-2	1	33	0
1082	fmo-2	1	33	0
1083	fmo-2	1	33	0
1084	fmo-2	1	33	0
1085	fmo-2	1	33	0
1086	fmo-2	1	33	0
1087	fmo-2	1	33	0
1088	fmo-2	1	35	0
1089	fmo-2	1	35	0
1090	fmo-2	1	35	0
1091	fmo-2	1	35	0
1092	fmo-2	1	35	0
1093	fmo-2	1	37	0
1094	fmo-2	1	37	0
1095	fmo-2	1	37	0
1096	fmo-2	1	37	0
1097	fmo-2	1	40	0
1098	fmo-2	1	40	0
1099	fmo-2	1	40	0
1100	fmo-2	1	40	0
1101	fmo-2	1	47	0
1102	fmo-2	1	16	1
1103	fmo-2	1	19	2
1104	fmo-2	1	19	2
1105	fmo-2	1	19	2
1106	fmo-2	1	19	2
1107	fmo-2	1	23	2
1108	fmo-2	1	26	2
1109	fmo-2	1	26	2
1110	fmo-2	1	26	2
1111	fmo-2	1	14	3
1112	fmo-2	1	14	3
1113	fmo-2	1	16	3
1114	fmo-2	1	19	3
1115	fmo-2	1	19	3
1116	fmo-2	2	19	0
1117	fmo-2	2	19	0
1118	fmo-2	2	19	0
1119	fmo-2	2	21	0
1120	fmo-2	2	21	0
1121	fmo-2	2	21	0
1122	fmo-2	2	21	0
1123	fmo-2	2	23	0
1124	fmo-2	2	23	0
1125	fmo-2	2	23	0
1126	fmo-2	2	23	0
1127	fmo-2	2	23	0
1128	fmo-2	2	23	0
1129	fmo-2	2	23	0
1130	fmo-2	2	26	0
1131	fmo-2	2	26	0
1132	fmo-2	2	26	0
1133	fmo-2	2	26	0
1134	fmo-2	2	26	0
1135	fmo-2	2	26	0
1136	fmo-2	2	26	0
1137	fmo-2	2	26	0
1138	fmo-2	2	26	0
1139	fmo-2	2	26	0
1140	fmo-2	2	28	0
1141	fmo-2	2	28	0
1142	fmo-2	2	28	0
1143	fmo-2	2	28	0
1144	fmo-2	2	28	0
1145	fmo-2	2	28	0
1146	fmo-2	2	30	0
1147	fmo-2	2	30	0
1148	fmo-2	2	30	0
1149	fmo-2	2	30	0
1150	fmo-2	2	30	0
1151	fmo-2	2	30	0
1152	fmo-2	2	33	0
1153	fmo-2	2	33	0
1154	fmo-2	2	33	0
1155	fmo-2	2	33	0
1156	fmo-2	2	33	0
1157	fmo-2	2	33	0
1158	fmo-2	2	33	0
1159	fmo-2	2	33	0
1160	fmo-2	2	35	0
1161	fmo-2	2	35	0
1162	fmo-2	2	35	0
1163	fmo-2	2	35	0
1164	fmo-2	2	35	0
1165	fmo-2	2	35	0
1166	fmo-2	2	35	0
1167	fmo-2	2	37	0
1168	fmo-2	2	37	0
1169	fmo-2	2	40	0
1170	fmo-2	2	40	0
1171	fmo-2	2	40	0
1172	fmo-2	2	42	0
1173	fmo-2	2	42	0
1174	fmo-2	2	44	0
1175	fmo-2	2	16	2
1176	fmo-2	2	19	2
1177	fmo-2	2	19	2
1178	fmo-2	2	14	3
1179	fmo-2	2	16	3
1180	gpa-9	1	16	0
1181	gpa-9	1	16	0
1182	gpa-9	1	19	0
1183	gpa-9	1	19	0
1184	gpa-9	1	19	0
1185	gpa-9	1	19	0
1186	gpa-9	1	19	0
1187	gpa-9	1	19	0
1188	gpa-9	1	21	0
1189	gpa-9	1	21	0
1190	gpa-9	1	21	0
1191	gpa-9	1	23	0
1192	gpa-9	1	23	0
1193	gpa-9	1	23	0
1194	gpa-9	1	26	0
1195	gpa-9	1	26	0
1196	gpa-9	1	26	0
1197	gpa-9	1	26	0
1198	gpa-9	1	26	0
1199	gpa-9	1	26	0
1200	gpa-9	1	26	0
1201	gpa-9	1	26	0
1202	gpa-9	1	26	0
1203	gpa-9	1	26	0
1204	gpa-9	1	26	0
1205	gpa-9	1	26	0
1206	gpa-9	1	26	0
1207	gpa-9	1	26	0
1208	gpa-9	1	28	0
1209	gpa-9	1	28	0
1210	gpa-9	1	28	0
1211	gpa-9	1	28	0
1212	gpa-9	1	28	0
1213	gpa-9	1	28	0
1214	gpa-9	1	28	0
1215	gpa-9	1	28	0
1216	gpa-9	1	28	0
1217	gpa-9	1	30	0
1218	gpa-9	1	30	0
1219	gpa-9	1	30	0
1220	gpa-9	1	30	0
1221	gpa-9	1	30	0
1222	gpa-9	1	30	0
1223	gpa-9	1	30	0
1224	gpa-9	1	30	0
1225	gpa-9	1	30	0
1226	gpa-9	1	30	0
1227	gpa-9	1	33	0
1228	gpa-9	1	33	0
1229	gpa-9	1	33	0
1230	gpa-9	1	35	0
1231	gpa-9	1	35	0
1232	gpa-9	1	40	0
1233	gpa-9	1	23	1
1234	gpa-9	1	16	2
1235	gpa-9	1	19	2
1236	gpa-9	1	19	2
1237	gpa-9	1	21	2
1238	gpa-9	1	21	2
1239	gpa-9	1	23	2
1240	gpa-9	1	23	2
1241	gpa-9	1	23	2
1242	gpa-9	1	28	2
1243	gpa-9	1	28	2
1244	gpa-9	1	28	2
1245	gpa-9	1	28	2
1246	gpa-9	1	28	2
1247	gpa-9	1	28	2
1248	gpa-9	1	28	2
1249	gpa-9	1	28	2
1250	gpa-9	1	28	2
1251	gpa-9	1	30	2
1252	gpa-9	1	30	2
1253	gpa-9	1	12	3
1254	gpa-9	1	14	3
1255	gpa-9	1	21	3
1256	gpa-9	1	23	3
1257	gpa-9	2	16	0
1258	gpa-9	2	19	0
1259	gpa-9	2	21	0
1260	gpa-9	2	21	0
1261	gpa-9	2	21	0
1262	gpa-9	2	21	0
1263	gpa-9	2	23	0
1264	gpa-9	2	23	0
1265	gpa-9	2	23	0
1266	gpa-9	2	23	0
1267	gpa-9	2	23	0
1268	gpa-9	2	23	0
1269	gpa-9	2	23	0
1270	gpa-9	2	23	0
1271	gpa-9	2	26	0
1272	gpa-9	2	26	0
1273	gpa-9	2	26	0
1274	gpa-9	2	26	0
1275	gpa-9	2	26	0
1276	gpa-9	2	26	0
1277	gpa-9	2	26	0
1278	gpa-9	2	26	0
1279	gpa-9	2	26	0
1280	gpa-9	2	26	0
1281	gpa-9	2	28	0
1282	gpa-9	2	28	0
1283	gpa-9	2	28	0
1284	gpa-9	2	28	0
1285	gpa-9	2	28	0
1286	gpa-9	2	30	0
1287	gpa-9	2	30	0
1288	gpa-9	2	30	0
1289	gpa-9	2	33	0
1290	gpa-9	2	33	0
1291	gpa-9	2	33	0
1292	gpa-9	2	19	2
1293	gpa-9	2	21	2
1294	gpa-9	2	21	2
1295	gpa-9	2	26	2
1296	gpa-9	2	28	2
1297	gpa-9	2	28	2
1298	gpa-9	2	28	2
1299	gpa-9	2	28	2
1300	gpa-9	2	28	2
1301	gpa-9	2	28	2
1302	gpa-9	2	16	3
1303	gpa-9	2	19	3
1304	gpa-9	2	19	3
1305	gpa-9	2	19	3
1306	gpa-9	2	19	3
1307	gpa-9	2	19	3
1308	gpa-9	2	19	3
1309	gpa-9	2	23	3
1310	gpa-9	2	23	3
1311	trpa-1	1	14	0
1312	trpa-1	1	16	0
1313	trpa-1	1	16	0
1314	trpa-1	1	19	0
1315	trpa-1	1	21	0
1316	trpa-1	1	21	0
1317	trpa-1	1	21	0
1318	trpa-1	1	21	0
1319	trpa-1	1	23	0
1320	trpa-1	1	23	0
1321	trpa-1	1	23	0
1322	trpa-1	1	23	0
1323	trpa-1	1	23	0
1324	trpa-1	1	23	0
1325	trpa-1	1	23	0
1326	trpa-1	1	23	0
1327	trpa-1	1	26	0
1328	trpa-1	1	26	0
1329	trpa-1	1	26	0
1330	trpa-1	1	26	0
1331	trpa-1	1	26	0
1332	trpa-1	1	26	0
1333	trpa-1	1	26	0
1334	trpa-1	1	26	0
1335	trpa-1	1	28	0
1336	trpa-1	1	28	0
1337	trpa-1	1	28	0
1338	trpa-1	1	28	0
1339	trpa-1	1	28	0
1340	trpa-1	1	28	0
1341	trpa-1	1	28	0
1342	trpa-1	1	28	0
1343	trpa-1	1	28	0
1344	trpa-1	1	28	0
1345	trpa-1	1	28	0
1346	trpa-1	1	28	0
1347	trpa-1	1	30	0
1348	trpa-1	1	30	0
1349	trpa-1	1	30	0
1350	trpa-1	1	30	0
1351	trpa-1	1	30	0
1352	trpa-1	1	30	0
1353	trpa-1	1	30	0
1354	trpa-1	1	30	0
1355	trpa-1	1	30	0
1356	trpa-1	1	30	0
1357	trpa-1	1	30	0
1358	trpa-1	1	30	0
1359	trpa-1	1	33	0
1360	trpa-1	1	33	0
1361	trpa-1	1	33	0
1362	trpa-1	1	33	0
1363	trpa-1	1	33	0
1364	trpa-1	1	33	0
1365	trpa-1	1	33	0
1366	trpa-1	1	33	0
1367	trpa-1	1	33	0
1368	trpa-1	1	33	0
1369	trpa-1	1	33	0
1370	trpa-1	1	33	0
1371	trpa-1	1	37	0
1372	trpa-1	1	40	0
1373	trpa-1	1	19	1
1374	trpa-1	1	19	2
1375	trpa-1	1	19	2
1376	trpa-1	1	19	2
1377	trpa-1	1	19	2
1378	trpa-1	1	21	2
1379	trpa-1	1	14	3
1380	trpa-1	2	21	0
1381	trpa-1	2	21	0
1382	trpa-1	2	21	0
1383	trpa-1	2	21	0
1384	trpa-1	2	21	0
1385	trpa-1	2	23	0
1386	trpa-1	2	23	0
1387	trpa-1	2	23	0
1388	trpa-1	2	23	0
1389	trpa-1	2	26	0
1390	trpa-1	2	26	0
1391	trpa-1	2	26	0
1392	trpa-1	2	26	0
1393	trpa-1	2	26	0
1394	trpa-1	2	26	0
1395	trpa-1	2	26	0
1396	trpa-1	2	28	0
1397	trpa-1	2	28	0
1398	trpa-1	2	28	0
1399	trpa-1	2	28	0
1400	trpa-1	2	28	0
1401	trpa-1	2	28	0
1402	trpa-1	2	28	0
1403	trpa-1	2	28	0
1404	trpa-1	2	28	0
1405	trpa-1	2	30	0
1406	trpa-1	2	30	0
1407	trpa-1	2	30	0
1408	trpa-1	2	30	0
1409	trpa-1	2	30	0
1410	trpa-1	2	30	0
1411	trpa-1	2	30	0
1412	trpa-1	2	30	0
1413	trpa-1	2	30	0
1414	trpa-1	2	33	0
1415	trpa-1	2	33	0
1416	trpa-1	2	33	0
1417	trpa-1	2	33	0
1418	trpa-1	2	33	0
1419	trpa-1	2	33	0
1420	trpa-1	2	33	0
1421	trpa-1	2	33	0
1422	trpa-1	2	33	0
1423	trpa-1	2	33	0
1424	trpa-1	2	35	0
1425	trpa-1	2	35	0
1426	trpa-1	2	35	0
1427	trpa-1	2	35	0
1428	trpa-1	2	35	0
1429	trpa-1	2	37	0
1430	trpa-1	2	44	0
1431	trpa-1	2	16	2
1432	trpa-1	2	19	2
1433	trpa-1	2	19	2
1434	trpa-1	2	19	2
1435	trpa-1	2	19	2
1436	trpa-1	2	23	2
1437	trpa-1	2	26	2
1438	trpa-1	2	26	2
1439	trpa-1	2	26	2
1440	trpa-1	2	14	3
1441	trpa-1	2	14	3
1442	trpa-1	2	16	3
1443	trpa-1	2	16	3
1444	trpa-1	2	19	3
1445	trpa-1	2	19	3
1446	tyr-2	1	16	0
1447	tyr-2	1	19	0
1448	tyr-2	1	19	0
1449	tyr-2	1	21	0
1450	tyr-2	1	21	0
1451	tyr-2	1	21	0
1452	tyr-2	1	21	0
1453	tyr-2	1	21	0
1454	tyr-2	1	23	0
1455	tyr-2	1	23	0
1456	tyr-2	1	23	0
1457	tyr-2	1	23	0
1458	tyr-2	1	23	0
1459	tyr-2	1	23	0
1460	tyr-2	1	23	0
1461	tyr-2	1	23	0
1462	tyr-2	1	23	0
1463	tyr-2	1	23	0
1464	tyr-2	1	23	0
1465	tyr-2	1	23	0
1466	tyr-2	1	23	0
1467	tyr-2	1	23	0
1468	tyr-2	1	26	0
1469	tyr-2	1	26	0
1470	tyr-2	1	26	0
1471	tyr-2	1	26	0
1472	tyr-2	1	26	0
1473	tyr-2	1	26	0
1474	tyr-2	1	26	0
1475	tyr-2	1	26	0
1476	tyr-2	1	26	0
1477	tyr-2	1	26	0
1478	tyr-2	1	26	0
1479	tyr-2	1	28	0
1480	tyr-2	1	28	0
1481	tyr-2	1	28	0
1482	tyr-2	1	28	0
1483	tyr-2	1	28	0
1484	tyr-2	1	28	0
1485	tyr-2	1	30	0
1486	tyr-2	1	30	0
1487	tyr-2	1	30	0
1488	tyr-2	1	30	0
1489	tyr-2	1	33	0
1490	tyr-2	1	14	2
1491	tyr-2	1	16	2
1492	tyr-2	1	16	2
1493	tyr-2	1	16	2
1494	tyr-2	1	16	2
1495	tyr-2	1	19	2
1496	tyr-2	1	19	2
1497	tyr-2	1	19	2
1498	tyr-2	1	19	2
1499	tyr-2	1	19	2
1500	tyr-2	1	19	2
1501	tyr-2	1	19	2
1502	tyr-2	1	19	2
1503	tyr-2	1	19	2
1504	tyr-2	1	19	2
1505	tyr-2	1	21	2
1506	tyr-2	1	21	2
1507	tyr-2	1	21	2
1508	tyr-2	2	14	0
1509	tyr-2	2	16	0
1510	tyr-2	2	21	0
1511	tyr-2	2	21	0
1512	tyr-2	2	21	0
1513	tyr-2	2	21	0
1514	tyr-2	2	21	0
1515	tyr-2	2	23	0
1516	tyr-2	2	23	0
1517	tyr-2	2	23	0
1518	tyr-2	2	23	0
1519	tyr-2	2	23	0
1520	tyr-2	2	23	0
1521	tyr-2	2	23	0
1522	tyr-2	2	23	0
1523	tyr-2	2	23	0
1524	tyr-2	2	23	0
1525	tyr-2	2	23	0
1526	tyr-2	2	26	0
1527	tyr-2	2	26	0
1528	tyr-2	2	26	0
1529	tyr-2	2	26	0
1530	tyr-2	2	26	0
1531	tyr-2	2	26	0
1532	tyr-2	2	28	0
1533	tyr-2	2	28	0
1534	tyr-2	2	28	0
1535	tyr-2	2	28	0
1536	tyr-2	2	28	0
1537	tyr-2	2	28	0
1538	tyr-2	2	28	0
1539	tyr-2	2	28	0
1540	tyr-2	2	30	0
1541	tyr-2	2	30	0
1542	tyr-2	2	30	0
1543	tyr-2	2	30	0
1544	tyr-2	2	30	0
1545	tyr-2	2	30	0
1546	tyr-2	2	33	0
1547	tyr-2	2	33	0
1548	tyr-2	2	33	0
1549	tyr-2	2	35	0
1550	tyr-2	2	35	0
1551	tyr-2	2	37	0
1552	tyr-2	2	19	1
1553	tyr-2	2	19	1
1554	tyr-2	2	19	1
1555	tyr-2	2	19	1
1556	tyr-2	2	19	1
1557	tyr-2	2	19	1
1558	tyr-2	2	19	1
1559	tyr-2	2	19	1
1560	tyr-2	2	21	2
1561	tyr-2	2	21	2
1562	tyr-2	2	30	2
1563	tyr-2	2	21	3
