strain	replicate	age.at.death	rupture	
strain	replicate	age.at.death	rupture	
1	N2	1	8	0
1	N2	1	8	0
2	N2	1	12	0
2	N2	1	12	0
3	N2	1	14	0
3	N2	1	14	0
4	N2	1	14	0
4	N2	1	14	0
5	N2	1	14	0
5	N2	1	14	0
6	N2	1	14	0
6	N2	1	14	0
7	N2	1	16	0
7	N2	1	16	0
8	N2	1	16	0
8	N2	1	16	0
9	N2	1	16	0
9	N2	1	16	0
10	N2	1	16	0
10	N2	1	16	0
11	N2	1	16	0
11	N2	1	16	0
12	N2	1	16	0
12	N2	1	16	0
13	N2	1	16	0
13	N2	1	16	0
14	N2	1	16	0
14	N2	1	16	0
15	N2	1	16	0
15	N2	1	16	0
16	N2	1	16	0
16	N2	1	16	0
17	N2	1	19	0
17	N2	1	19	0
18	N2	1	19	0
18	N2	1	19	0
19	N2	1	19	0
19	N2	1	19	0
20	N2	1	19	0
20	N2	1	19	0
21	N2	1	19	0
21	N2	1	19	0
22	N2	1	19	0
22	N2	1	19	0
23	N2	1	19	0
23	N2	1	19	0
24	N2	1	19	0
24	N2	1	19	0
25	N2	1	19	0
25	N2	1	19	0
26	N2	1	19	0
26	N2	1	19	0
27	N2	1	19	0
27	N2	1	19	0
28	N2	1	19	0
28	N2	1	19	0
29	N2	1	19	0
29	N2	1	19	0
30	N2	1	19	0
30	N2	1	19	0
31	N2	1	19	0
31	N2	1	19	0
32	N2	1	19	0
32	N2	1	19	0
33	N2	1	19	0
33	N2	1	19	0
34	N2	1	19	0
34	N2	1	19	0
35	N2	1	19	0
35	N2	1	19	0
36	N2	1	19	0
36	N2	1	19	0
37	N2	1	19	0
37	N2	1	19	0
38	N2	1	19	0
38	N2	1	19	0
39	N2	1	19	0
39	N2	1	19	0
40	N2	1	21	0
40	N2	1	21	0
41	N2	1	21	0
41	N2	1	21	0
42	N2	1	21	0
42	N2	1	21	0
43	N2	1	21	0
43	N2	1	21	0
44	N2	1	21	0
44	N2	1	21	0
45	N2	1	21	0
45	N2	1	21	0
46	N2	1	21	0
46	N2	1	21	0
47	N2	1	21	0
47	N2	1	21	0
48	N2	1	23	0
48	N2	1	23	0
49	N2	1	23	0
49	N2	1	23	0
50	N2	1	26	0
50	N2	1	26	0
51	N2	1	14	2
51	N2	1	14	2
52	N2	1	14	2
52	N2	1	14	2
53	N2	1	16	2
53	N2	1	16	2
54	N2	1	19	2
54	N2	1	19	2
55	N2	1	19	2
55	N2	1	19	2
56	N2	1	21	2
56	N2	1	21	2
57	N2	1	21	2
57	N2	1	21	2
58	N2	2	19	0
58	N2	2	19	0
59	N2	2	19	0
59	N2	2	19	0
60	N2	2	19	0
60	N2	2	19	0
61	N2	2	19	0
61	N2	2	19	0
62	N2	2	19	0
62	N2	2	19	0
63	N2	2	19	0
63	N2	2	19	0
64	N2	2	19	0
64	N2	2	19	0
65	N2	2	19	0
65	N2	2	19	0
66	N2	2	19	0
66	N2	2	19	0
67	N2	2	19	0
67	N2	2	19	0
68	N2	2	19	0
68	N2	2	19	0
69	N2	2	19	0
69	N2	2	19	0
70	N2	2	21	0
70	N2	2	21	0
71	N2	2	21	0
71	N2	2	21	0
72	N2	2	21	0
72	N2	2	21	0
73	N2	2	21	0
73	N2	2	21	0
74	N2	2	21	0
74	N2	2	21	0
75	N2	2	21	0
75	N2	2	21	0
76	N2	2	21	0
76	N2	2	21	0
77	N2	2	21	0
77	N2	2	21	0
78	N2	2	21	0
78	N2	2	21	0
79	N2	2	21	0
79	N2	2	21	0
80	N2	2	21	0
80	N2	2	21	0
81	N2	2	21	0
81	N2	2	21	0
82	N2	2	21	0
82	N2	2	21	0
83	N2	2	21	0
83	N2	2	21	0
84	N2	2	21	0
84	N2	2	21	0
85	N2	2	21	0
85	N2	2	21	0
86	N2	2	21	0
86	N2	2	21	0
87	N2	2	21	0
87	N2	2	21	0
88	N2	2	21	0
88	N2	2	21	0
89	N2	2	21	0
89	N2	2	21	0
90	N2	2	21	0
90	N2	2	21	0
91	N2	2	21	0
91	N2	2	21	0
92	N2	2	23	0
92	N2	2	23	0
93	N2	2	23	0
93	N2	2	23	0
94	N2	2	23	0
94	N2	2	23	0
95	N2	2	23	0
95	N2	2	23	0
96	N2	2	23	0
96	N2	2	23	0
97	N2	2	23	0
97	N2	2	23	0
98	N2	2	23	0
98	N2	2	23	0
99	N2	2	23	0
99	N2	2	23	0
100	N2	2	23	0
100	N2	2	23	0
101	N2	2	23	0
101	N2	2	23	0
102	N2	2	23	0
102	N2	2	23	0
103	N2	2	23	0
103	N2	2	23	0
104	N2	2	23	0
104	N2	2	23	0
105	N2	2	23	0
105	N2	2	23	0
106	N2	2	23	0
106	N2	2	23	0
107	N2	2	23	0
107	N2	2	23	0
108	N2	2	23	0
108	N2	2	23	0
109	N2	2	23	0
109	N2	2	23	0
110	N2	2	23	0
110	N2	2	23	0
111	N2	2	23	0
111	N2	2	23	0
112	N2	2	23	0
112	N2	2	23	0
113	N2	2	23	0
113	N2	2	23	0
114	N2	2	26	0
114	N2	2	26	0
115	N2	2	26	0
115	N2	2	26	0
116	N2	2	26	0
116	N2	2	26	0
117	N2	2	26	0
117	N2	2	26	0
118	N2	2	26	0
118	N2	2	26	0
119	N2	2	26	0
119	N2	2	26	0
120	N2	2	26	0
120	N2	2	26	0
121	N2	2	26	0
121	N2	2	26	0
122	N2	2	26	0
122	N2	2	26	0
123	N2	2	26	0
123	N2	2	26	0
124	N2	2	26	0
124	N2	2	26	0
125	N2	2	26	0
125	N2	2	26	0
126	N2	2	26	0
126	N2	2	26	0
127	N2	2	26	0
127	N2	2	26	0
128	N2	2	26	0
128	N2	2	26	0
129	N2	2	26	0
129	N2	2	26	0
130	N2	2	26	0
130	N2	2	26	0
131	N2	2	26	0
131	N2	2	26	0
132	N2	2	26	0
132	N2	2	26	0
133	N2	2	26	0
133	N2	2	26	0
134	N2	2	26	0
134	N2	2	26	0
135	N2	2	26	0
135	N2	2	26	0
136	N2	2	26	0
136	N2	2	26	0
137	N2	2	29	0
137	N2	2	29	0
138	N2	2	29	0
138	N2	2	29	0
139	N2	2	29	0
139	N2	2	29	0
140	N2	2	29	0
140	N2	2	29	0
141	N2	2	29	0
141	N2	2	29	0
142	N2	2	29	0
142	N2	2	29	0
143	N2	2	29	0
143	N2	2	29	0
144	N2	2	29	0
144	N2	2	29	0
145	N2	2	29	0
145	N2	2	29	0
146	N2	2	31	0
146	N2	2	31	0
147	N2	2	31	0
147	N2	2	31	0
148	N2	2	31	0
148	N2	2	31	0
149	N2	2	31	0
149	N2	2	31	0
150	N2	2	31	0
150	N2	2	31	0
151	vhl-1	1	14	0
151	vhl-1	1	14	0
152	vhl-1	1	16	0
152	vhl-1	1	16	0
153	vhl-1	1	16	0
153	vhl-1	1	16	0
154	vhl-1	1	16	0
154	vhl-1	1	16	0
155	vhl-1	1	16	0
155	vhl-1	1	16	0
156	vhl-1	1	16	0
156	vhl-1	1	16	0
157	vhl-1	1	16	0
157	vhl-1	1	16	0
158	vhl-1	1	19	0
158	vhl-1	1	19	0
159	vhl-1	1	19	0
159	vhl-1	1	19	0
160	vhl-1	1	19	0
160	vhl-1	1	19	0
161	vhl-1	1	19	0
161	vhl-1	1	19	0
162	vhl-1	1	19	0
162	vhl-1	1	19	0
163	vhl-1	1	19	0
163	vhl-1	1	19	0
164	vhl-1	1	19	0
164	vhl-1	1	19	0
165	vhl-1	1	19	0
165	vhl-1	1	19	0
166	vhl-1	1	19	0
166	vhl-1	1	19	0
167	vhl-1	1	19	0
167	vhl-1	1	19	0
168	vhl-1	1	21	0
168	vhl-1	1	21	0
169	vhl-1	1	21	0
169	vhl-1	1	21	0
170	vhl-1	1	21	0
170	vhl-1	1	21	0
171	vhl-1	1	21	0
171	vhl-1	1	21	0
172	vhl-1	1	21	0
172	vhl-1	1	21	0
173	vhl-1	1	21	0
173	vhl-1	1	21	0
174	vhl-1	1	21	0
174	vhl-1	1	21	0
175	vhl-1	1	21	0
175	vhl-1	1	21	0
176	vhl-1	1	21	0
176	vhl-1	1	21	0
177	vhl-1	1	23	0
177	vhl-1	1	23	0
178	vhl-1	1	23	0
178	vhl-1	1	23	0
179	vhl-1	1	23	0
179	vhl-1	1	23	0
180	vhl-1	1	23	0
180	vhl-1	1	23	0
181	vhl-1	1	23	0
181	vhl-1	1	23	0
182	vhl-1	1	23	0
182	vhl-1	1	23	0
183	vhl-1	1	23	0
183	vhl-1	1	23	0
184	vhl-1	1	23	0
184	vhl-1	1	23	0
185	vhl-1	1	23	0
185	vhl-1	1	23	0
186	vhl-1	1	23	0
186	vhl-1	1	23	0
187	vhl-1	1	23	0
187	vhl-1	1	23	0
188	vhl-1	1	23	0
188	vhl-1	1	23	0
189	vhl-1	1	23	0
189	vhl-1	1	23	0
190	vhl-1	1	23	0
190	vhl-1	1	23	0
191	vhl-1	1	23	0
191	vhl-1	1	23	0
192	vhl-1	1	23	0
192	vhl-1	1	23	0
193	vhl-1	1	26	0
193	vhl-1	1	26	0
194	vhl-1	1	26	0
194	vhl-1	1	26	0
195	vhl-1	1	26	0
195	vhl-1	1	26	0
196	vhl-1	1	26	0
196	vhl-1	1	26	0
197	vhl-1	1	26	0
197	vhl-1	1	26	0
198	vhl-1	1	26	0
198	vhl-1	1	26	0
199	vhl-1	1	26	0
199	vhl-1	1	26	0
200	vhl-1	1	26	0
200	vhl-1	1	26	0
201	vhl-1	1	29	0
201	vhl-1	1	29	0
202	vhl-1	1	29	0
202	vhl-1	1	29	0
203	vhl-1	1	29	0
203	vhl-1	1	29	0
204	vhl-1	1	31	0
204	vhl-1	1	31	0
205	vhl-1	1	31	0
205	vhl-1	1	31	0
206	vhl-1	1	31	0
206	vhl-1	1	31	0
207	vhl-1	1	31	0
207	vhl-1	1	31	0
208	vhl-1	1	31	0
208	vhl-1	1	31	0
209	vhl-1	1	31	0
209	vhl-1	1	31	0
210	vhl-1	1	34	0
210	vhl-1	1	34	0
211	vhl-1	1	34	0
211	vhl-1	1	34	0
212	vhl-1	1	34	0
212	vhl-1	1	34	0
213	vhl-1	1	36	0
213	vhl-1	1	36	0
214	vhl-1	1	36	0
214	vhl-1	1	36	0
215	vhl-1	1	38	0
215	vhl-1	1	38	0
216	vhl-1	2	16	0
216	vhl-1	2	16	0
217	vhl-1	2	16	0
217	vhl-1	2	16	0
218	vhl-1	2	19	0
218	vhl-1	2	19	0
219	vhl-1	2	19	0
219	vhl-1	2	19	0
220	vhl-1	2	19	0
220	vhl-1	2	19	0
221	vhl-1	2	19	0
221	vhl-1	2	19	0
222	vhl-1	2	19	0
222	vhl-1	2	19	0
223	vhl-1	2	19	0
223	vhl-1	2	19	0
224	vhl-1	2	19	0
224	vhl-1	2	19	0
225	vhl-1	2	21	0
225	vhl-1	2	21	0
226	vhl-1	2	21	0
226	vhl-1	2	21	0
227	vhl-1	2	21	0
227	vhl-1	2	21	0
228	vhl-1	2	21	0
228	vhl-1	2	21	0
229	vhl-1	2	21	0
229	vhl-1	2	21	0
230	vhl-1	2	21	0
230	vhl-1	2	21	0
231	vhl-1	2	21	0
231	vhl-1	2	21	0
232	vhl-1	2	21	0
232	vhl-1	2	21	0
233	vhl-1	2	23	0
233	vhl-1	2	23	0
234	vhl-1	2	23	0
234	vhl-1	2	23	0
235	vhl-1	2	26	0
235	vhl-1	2	26	0
236	vhl-1	2	26	0
236	vhl-1	2	26	0
237	vhl-1	2	26	0
237	vhl-1	2	26	0
238	vhl-1	2	26	0
238	vhl-1	2	26	0
239	vhl-1	2	26	0
239	vhl-1	2	26	0
240	vhl-1	2	26	0
240	vhl-1	2	26	0
241	vhl-1	2	26	0
241	vhl-1	2	26	0
242	vhl-1	2	26	0
242	vhl-1	2	26	0
243	vhl-1	2	26	0
243	vhl-1	2	26	0
244	vhl-1	2	26	0
244	vhl-1	2	26	0
245	vhl-1	2	29	0
245	vhl-1	2	29	0
246	vhl-1	2	29	0
246	vhl-1	2	29	0
247	vhl-1	2	29	0
247	vhl-1	2	29	0
248	vhl-1	2	29	0
248	vhl-1	2	29	0
249	vhl-1	2	31	0
249	vhl-1	2	31	0
250	vhl-1	2	31	0
250	vhl-1	2	31	0
251	vhl-1	2	31	0
251	vhl-1	2	31	0
252	vhl-1	2	31	0
252	vhl-1	2	31	0
253	vhl-1	2	31	0
253	vhl-1	2	31	0
254	vhl-1	2	31	0
254	vhl-1	2	31	0
255	vhl-1	2	34	0
255	vhl-1	2	34	0
256	vhl-1	2	34	0
256	vhl-1	2	34	0
257	vhl-1	2	36	0
257	vhl-1	2	36	0
258	vhl-1	2	38	0
258	vhl-1	2	38	0
259	vhl-1	2	43	0
259	vhl-1	2	43	0
260	vhl-1	2	45	0
260	vhl-1	2	45	0
