strain	replicate	age.at.death	rupture	
strain	replicate	age.at.death	rupture	
1	N2	1	17	0
1	N2	1	17	0
2	N2	1	23	0
2	N2	1	23	0
3	N2	1	23	0
3	N2	1	23	0
4	N2	1	25	0
4	N2	1	25	0
5	N2	1	25	0
5	N2	1	25	0
6	N2	1	25	0
6	N2	1	25	0
7	N2	1	28	0
7	N2	1	28	0
8	N2	1	28	0
8	N2	1	28	0
9	N2	1	28	0
9	N2	1	28	0
10	N2	1	28	0
10	N2	1	28	0
11	N2	1	28	0
11	N2	1	28	0
12	N2	1	30	0
12	N2	1	30	0
13	N2	1	30	0
13	N2	1	30	0
14	N2	1	30	0
14	N2	1	30	0
15	N2	1	30	0
15	N2	1	30	0
16	N2	1	30	0
16	N2	1	30	0
17	N2	1	30	0
17	N2	1	30	0
18	N2	1	30	0
18	N2	1	30	0
19	N2	1	32	0
19	N2	1	32	0
20	N2	1	32	0
20	N2	1	32	0
21	N2	1	32	0
21	N2	1	32	0
22	N2	1	32	0
22	N2	1	32	0
23	N2	1	32	0
23	N2	1	32	0
24	N2	1	32	0
24	N2	1	32	0
25	N2	1	32	0
25	N2	1	32	0
26	N2	1	32	0
26	N2	1	32	0
27	N2	1	32	0
27	N2	1	32	0
28	N2	1	32	0
28	N2	1	32	0
29	N2	1	32	0
29	N2	1	32	0
30	N2	1	35	0
30	N2	1	35	0
31	N2	1	35	0
31	N2	1	35	0
32	N2	1	35	0
32	N2	1	35	0
33	N2	1	35	0
33	N2	1	35	0
34	N2	1	35	0
34	N2	1	35	0
35	N2	1	35	0
35	N2	1	35	0
36	N2	1	35	0
36	N2	1	35	0
37	N2	1	35	0
37	N2	1	35	0
38	N2	1	35	0
38	N2	1	35	0
39	N2	1	35	0
39	N2	1	35	0
40	N2	1	35	0
40	N2	1	35	0
41	N2	1	35	0
41	N2	1	35	0
42	N2	1	37	0
42	N2	1	37	0
43	N2	1	37	0
43	N2	1	37	0
44	N2	1	37	0
44	N2	1	37	0
45	N2	1	37	0
45	N2	1	37	0
46	N2	1	37	0
46	N2	1	37	0
47	N2	1	37	0
47	N2	1	37	0
48	N2	1	37	0
48	N2	1	37	0
49	N2	1	39	0
49	N2	1	39	0
50	N2	1	39	0
50	N2	1	39	0
51	N2	1	39	0
51	N2	1	39	0
52	N2	1	39	0
52	N2	1	39	0
53	N2	1	39	0
53	N2	1	39	0
54	N2	1	39	0
54	N2	1	39	0
55	N2	1	39	0
55	N2	1	39	0
56	N2	1	39	0
56	N2	1	39	0
57	N2	1	39	0
57	N2	1	39	0
58	N2	1	39	0
58	N2	1	39	0
59	N2	1	42	0
59	N2	1	42	0
60	N2	1	42	0
60	N2	1	42	0
61	N2	1	42	0
61	N2	1	42	0
62	N2	1	42	0
62	N2	1	42	0
63	N2	1	42	0
63	N2	1	42	0
64	N2	1	42	0
64	N2	1	42	0
65	N2	1	42	0
65	N2	1	42	0
66	N2	1	44	0
66	N2	1	44	0
67	N2	1	44	0
67	N2	1	44	0
68	N2	1	46	0
68	N2	1	46	0
69	N2	1	21	2
69	N2	1	21	2
70	N2	1	25	2
70	N2	1	25	2
71	N2	2	17	0
71	N2	2	17	0
72	N2	2	23	0
72	N2	2	23	0
73	N2	2	23	0
73	N2	2	23	0
74	N2	2	25	0
74	N2	2	25	0
75	N2	2	25	0
75	N2	2	25	0
76	N2	2	25	0
76	N2	2	25	0
77	N2	2	25	0
77	N2	2	25	0
78	N2	2	25	0
78	N2	2	25	0
79	N2	2	25	0
79	N2	2	25	0
80	N2	2	25	0
80	N2	2	25	0
81	N2	2	28	0
81	N2	2	28	0
82	N2	2	28	0
82	N2	2	28	0
83	N2	2	28	0
83	N2	2	28	0
84	N2	2	28	0
84	N2	2	28	0
85	N2	2	28	0
85	N2	2	28	0
86	N2	2	28	0
86	N2	2	28	0
87	N2	2	28	0
87	N2	2	28	0
88	N2	2	28	0
88	N2	2	28	0
89	N2	2	30	0
89	N2	2	30	0
90	N2	2	30	0
90	N2	2	30	0
91	N2	2	30	0
91	N2	2	30	0
92	N2	2	30	0
92	N2	2	30	0
93	N2	2	30	0
93	N2	2	30	0
94	N2	2	30	0
94	N2	2	30	0
95	N2	2	32	0
95	N2	2	32	0
96	N2	2	32	0
96	N2	2	32	0
97	N2	2	32	0
97	N2	2	32	0
98	N2	2	32	0
98	N2	2	32	0
99	N2	2	32	0
99	N2	2	32	0
100	N2	2	32	0
100	N2	2	32	0
101	N2	2	32	0
101	N2	2	32	0
102	N2	2	32	0
102	N2	2	32	0
103	N2	2	32	0
103	N2	2	32	0
104	N2	2	35	0
104	N2	2	35	0
105	N2	2	35	0
105	N2	2	35	0
106	N2	2	35	0
106	N2	2	35	0
107	N2	2	35	0
107	N2	2	35	0
108	N2	2	35	0
108	N2	2	35	0
109	N2	2	35	0
109	N2	2	35	0
110	N2	2	35	0
110	N2	2	35	0
111	N2	2	35	0
111	N2	2	35	0
112	N2	2	35	0
112	N2	2	35	0
113	N2	2	35	0
113	N2	2	35	0
114	N2	2	35	0
114	N2	2	35	0
115	N2	2	35	0
115	N2	2	35	0
116	N2	2	35	0
116	N2	2	35	0
117	N2	2	35	0
117	N2	2	35	0
118	N2	2	35	0
118	N2	2	35	0
119	N2	2	35	0
119	N2	2	35	0
120	N2	2	37	0
120	N2	2	37	0
121	N2	2	37	0
121	N2	2	37	0
122	N2	2	37	0
122	N2	2	37	0
123	N2	2	37	0
123	N2	2	37	0
124	N2	2	37	0
124	N2	2	37	0
125	N2	2	39	0
125	N2	2	39	0
126	N2	2	39	0
126	N2	2	39	0
127	N2	2	39	0
127	N2	2	39	0
128	N2	2	39	0
128	N2	2	39	0
129	N2	2	39	0
129	N2	2	39	0
130	N2	2	39	0
130	N2	2	39	0
131	N2	2	42	0
131	N2	2	42	0
132	N2	2	42	0
132	N2	2	42	0
133	N2	2	42	0
133	N2	2	42	0
134	N2	2	42	0
134	N2	2	42	0
135	N2	2	42	0
135	N2	2	42	0
136	N2	2	14	1
136	N2	2	14	1
137	N2	2	17	2
137	N2	2	17	2
138	N2	2	21	2
138	N2	2	21	2
139	N2	2	25	2
139	N2	2	25	2
140	N2	2	25	2
140	N2	2	25	2
141	N2	2	19	3
141	N2	2	19	3
142	N2	2	21	3
142	N2	2	21	3
143	N2	2	23	3
143	N2	2	23	3
144	N2	2	23	3
144	N2	2	23	3
145	N2	2	23	3
145	N2	2	23	3
146	sir-2.1	1	15	0
146	sir-2.1	1	15	0
147	sir-2.1	1	15	0
147	sir-2.1	1	15	0
148	sir-2.1	1	15	0
148	sir-2.1	1	15	0
149	sir-2.1	1	15	0
149	sir-2.1	1	15	0
150	sir-2.1	1	15	0
150	sir-2.1	1	15	0
151	sir-2.1	1	18	0
151	sir-2.1	1	18	0
152	sir-2.1	1	20	0
152	sir-2.1	1	20	0
153	sir-2.1	1	20	0
153	sir-2.1	1	20	0
154	sir-2.1	1	20	0
154	sir-2.1	1	20	0
155	sir-2.1	1	20	0
155	sir-2.1	1	20	0
156	sir-2.1	1	20	0
156	sir-2.1	1	20	0
157	sir-2.1	1	22	0
157	sir-2.1	1	22	0
158	sir-2.1	1	22	0
158	sir-2.1	1	22	0
159	sir-2.1	1	22	0
159	sir-2.1	1	22	0
160	sir-2.1	1	22	0
160	sir-2.1	1	22	0
161	sir-2.1	1	22	0
161	sir-2.1	1	22	0
162	sir-2.1	1	22	0
162	sir-2.1	1	22	0
163	sir-2.1	1	22	0
163	sir-2.1	1	22	0
164	sir-2.1	1	22	0
164	sir-2.1	1	22	0
165	sir-2.1	1	22	0
165	sir-2.1	1	22	0
166	sir-2.1	1	24	0
166	sir-2.1	1	24	0
167	sir-2.1	1	24	0
167	sir-2.1	1	24	0
168	sir-2.1	1	24	0
168	sir-2.1	1	24	0
169	sir-2.1	1	24	0
169	sir-2.1	1	24	0
170	sir-2.1	1	24	0
170	sir-2.1	1	24	0
171	sir-2.1	1	24	0
171	sir-2.1	1	24	0
172	sir-2.1	1	24	0
172	sir-2.1	1	24	0
173	sir-2.1	1	24	0
173	sir-2.1	1	24	0
174	sir-2.1	1	24	0
174	sir-2.1	1	24	0
175	sir-2.1	1	24	0
175	sir-2.1	1	24	0
176	sir-2.1	1	24	0
176	sir-2.1	1	24	0
177	sir-2.1	1	26	0
177	sir-2.1	1	26	0
178	sir-2.1	1	26	0
178	sir-2.1	1	26	0
179	sir-2.1	1	26	0
179	sir-2.1	1	26	0
180	sir-2.1	1	26	0
180	sir-2.1	1	26	0
181	sir-2.1	1	26	0
181	sir-2.1	1	26	0
182	sir-2.1	1	26	0
182	sir-2.1	1	26	0
183	sir-2.1	1	26	0
183	sir-2.1	1	26	0
184	sir-2.1	1	26	0
184	sir-2.1	1	26	0
185	sir-2.1	1	26	0
185	sir-2.1	1	26	0
186	sir-2.1	1	26	0
186	sir-2.1	1	26	0
187	sir-2.1	1	26	0
187	sir-2.1	1	26	0
188	sir-2.1	1	29	0
188	sir-2.1	1	29	0
189	sir-2.1	1	29	0
189	sir-2.1	1	29	0
190	sir-2.1	1	29	0
190	sir-2.1	1	29	0
191	sir-2.1	1	29	0
191	sir-2.1	1	29	0
192	sir-2.1	1	29	0
192	sir-2.1	1	29	0
193	sir-2.1	1	29	0
193	sir-2.1	1	29	0
194	sir-2.1	1	29	0
194	sir-2.1	1	29	0
195	sir-2.1	1	29	0
195	sir-2.1	1	29	0
196	sir-2.1	1	29	0
196	sir-2.1	1	29	0
197	sir-2.1	1	29	0
197	sir-2.1	1	29	0
198	sir-2.1	1	29	0
198	sir-2.1	1	29	0
199	sir-2.1	1	29	0
199	sir-2.1	1	29	0
200	sir-2.1	1	29	0
200	sir-2.1	1	29	0
201	sir-2.1	1	29	0
201	sir-2.1	1	29	0
202	sir-2.1	1	29	0
202	sir-2.1	1	29	0
203	sir-2.1	1	29	0
203	sir-2.1	1	29	0
204	sir-2.1	1	29	0
204	sir-2.1	1	29	0
205	sir-2.1	1	29	0
205	sir-2.1	1	29	0
206	sir-2.1	1	31	0
206	sir-2.1	1	31	0
207	sir-2.1	1	31	0
207	sir-2.1	1	31	0
208	sir-2.1	1	31	0
208	sir-2.1	1	31	0
209	sir-2.1	1	33	0
209	sir-2.1	1	33	0
210	sir-2.1	1	20	2
210	sir-2.1	1	20	2
211	sir-2.1	1	20	2
211	sir-2.1	1	20	2
212	sir-2.1	1	20	2
212	sir-2.1	1	20	2
213	sir-2.1	1	20	2
213	sir-2.1	1	20	2
214	sir-2.1	1	20	2
214	sir-2.1	1	20	2
215	sir-2.1	1	22	2
215	sir-2.1	1	22	2
216	sir-2.1	1	22	2
216	sir-2.1	1	22	2
217	sir-2.1	1	22	2
217	sir-2.1	1	22	2
218	sir-2.1	1	24	2
218	sir-2.1	1	24	2
219	sir-2.1	1	26	2
219	sir-2.1	1	26	2
220	sir-2.1	1	15	3
220	sir-2.1	1	15	3
221	sir-2.1	1	15	3
221	sir-2.1	1	15	3
222	sir-2.1	1	20	3
222	sir-2.1	1	20	3
223	sir-2.1	1	20	3
223	sir-2.1	1	20	3
224	sir-2.1	2	15	0
224	sir-2.1	2	15	0
225	sir-2.1	2	15	0
225	sir-2.1	2	15	0
226	sir-2.1	2	15	0
226	sir-2.1	2	15	0
227	sir-2.1	2	15	0
227	sir-2.1	2	15	0
228	sir-2.1	2	15	0
228	sir-2.1	2	15	0
229	sir-2.1	2	18	0
229	sir-2.1	2	18	0
230	sir-2.1	2	18	0
230	sir-2.1	2	18	0
231	sir-2.1	2	18	0
231	sir-2.1	2	18	0
232	sir-2.1	2	18	0
232	sir-2.1	2	18	0
233	sir-2.1	2	20	0
233	sir-2.1	2	20	0
234	sir-2.1	2	20	0
234	sir-2.1	2	20	0
235	sir-2.1	2	20	0
235	sir-2.1	2	20	0
236	sir-2.1	2	20	0
236	sir-2.1	2	20	0
237	sir-2.1	2	20	0
237	sir-2.1	2	20	0
238	sir-2.1	2	20	0
238	sir-2.1	2	20	0
239	sir-2.1	2	20	0
239	sir-2.1	2	20	0
240	sir-2.1	2	20	0
240	sir-2.1	2	20	0
241	sir-2.1	2	22	0
241	sir-2.1	2	22	0
242	sir-2.1	2	22	0
242	sir-2.1	2	22	0
243	sir-2.1	2	22	0
243	sir-2.1	2	22	0
244	sir-2.1	2	22	0
244	sir-2.1	2	22	0
245	sir-2.1	2	22	0
245	sir-2.1	2	22	0
246	sir-2.1	2	22	0
246	sir-2.1	2	22	0
247	sir-2.1	2	22	0
247	sir-2.1	2	22	0
248	sir-2.1	2	22	0
248	sir-2.1	2	22	0
249	sir-2.1	2	22	0
249	sir-2.1	2	22	0
250	sir-2.1	2	22	0
250	sir-2.1	2	22	0
251	sir-2.1	2	22	0
251	sir-2.1	2	22	0
252	sir-2.1	2	22	0
252	sir-2.1	2	22	0
253	sir-2.1	2	22	0
253	sir-2.1	2	22	0
254	sir-2.1	2	24	0
254	sir-2.1	2	24	0
255	sir-2.1	2	24	0
255	sir-2.1	2	24	0
256	sir-2.1	2	24	0
256	sir-2.1	2	24	0
257	sir-2.1	2	24	0
257	sir-2.1	2	24	0
258	sir-2.1	2	24	0
258	sir-2.1	2	24	0
259	sir-2.1	2	24	0
259	sir-2.1	2	24	0
260	sir-2.1	2	24	0
260	sir-2.1	2	24	0
261	sir-2.1	2	24	0
261	sir-2.1	2	24	0
262	sir-2.1	2	24	0
262	sir-2.1	2	24	0
263	sir-2.1	2	26	0
263	sir-2.1	2	26	0
264	sir-2.1	2	26	0
264	sir-2.1	2	26	0
265	sir-2.1	2	26	0
265	sir-2.1	2	26	0
266	sir-2.1	2	26	0
266	sir-2.1	2	26	0
267	sir-2.1	2	26	0
267	sir-2.1	2	26	0
268	sir-2.1	2	26	0
268	sir-2.1	2	26	0
269	sir-2.1	2	26	0
269	sir-2.1	2	26	0
270	sir-2.1	2	26	0
270	sir-2.1	2	26	0
271	sir-2.1	2	26	0
271	sir-2.1	2	26	0
272	sir-2.1	2	26	0
272	sir-2.1	2	26	0
273	sir-2.1	2	26	0
273	sir-2.1	2	26	0
274	sir-2.1	2	26	0
274	sir-2.1	2	26	0
275	sir-2.1	2	29	0
275	sir-2.1	2	29	0
276	sir-2.1	2	29	0
276	sir-2.1	2	29	0
277	sir-2.1	2	29	0
277	sir-2.1	2	29	0
278	sir-2.1	2	29	0
278	sir-2.1	2	29	0
279	sir-2.1	2	29	0
279	sir-2.1	2	29	0
280	sir-2.1	2	29	0
280	sir-2.1	2	29	0
281	sir-2.1	2	29	0
281	sir-2.1	2	29	0
282	sir-2.1	2	29	0
282	sir-2.1	2	29	0
283	sir-2.1	2	29	0
283	sir-2.1	2	29	0
284	sir-2.1	2	31	0
284	sir-2.1	2	31	0
285	sir-2.1	2	33	0
285	sir-2.1	2	33	0
286	sir-2.1	2	18	2
286	sir-2.1	2	18	2
287	sir-2.1	2	20	2
287	sir-2.1	2	20	2
288	sir-2.1	2	20	2
288	sir-2.1	2	20	2
289	sir-2.1	2	22	2
289	sir-2.1	2	22	2
290	sir-2.1	2	22	2
290	sir-2.1	2	22	2
291	sir-2.1	2	22	2
291	sir-2.1	2	22	2
292	sir-2.1	2	22	2
292	sir-2.1	2	22	2
293	sir-2.1	2	22	2
293	sir-2.1	2	22	2
294	sir-2.1	2	24	2
294	sir-2.1	2	24	2
295	sir-2.1	2	24	2
295	sir-2.1	2	24	2
296	sir-2.1	2	26	2
296	sir-2.1	2	26	2
297	sir-2.1	2	26	2
297	sir-2.1	2	26	2
298	sir-2.1	2	26	2
298	sir-2.1	2	26	2
299	sir-2.1	2	15	3
299	sir-2.1	2	15	3
300	sir-2.1	2	20	3
300	sir-2.1	2	20	3
301	sir-2.1	2	20	3
301	sir-2.1	2	20	3
302	sir-2.1	2	20	3
302	sir-2.1	2	20	3
303	hif-1(ia07)	1	14	0
303	hif-1(ia07)	1	14	0
304	hif-1(ia07)	1	14	0
304	hif-1(ia07)	1	14	0
305	hif-1(ia07)	1	19	0
305	hif-1(ia07)	1	19	0
306	hif-1(ia07)	1	19	0
306	hif-1(ia07)	1	19	0
307	hif-1(ia07)	1	19	0
307	hif-1(ia07)	1	19	0
308	hif-1(ia07)	1	19	0
308	hif-1(ia07)	1	19	0
309	hif-1(ia07)	1	19	0
309	hif-1(ia07)	1	19	0
310	hif-1(ia07)	1	21	0
310	hif-1(ia07)	1	21	0
311	hif-1(ia07)	1	21	0
311	hif-1(ia07)	1	21	0
312	hif-1(ia07)	1	21	0
312	hif-1(ia07)	1	21	0
313	hif-1(ia07)	1	21	0
313	hif-1(ia07)	1	21	0
314	hif-1(ia07)	1	21	0
314	hif-1(ia07)	1	21	0
315	hif-1(ia07)	1	21	0
315	hif-1(ia07)	1	21	0
316	hif-1(ia07)	1	21	0
316	hif-1(ia07)	1	21	0
317	hif-1(ia07)	1	21	0
317	hif-1(ia07)	1	21	0
318	hif-1(ia07)	1	21	0
318	hif-1(ia07)	1	21	0
319	hif-1(ia07)	1	23	0
319	hif-1(ia07)	1	23	0
320	hif-1(ia07)	1	23	0
320	hif-1(ia07)	1	23	0
321	hif-1(ia07)	1	23	0
321	hif-1(ia07)	1	23	0
322	hif-1(ia07)	1	23	0
322	hif-1(ia07)	1	23	0
323	hif-1(ia07)	1	23	0
323	hif-1(ia07)	1	23	0
324	hif-1(ia07)	1	23	0
324	hif-1(ia07)	1	23	0
325	hif-1(ia07)	1	23	0
325	hif-1(ia07)	1	23	0
326	hif-1(ia07)	1	23	0
326	hif-1(ia07)	1	23	0
327	hif-1(ia07)	1	23	0
327	hif-1(ia07)	1	23	0
328	hif-1(ia07)	1	23	0
328	hif-1(ia07)	1	23	0
329	hif-1(ia07)	1	25	0
329	hif-1(ia07)	1	25	0
330	hif-1(ia07)	1	25	0
330	hif-1(ia07)	1	25	0
331	hif-1(ia07)	1	25	0
331	hif-1(ia07)	1	25	0
332	hif-1(ia07)	1	25	0
332	hif-1(ia07)	1	25	0
333	hif-1(ia07)	1	25	0
333	hif-1(ia07)	1	25	0
334	hif-1(ia07)	1	25	0
334	hif-1(ia07)	1	25	0
335	hif-1(ia07)	1	25	0
335	hif-1(ia07)	1	25	0
336	hif-1(ia07)	1	25	0
336	hif-1(ia07)	1	25	0
337	hif-1(ia07)	1	25	0
337	hif-1(ia07)	1	25	0
338	hif-1(ia07)	1	25	0
338	hif-1(ia07)	1	25	0
339	hif-1(ia07)	1	28	0
339	hif-1(ia07)	1	28	0
340	hif-1(ia07)	1	28	0
340	hif-1(ia07)	1	28	0
341	hif-1(ia07)	1	28	0
341	hif-1(ia07)	1	28	0
342	hif-1(ia07)	1	28	0
342	hif-1(ia07)	1	28	0
343	hif-1(ia07)	1	28	0
343	hif-1(ia07)	1	28	0
344	hif-1(ia07)	1	28	0
344	hif-1(ia07)	1	28	0
345	hif-1(ia07)	1	28	0
345	hif-1(ia07)	1	28	0
346	hif-1(ia07)	1	28	0
346	hif-1(ia07)	1	28	0
347	hif-1(ia07)	1	28	0
347	hif-1(ia07)	1	28	0
348	hif-1(ia07)	1	28	0
348	hif-1(ia07)	1	28	0
349	hif-1(ia07)	1	28	0
349	hif-1(ia07)	1	28	0
350	hif-1(ia07)	1	28	0
350	hif-1(ia07)	1	28	0
351	hif-1(ia07)	1	28	0
351	hif-1(ia07)	1	28	0
352	hif-1(ia07)	1	28	0
352	hif-1(ia07)	1	28	0
353	hif-1(ia07)	1	30	0
353	hif-1(ia07)	1	30	0
354	hif-1(ia07)	1	30	0
354	hif-1(ia07)	1	30	0
355	hif-1(ia07)	1	30	0
355	hif-1(ia07)	1	30	0
356	hif-1(ia07)	1	30	0
356	hif-1(ia07)	1	30	0
357	hif-1(ia07)	1	30	0
357	hif-1(ia07)	1	30	0
358	hif-1(ia07)	1	30	0
358	hif-1(ia07)	1	30	0
359	hif-1(ia07)	1	30	0
359	hif-1(ia07)	1	30	0
360	hif-1(ia07)	1	30	0
360	hif-1(ia07)	1	30	0
361	hif-1(ia07)	1	30	0
361	hif-1(ia07)	1	30	0
362	hif-1(ia07)	1	30	0
362	hif-1(ia07)	1	30	0
363	hif-1(ia07)	1	30	0
363	hif-1(ia07)	1	30	0
364	hif-1(ia07)	1	30	0
364	hif-1(ia07)	1	30	0
365	hif-1(ia07)	1	30	0
365	hif-1(ia07)	1	30	0
366	hif-1(ia07)	1	30	0
366	hif-1(ia07)	1	30	0
367	hif-1(ia07)	1	30	0
367	hif-1(ia07)	1	30	0
368	hif-1(ia07)	1	30	0
368	hif-1(ia07)	1	30	0
369	hif-1(ia07)	1	30	0
369	hif-1(ia07)	1	30	0
370	hif-1(ia07)	1	30	0
370	hif-1(ia07)	1	30	0
371	hif-1(ia07)	1	32	0
371	hif-1(ia07)	1	32	0
372	hif-1(ia07)	1	32	0
372	hif-1(ia07)	1	32	0
373	hif-1(ia07)	1	32	0
373	hif-1(ia07)	1	32	0
374	hif-1(ia07)	1	32	0
374	hif-1(ia07)	1	32	0
375	hif-1(ia07)	1	32	0
375	hif-1(ia07)	1	32	0
376	hif-1(ia07)	1	32	0
376	hif-1(ia07)	1	32	0
377	hif-1(ia07)	1	32	0
377	hif-1(ia07)	1	32	0
378	hif-1(ia07)	1	32	0
378	hif-1(ia07)	1	32	0
379	hif-1(ia07)	1	32	0
379	hif-1(ia07)	1	32	0
380	hif-1(ia07)	1	32	0
380	hif-1(ia07)	1	32	0
381	hif-1(ia07)	1	32	0
381	hif-1(ia07)	1	32	0
382	hif-1(ia07)	1	32	0
382	hif-1(ia07)	1	32	0
383	hif-1(ia07)	1	32	0
383	hif-1(ia07)	1	32	0
384	hif-1(ia07)	1	32	0
384	hif-1(ia07)	1	32	0
385	hif-1(ia07)	1	32	0
385	hif-1(ia07)	1	32	0
386	hif-1(ia07)	1	32	0
386	hif-1(ia07)	1	32	0
387	hif-1(ia07)	1	32	0
387	hif-1(ia07)	1	32	0
388	hif-1(ia07)	1	32	0
388	hif-1(ia07)	1	32	0
389	hif-1(ia07)	1	32	0
389	hif-1(ia07)	1	32	0
390	hif-1(ia07)	1	35	0
390	hif-1(ia07)	1	35	0
391	hif-1(ia07)	1	35	0
391	hif-1(ia07)	1	35	0
392	hif-1(ia07)	1	35	0
392	hif-1(ia07)	1	35	0
393	hif-1(ia07)	1	35	0
393	hif-1(ia07)	1	35	0
394	hif-1(ia07)	1	35	0
394	hif-1(ia07)	1	35	0
395	hif-1(ia07)	1	35	0
395	hif-1(ia07)	1	35	0
396	hif-1(ia07)	1	35	0
396	hif-1(ia07)	1	35	0
397	hif-1(ia07)	1	35	0
397	hif-1(ia07)	1	35	0
398	hif-1(ia07)	1	35	0
398	hif-1(ia07)	1	35	0
399	hif-1(ia07)	1	35	0
399	hif-1(ia07)	1	35	0
400	hif-1(ia07)	1	35	0
400	hif-1(ia07)	1	35	0
401	hif-1(ia07)	1	35	0
401	hif-1(ia07)	1	35	0
402	hif-1(ia07)	1	35	0
402	hif-1(ia07)	1	35	0
403	hif-1(ia07)	1	35	0
403	hif-1(ia07)	1	35	0
404	hif-1(ia07)	1	35	0
404	hif-1(ia07)	1	35	0
405	hif-1(ia07)	1	35	0
405	hif-1(ia07)	1	35	0
406	hif-1(ia07)	1	35	0
406	hif-1(ia07)	1	35	0
407	hif-1(ia07)	1	35	0
407	hif-1(ia07)	1	35	0
408	hif-1(ia07)	1	35	0
408	hif-1(ia07)	1	35	0
409	hif-1(ia07)	1	35	0
409	hif-1(ia07)	1	35	0
410	hif-1(ia07)	1	35	0
410	hif-1(ia07)	1	35	0
411	hif-1(ia07)	1	35	0
411	hif-1(ia07)	1	35	0
412	hif-1(ia07)	1	35	0
412	hif-1(ia07)	1	35	0
413	hif-1(ia07)	1	37	0
413	hif-1(ia07)	1	37	0
414	hif-1(ia07)	1	37	0
414	hif-1(ia07)	1	37	0
415	hif-1(ia07)	1	37	0
415	hif-1(ia07)	1	37	0
416	hif-1(ia07)	1	37	0
416	hif-1(ia07)	1	37	0
417	hif-1(ia07)	1	37	0
417	hif-1(ia07)	1	37	0
418	hif-1(ia07)	1	37	0
418	hif-1(ia07)	1	37	0
419	hif-1(ia07)	1	37	0
419	hif-1(ia07)	1	37	0
420	hif-1(ia07)	1	37	0
420	hif-1(ia07)	1	37	0
421	hif-1(ia07)	1	37	0
421	hif-1(ia07)	1	37	0
422	hif-1(ia07)	1	39	0
422	hif-1(ia07)	1	39	0
423	hif-1(ia07)	1	39	0
423	hif-1(ia07)	1	39	0
424	hif-1(ia07)	1	39	0
424	hif-1(ia07)	1	39	0
425	hif-1(ia07)	1	39	0
425	hif-1(ia07)	1	39	0
426	hif-1(ia07)	1	39	0
426	hif-1(ia07)	1	39	0
427	hif-1(ia07)	1	42	0
427	hif-1(ia07)	1	42	0
428	hif-1(ia07)	1	42	0
428	hif-1(ia07)	1	42	0
429	hif-1(ia07)	1	42	0
429	hif-1(ia07)	1	42	0
430	hif-1(ia07)	1	44	0
430	hif-1(ia07)	1	44	0
431	hif-1(ia07)	1	44	0
431	hif-1(ia07)	1	44	0
432	hif-1(ia07)	1	46	0
432	hif-1(ia07)	1	46	0
433	hif-1(ia07)	1	46	0
433	hif-1(ia07)	1	46	0
434	hif-1(ia07)	1	46	0
434	hif-1(ia07)	1	46	0
435	hif-1(ia07)	1	17	2
435	hif-1(ia07)	1	17	2
436	hif-1(ia07)	1	19	2
436	hif-1(ia07)	1	19	2
437	hif-1(ia07)	1	21	2
437	hif-1(ia07)	1	21	2
438	hif-1(ia07)	1	21	2
438	hif-1(ia07)	1	21	2
439	hif-1(ia07)	1	21	2
439	hif-1(ia07)	1	21	2
440	hif-1(ia07)	1	21	2
440	hif-1(ia07)	1	21	2
441	hif-1(ia07)	1	21	2
441	hif-1(ia07)	1	21	2
442	hif-1(ia07)	1	21	2
442	hif-1(ia07)	1	21	2
443	hif-1(ia07)	1	23	2
443	hif-1(ia07)	1	23	2
444	hif-1(ia07)	1	23	2
444	hif-1(ia07)	1	23	2
445	hif-1(ia07)	1	25	2
445	hif-1(ia07)	1	25	2
446	hif-1(ia07)	1	25	2
446	hif-1(ia07)	1	25	2
447	hif-1(ia07)	1	25	2
447	hif-1(ia07)	1	25	2
448	hif-1(ia07)	1	25	2
448	hif-1(ia07)	1	25	2
449	hif-1(ia07)	1	30	2
449	hif-1(ia07)	1	30	2
450	hif-1(ia07)	1	35	2
450	hif-1(ia07)	1	35	2
451	hif-1(ia07)	1	14	3
451	hif-1(ia07)	1	14	3
452	hif-1(ia07)	1	19	3
452	hif-1(ia07)	1	19	3
453	hif-1(ia07)	1	23	3
453	hif-1(ia07)	1	23	3
454	hif-1(ia07)	2	14	0
454	hif-1(ia07)	2	14	0
455	hif-1(ia07)	2	14	0
455	hif-1(ia07)	2	14	0
456	hif-1(ia07)	2	14	0
456	hif-1(ia07)	2	14	0
457	hif-1(ia07)	2	17	0
457	hif-1(ia07)	2	17	0
458	hif-1(ia07)	2	17	0
458	hif-1(ia07)	2	17	0
459	hif-1(ia07)	2	19	0
459	hif-1(ia07)	2	19	0
460	hif-1(ia07)	2	19	0
460	hif-1(ia07)	2	19	0
461	hif-1(ia07)	2	19	0
461	hif-1(ia07)	2	19	0
462	hif-1(ia07)	2	19	0
462	hif-1(ia07)	2	19	0
463	hif-1(ia07)	2	19	0
463	hif-1(ia07)	2	19	0
464	hif-1(ia07)	2	19	0
464	hif-1(ia07)	2	19	0
465	hif-1(ia07)	2	21	0
465	hif-1(ia07)	2	21	0
466	hif-1(ia07)	2	21	0
466	hif-1(ia07)	2	21	0
467	hif-1(ia07)	2	21	0
467	hif-1(ia07)	2	21	0
468	hif-1(ia07)	2	21	0
468	hif-1(ia07)	2	21	0
469	hif-1(ia07)	2	21	0
469	hif-1(ia07)	2	21	0
470	hif-1(ia07)	2	21	0
470	hif-1(ia07)	2	21	0
471	hif-1(ia07)	2	21	0
471	hif-1(ia07)	2	21	0
472	hif-1(ia07)	2	23	0
472	hif-1(ia07)	2	23	0
473	hif-1(ia07)	2	23	0
473	hif-1(ia07)	2	23	0
474	hif-1(ia07)	2	23	0
474	hif-1(ia07)	2	23	0
475	hif-1(ia07)	2	23	0
475	hif-1(ia07)	2	23	0
476	hif-1(ia07)	2	23	0
476	hif-1(ia07)	2	23	0
477	hif-1(ia07)	2	23	0
477	hif-1(ia07)	2	23	0
478	hif-1(ia07)	2	23	0
478	hif-1(ia07)	2	23	0
479	hif-1(ia07)	2	23	0
479	hif-1(ia07)	2	23	0
480	hif-1(ia07)	2	23	0
480	hif-1(ia07)	2	23	0
481	hif-1(ia07)	2	23	0
481	hif-1(ia07)	2	23	0
482	hif-1(ia07)	2	23	0
482	hif-1(ia07)	2	23	0
483	hif-1(ia07)	2	25	0
483	hif-1(ia07)	2	25	0
484	hif-1(ia07)	2	25	0
484	hif-1(ia07)	2	25	0
485	hif-1(ia07)	2	25	0
485	hif-1(ia07)	2	25	0
486	hif-1(ia07)	2	28	0
486	hif-1(ia07)	2	28	0
487	hif-1(ia07)	2	28	0
487	hif-1(ia07)	2	28	0
488	hif-1(ia07)	2	28	0
488	hif-1(ia07)	2	28	0
489	hif-1(ia07)	2	28	0
489	hif-1(ia07)	2	28	0
490	hif-1(ia07)	2	28	0
490	hif-1(ia07)	2	28	0
491	hif-1(ia07)	2	28	0
491	hif-1(ia07)	2	28	0
492	hif-1(ia07)	2	28	0
492	hif-1(ia07)	2	28	0
493	hif-1(ia07)	2	28	0
493	hif-1(ia07)	2	28	0
494	hif-1(ia07)	2	28	0
494	hif-1(ia07)	2	28	0
495	hif-1(ia07)	2	28	0
495	hif-1(ia07)	2	28	0
496	hif-1(ia07)	2	28	0
496	hif-1(ia07)	2	28	0
497	hif-1(ia07)	2	28	0
497	hif-1(ia07)	2	28	0
498	hif-1(ia07)	2	28	0
498	hif-1(ia07)	2	28	0
499	hif-1(ia07)	2	28	0
499	hif-1(ia07)	2	28	0
500	hif-1(ia07)	2	30	0
500	hif-1(ia07)	2	30	0
501	hif-1(ia07)	2	30	0
501	hif-1(ia07)	2	30	0
502	hif-1(ia07)	2	30	0
502	hif-1(ia07)	2	30	0
503	hif-1(ia07)	2	30	0
503	hif-1(ia07)	2	30	0
504	hif-1(ia07)	2	30	0
504	hif-1(ia07)	2	30	0
505	hif-1(ia07)	2	32	0
505	hif-1(ia07)	2	32	0
506	hif-1(ia07)	2	32	0
506	hif-1(ia07)	2	32	0
507	hif-1(ia07)	2	32	0
507	hif-1(ia07)	2	32	0
508	hif-1(ia07)	2	32	0
508	hif-1(ia07)	2	32	0
509	hif-1(ia07)	2	32	0
509	hif-1(ia07)	2	32	0
510	hif-1(ia07)	2	35	0
510	hif-1(ia07)	2	35	0
511	hif-1(ia07)	2	35	0
511	hif-1(ia07)	2	35	0
512	hif-1(ia07)	2	35	0
512	hif-1(ia07)	2	35	0
513	hif-1(ia07)	2	37	0
513	hif-1(ia07)	2	37	0
514	hif-1(ia07)	2	39	0
514	hif-1(ia07)	2	39	0
515	hif-1(ia07)	2	39	0
515	hif-1(ia07)	2	39	0
516	hif-1(ia07)	2	39	0
516	hif-1(ia07)	2	39	0
517	hif-1(ia07)	2	39	0
517	hif-1(ia07)	2	39	0
518	hif-1(ia07)	2	42	0
518	hif-1(ia07)	2	42	0
519	hif-1(ia07)	2	42	0
519	hif-1(ia07)	2	42	0
520	hif-1(ia07)	2	44	0
520	hif-1(ia07)	2	44	0
521	hif-1(ia07)	2	44	0
521	hif-1(ia07)	2	44	0
522	hif-1(ia07)	2	44	0
522	hif-1(ia07)	2	44	0
523	hif-1(ia07)	2	19	2
523	hif-1(ia07)	2	19	2
524	hif-1(ia07)	2	21	2
524	hif-1(ia07)	2	21	2
525	hif-1(ia07)	2	21	2
525	hif-1(ia07)	2	21	2
526	hif-1(ia07)	2	25	2
526	hif-1(ia07)	2	25	2
527	hif-1(ia07)	2	25	2
527	hif-1(ia07)	2	25	2
528	hif-1(ia07)	2	19	3
528	hif-1(ia07)	2	19	3
529	cep-1	1	10	0
529	cep-1	1	10	0
530	cep-1	1	17	0
530	cep-1	1	17	0
531	cep-1	1	17	0
531	cep-1	1	17	0
532	cep-1	1	21	0
532	cep-1	1	21	0
533	cep-1	1	21	0
533	cep-1	1	21	0
534	cep-1	1	23	0
534	cep-1	1	23	0
535	cep-1	1	23	0
535	cep-1	1	23	0
536	cep-1	1	25	0
536	cep-1	1	25	0
537	cep-1	1	25	0
537	cep-1	1	25	0
538	cep-1	1	25	0
538	cep-1	1	25	0
539	cep-1	1	25	0
539	cep-1	1	25	0
540	cep-1	1	25	0
540	cep-1	1	25	0
541	cep-1	1	25	0
541	cep-1	1	25	0
542	cep-1	1	25	0
542	cep-1	1	25	0
543	cep-1	1	25	0
543	cep-1	1	25	0
544	cep-1	1	25	0
544	cep-1	1	25	0
545	cep-1	1	28	0
545	cep-1	1	28	0
546	cep-1	1	28	0
546	cep-1	1	28	0
547	cep-1	1	28	0
547	cep-1	1	28	0
548	cep-1	1	28	0
548	cep-1	1	28	0
549	cep-1	1	28	0
549	cep-1	1	28	0
550	cep-1	1	28	0
550	cep-1	1	28	0
551	cep-1	1	28	0
551	cep-1	1	28	0
552	cep-1	1	28	0
552	cep-1	1	28	0
553	cep-1	1	28	0
553	cep-1	1	28	0
554	cep-1	1	28	0
554	cep-1	1	28	0
555	cep-1	1	28	0
555	cep-1	1	28	0
556	cep-1	1	28	0
556	cep-1	1	28	0
557	cep-1	1	28	0
557	cep-1	1	28	0
558	cep-1	1	28	0
558	cep-1	1	28	0
559	cep-1	1	28	0
559	cep-1	1	28	0
560	cep-1	1	28	0
560	cep-1	1	28	0
561	cep-1	1	28	0
561	cep-1	1	28	0
562	cep-1	1	28	0
562	cep-1	1	28	0
563	cep-1	1	28	0
563	cep-1	1	28	0
564	cep-1	1	28	0
564	cep-1	1	28	0
565	cep-1	1	28	0
565	cep-1	1	28	0
566	cep-1	1	28	0
566	cep-1	1	28	0
567	cep-1	1	28	0
567	cep-1	1	28	0
568	cep-1	1	28	0
568	cep-1	1	28	0
569	cep-1	1	28	0
569	cep-1	1	28	0
570	cep-1	1	28	0
570	cep-1	1	28	0
571	cep-1	1	28	0
571	cep-1	1	28	0
572	cep-1	1	28	0
572	cep-1	1	28	0
573	cep-1	1	30	0
573	cep-1	1	30	0
574	cep-1	1	30	0
574	cep-1	1	30	0
575	cep-1	1	30	0
575	cep-1	1	30	0
576	cep-1	1	30	0
576	cep-1	1	30	0
577	cep-1	1	30	0
577	cep-1	1	30	0
578	cep-1	1	30	0
578	cep-1	1	30	0
579	cep-1	1	30	0
579	cep-1	1	30	0
580	cep-1	1	30	0
580	cep-1	1	30	0
581	cep-1	1	30	0
581	cep-1	1	30	0
582	cep-1	1	30	0
582	cep-1	1	30	0
583	cep-1	1	30	0
583	cep-1	1	30	0
584	cep-1	1	30	0
584	cep-1	1	30	0
585	cep-1	1	30	0
585	cep-1	1	30	0
586	cep-1	1	30	0
586	cep-1	1	30	0
587	cep-1	1	30	0
587	cep-1	1	30	0
588	cep-1	1	30	0
588	cep-1	1	30	0
589	cep-1	1	30	0
589	cep-1	1	30	0
590	cep-1	1	30	0
590	cep-1	1	30	0
591	cep-1	1	30	0
591	cep-1	1	30	0
592	cep-1	1	30	0
592	cep-1	1	30	0
593	cep-1	1	30	0
593	cep-1	1	30	0
594	cep-1	1	32	0
594	cep-1	1	32	0
595	cep-1	1	32	0
595	cep-1	1	32	0
596	cep-1	1	32	0
596	cep-1	1	32	0
597	cep-1	1	32	0
597	cep-1	1	32	0
598	cep-1	1	32	0
598	cep-1	1	32	0
599	cep-1	1	32	0
599	cep-1	1	32	0
600	cep-1	1	32	0
600	cep-1	1	32	0
601	cep-1	1	32	0
601	cep-1	1	32	0
602	cep-1	1	32	0
602	cep-1	1	32	0
603	cep-1	1	32	0
603	cep-1	1	32	0
604	cep-1	1	32	0
604	cep-1	1	32	0
605	cep-1	1	32	0
605	cep-1	1	32	0
606	cep-1	1	32	0
606	cep-1	1	32	0
607	cep-1	1	32	0
607	cep-1	1	32	0
608	cep-1	1	32	0
608	cep-1	1	32	0
609	cep-1	1	32	0
609	cep-1	1	32	0
610	cep-1	1	35	0
610	cep-1	1	35	0
611	cep-1	1	35	0
611	cep-1	1	35	0
612	cep-1	1	35	0
612	cep-1	1	35	0
613	cep-1	1	35	0
613	cep-1	1	35	0
614	cep-1	1	35	0
614	cep-1	1	35	0
615	cep-1	1	35	0
615	cep-1	1	35	0
616	cep-1	1	35	0
616	cep-1	1	35	0
617	cep-1	1	35	0
617	cep-1	1	35	0
618	cep-1	1	35	0
618	cep-1	1	35	0
619	cep-1	1	35	0
619	cep-1	1	35	0
620	cep-1	1	35	0
620	cep-1	1	35	0
621	cep-1	1	35	0
621	cep-1	1	35	0
622	cep-1	1	35	0
622	cep-1	1	35	0
623	cep-1	1	35	0
623	cep-1	1	35	0
624	cep-1	1	35	0
624	cep-1	1	35	0
625	cep-1	1	35	0
625	cep-1	1	35	0
626	cep-1	1	35	0
626	cep-1	1	35	0
627	cep-1	1	35	0
627	cep-1	1	35	0
628	cep-1	1	35	0
628	cep-1	1	35	0
629	cep-1	1	35	0
629	cep-1	1	35	0
630	cep-1	1	35	0
630	cep-1	1	35	0
631	cep-1	1	35	0
631	cep-1	1	35	0
632	cep-1	1	35	0
632	cep-1	1	35	0
633	cep-1	1	35	0
633	cep-1	1	35	0
634	cep-1	1	37	0
634	cep-1	1	37	0
635	cep-1	1	37	0
635	cep-1	1	37	0
636	cep-1	1	37	0
636	cep-1	1	37	0
637	cep-1	1	37	0
637	cep-1	1	37	0
638	cep-1	1	37	0
638	cep-1	1	37	0
639	cep-1	1	37	0
639	cep-1	1	37	0
640	cep-1	1	39	0
640	cep-1	1	39	0
641	cep-1	1	39	0
641	cep-1	1	39	0
642	cep-1	1	21	2
642	cep-1	1	21	2
643	cep-1	1	21	2
643	cep-1	1	21	2
644	cep-1	1	23	2
644	cep-1	1	23	2
645	cep-1	1	23	2
645	cep-1	1	23	2
646	cep-1	1	25	2
646	cep-1	1	25	2
647	cep-1	1	25	2
647	cep-1	1	25	2
648	cep-1	1	25	2
648	cep-1	1	25	2
649	cep-1	1	25	2
649	cep-1	1	25	2
650	cep-1	1	25	2
650	cep-1	1	25	2
651	cep-1	1	25	2
651	cep-1	1	25	2
652	cep-1	1	25	2
652	cep-1	1	25	2
653	cep-1	1	25	2
653	cep-1	1	25	2
654	cep-1	1	25	2
654	cep-1	1	25	2
655	cep-1	1	14	3
655	cep-1	1	14	3
656	cep-1	1	17	3
656	cep-1	1	17	3
657	cep-1	1	17	3
657	cep-1	1	17	3
658	cep-1	1	19	3
658	cep-1	1	19	3
659	cep-1	1	19	3
659	cep-1	1	19	3
660	cep-1	1	23	3
660	cep-1	1	23	3
661	cep-1	1	23	3
661	cep-1	1	23	3
662	cep-1	1	23	3
662	cep-1	1	23	3
663	cep-1	2	10	0
663	cep-1	2	10	0
664	cep-1	2	14	0
664	cep-1	2	14	0
665	cep-1	2	21	0
665	cep-1	2	21	0
666	cep-1	2	25	0
666	cep-1	2	25	0
667	cep-1	2	25	0
667	cep-1	2	25	0
668	cep-1	2	25	0
668	cep-1	2	25	0
669	cep-1	2	17	2
669	cep-1	2	17	2
670	cep-1	2	17	2
670	cep-1	2	17	2
671	cep-1	2	19	2
671	cep-1	2	19	2
672	cep-1	2	19	2
672	cep-1	2	19	2
673	cep-1	2	21	2
673	cep-1	2	21	2
674	cep-1	2	21	2
674	cep-1	2	21	2
675	cep-1	2	25	2
675	cep-1	2	25	2
676	cep-1	2	25	2
676	cep-1	2	25	2
677	cep-1	2	25	2
677	cep-1	2	25	2
678	cep-1	2	25	2
678	cep-1	2	25	2
679	cep-1	2	25	2
679	cep-1	2	25	2
680	cep-1	2	28	2
680	cep-1	2	28	2
681	cep-1	2	28	2
681	cep-1	2	28	2
682	cep-1	2	28	2
682	cep-1	2	28	2
683	cep-1	2	28	2
683	cep-1	2	28	2
684	cep-1	2	28	2
684	cep-1	2	28	2
685	cep-1	2	28	2
685	cep-1	2	28	2
686	cep-1	2	28	2
686	cep-1	2	28	2
687	cep-1	2	28	2
687	cep-1	2	28	2
688	cep-1	2	28	2
688	cep-1	2	28	2
689	cep-1	2	28	2
689	cep-1	2	28	2
690	cep-1	2	28	2
690	cep-1	2	28	2
691	cep-1	2	28	2
691	cep-1	2	28	2
692	cep-1	2	28	2
692	cep-1	2	28	2
693	cep-1	2	28	2
693	cep-1	2	28	2
694	cep-1	2	28	2
694	cep-1	2	28	2
695	cep-1	2	30	2
695	cep-1	2	30	2
696	cep-1	2	30	2
696	cep-1	2	30	2
697	cep-1	2	30	2
697	cep-1	2	30	2
698	cep-1	2	30	2
698	cep-1	2	30	2
699	cep-1	2	30	2
699	cep-1	2	30	2
700	cep-1	2	30	2
700	cep-1	2	30	2
701	cep-1	2	30	2
701	cep-1	2	30	2
702	cep-1	2	30	2
702	cep-1	2	30	2
703	cep-1	2	30	2
703	cep-1	2	30	2
704	cep-1	2	30	2
704	cep-1	2	30	2
705	cep-1	2	30	2
705	cep-1	2	30	2
706	cep-1	2	30	2
706	cep-1	2	30	2
707	cep-1	2	30	2
707	cep-1	2	30	2
708	cep-1	2	32	2
708	cep-1	2	32	2
709	cep-1	2	32	2
709	cep-1	2	32	2
710	cep-1	2	32	2
710	cep-1	2	32	2
711	cep-1	2	32	2
711	cep-1	2	32	2
712	cep-1	2	32	2
712	cep-1	2	32	2
713	cep-1	2	32	2
713	cep-1	2	32	2
714	cep-1	2	32	2
714	cep-1	2	32	2
715	cep-1	2	32	2
715	cep-1	2	32	2
716	cep-1	2	32	2
716	cep-1	2	32	2
717	cep-1	2	32	2
717	cep-1	2	32	2
718	cep-1	2	32	2
718	cep-1	2	32	2
719	cep-1	2	32	2
719	cep-1	2	32	2
720	cep-1	2	35	2
720	cep-1	2	35	2
721	cep-1	2	35	2
721	cep-1	2	35	2
722	cep-1	2	35	2
722	cep-1	2	35	2
723	cep-1	2	35	2
723	cep-1	2	35	2
724	cep-1	2	35	2
724	cep-1	2	35	2
725	cep-1	2	35	2
725	cep-1	2	35	2
726	cep-1	2	35	2
726	cep-1	2	35	2
727	cep-1	2	35	2
727	cep-1	2	35	2
728	cep-1	2	35	2
728	cep-1	2	35	2
729	cep-1	2	35	2
729	cep-1	2	35	2
730	cep-1	2	35	2
730	cep-1	2	35	2
731	cep-1	2	37	2
731	cep-1	2	37	2
732	cep-1	2	37	2
732	cep-1	2	37	2
733	cep-1	2	37	2
733	cep-1	2	37	2
734	cep-1	2	14	3
734	cep-1	2	14	3
735	cep-1	2	21	3
735	cep-1	2	21	3
