strain	replicate	age.at.death	rupture	
strain	replicate	age.at.death	rupture	
1	N2	1	14	0
1	N2	1	14	0
2	N2	1	14	0
2	N2	1	14	0
3	N2	1	14	0
3	N2	1	14	0
4	N2	1	14	0
4	N2	1	14	0
5	N2	1	17	0
5	N2	1	17	0
6	N2	1	17	0
6	N2	1	17	0
7	N2	1	17	0
7	N2	1	17	0
8	N2	1	19	0
8	N2	1	19	0
9	N2	1	19	0
9	N2	1	19	0
10	N2	1	19	0
10	N2	1	19	0
11	N2	1	19	0
11	N2	1	19	0
12	N2	1	21	0
12	N2	1	21	0
13	N2	1	21	0
13	N2	1	21	0
14	N2	1	21	0
14	N2	1	21	0
15	N2	1	21	0
15	N2	1	21	0
16	N2	1	21	0
16	N2	1	21	0
17	N2	1	21	0
17	N2	1	21	0
18	N2	1	21	0
18	N2	1	21	0
19	N2	1	21	0
19	N2	1	21	0
20	N2	1	21	0
20	N2	1	21	0
21	N2	1	21	0
21	N2	1	21	0
22	N2	1	21	0
22	N2	1	21	0
23	N2	1	23	0
23	N2	1	23	0
24	N2	1	23	0
24	N2	1	23	0
25	N2	1	23	0
25	N2	1	23	0
26	N2	1	23	0
26	N2	1	23	0
27	N2	1	23	0
27	N2	1	23	0
28	N2	1	23	0
28	N2	1	23	0
29	N2	1	23	0
29	N2	1	23	0
30	N2	1	23	0
30	N2	1	23	0
31	N2	1	23	0
31	N2	1	23	0
32	N2	1	23	0
32	N2	1	23	0
33	N2	1	23	0
33	N2	1	23	0
34	N2	1	23	0
34	N2	1	23	0
35	N2	1	23	0
35	N2	1	23	0
36	N2	1	23	0
36	N2	1	23	0
37	N2	1	23	0
37	N2	1	23	0
38	N2	1	23	0
38	N2	1	23	0
39	N2	1	25	0
39	N2	1	25	0
40	N2	1	25	0
40	N2	1	25	0
41	N2	1	25	0
41	N2	1	25	0
42	N2	1	25	0
42	N2	1	25	0
43	N2	1	25	0
43	N2	1	25	0
44	N2	1	25	0
44	N2	1	25	0
45	N2	1	25	0
45	N2	1	25	0
46	N2	1	25	0
46	N2	1	25	0
47	N2	1	25	0
47	N2	1	25	0
48	N2	1	25	0
48	N2	1	25	0
49	N2	1	25	0
49	N2	1	25	0
50	N2	1	25	0
50	N2	1	25	0
51	N2	1	25	0
51	N2	1	25	0
52	N2	1	28	0
52	N2	1	28	0
53	N2	1	28	0
53	N2	1	28	0
54	N2	1	28	0
54	N2	1	28	0
55	N2	1	30	0
55	N2	1	30	0
56	N2	1	30	0
56	N2	1	30	0
57	N2	1	30	0
57	N2	1	30	0
58	N2	1	30	0
58	N2	1	30	0
59	N2	1	32	0
59	N2	1	32	0
60	N2	1	32	0
60	N2	1	32	0
61	N2	1	32	0
61	N2	1	32	0
62	N2	1	32	0
62	N2	1	32	0
63	N2	1	35	0
63	N2	1	35	0
64	N2	1	17	3
64	N2	1	17	3
65	N2	2	14	0
65	N2	2	14	0
66	N2	2	14	0
66	N2	2	14	0
67	N2	2	17	0
67	N2	2	17	0
68	N2	2	17	0
68	N2	2	17	0
69	N2	2	17	0
69	N2	2	17	0
70	N2	2	17	0
70	N2	2	17	0
71	N2	2	19	0
71	N2	2	19	0
72	N2	2	19	0
72	N2	2	19	0
73	N2	2	23	0
73	N2	2	23	0
74	N2	2	23	0
74	N2	2	23	0
75	N2	2	23	0
75	N2	2	23	0
76	N2	2	23	0
76	N2	2	23	0
77	N2	2	23	0
77	N2	2	23	0
78	N2	2	25	0
78	N2	2	25	0
79	N2	2	25	0
79	N2	2	25	0
80	N2	2	25	0
80	N2	2	25	0
81	N2	2	25	0
81	N2	2	25	0
82	N2	2	28	0
82	N2	2	28	0
83	N2	2	28	0
83	N2	2	28	0
84	N2	2	28	0
84	N2	2	28	0
85	N2	2	30	0
85	N2	2	30	0
86	N2	2	30	0
86	N2	2	30	0
87	N2	2	30	0
87	N2	2	30	0
88	N2	2	32	0
88	N2	2	32	0
89	N2	2	32	0
89	N2	2	32	0
90	N2	2	32	0
90	N2	2	32	0
91	N2	2	32	0
91	N2	2	32	0
92	N2	2	35	0
92	N2	2	35	0
93	N2	2	35	0
93	N2	2	35	0
94	N2	2	37	0
94	N2	2	37	0
95	N2	2	14	3
95	N2	2	14	3
96	N2	3	14	0
96	N2	3	14	0
97	N2	3	17	0
97	N2	3	17	0
98	N2	3	17	0
98	N2	3	17	0
99	N2	3	19	0
99	N2	3	19	0
100	N2	3	19	0
100	N2	3	19	0
101	N2	3	19	0
101	N2	3	19	0
102	N2	3	21	0
102	N2	3	21	0
103	N2	3	21	0
103	N2	3	21	0
104	N2	3	21	0
104	N2	3	21	0
105	N2	3	21	0
105	N2	3	21	0
106	N2	3	21	0
106	N2	3	21	0
107	N2	3	23	0
107	N2	3	23	0
108	N2	3	23	0
108	N2	3	23	0
109	N2	3	23	0
109	N2	3	23	0
110	N2	3	23	0
110	N2	3	23	0
111	N2	3	23	0
111	N2	3	23	0
112	N2	3	23	0
112	N2	3	23	0
113	N2	3	23	0
113	N2	3	23	0
114	N2	3	23	0
114	N2	3	23	0
115	N2	3	23	0
115	N2	3	23	0
116	N2	3	23	0
116	N2	3	23	0
117	N2	3	23	0
117	N2	3	23	0
118	N2	3	25	0
118	N2	3	25	0
119	N2	3	25	0
119	N2	3	25	0
120	N2	3	25	0
120	N2	3	25	0
121	N2	3	25	0
121	N2	3	25	0
122	N2	3	25	0
122	N2	3	25	0
123	N2	3	25	0
123	N2	3	25	0
124	N2	3	25	0
124	N2	3	25	0
125	N2	3	28	0
125	N2	3	28	0
126	N2	3	28	0
126	N2	3	28	0
127	N2	3	28	0
127	N2	3	28	0
128	N2	3	28	0
128	N2	3	28	0
129	N2	3	28	0
129	N2	3	28	0
130	N2	3	28	0
130	N2	3	28	0
131	N2	3	28	0
131	N2	3	28	0
132	N2	3	28	0
132	N2	3	28	0
133	N2	3	28	0
133	N2	3	28	0
134	N2	3	28	0
134	N2	3	28	0
135	N2	3	28	0
135	N2	3	28	0
136	N2	3	28	0
136	N2	3	28	0
137	N2	3	28	0
137	N2	3	28	0
138	N2	3	28	0
138	N2	3	28	0
139	N2	3	30	0
139	N2	3	30	0
140	N2	3	30	0
140	N2	3	30	0
141	N2	3	30	0
141	N2	3	30	0
142	N2	3	30	0
142	N2	3	30	0
143	N2	3	32	0
143	N2	3	32	0
144	N2	3	32	0
144	N2	3	32	0
145	N2	3	37	0
145	N2	3	37	0
146	N2	3	37	0
146	N2	3	37	0
147	N2	3	37	0
147	N2	3	37	0
148	N2	3	37	0
148	N2	3	37	0
149	N2	3	37	0
149	N2	3	37	0
150	N2	3	37	0
150	N2	3	37	0
151	N2	3	17	1
151	N2	3	17	1
152	N2	3	23	1
152	N2	3	23	1
153	N2	3	25	1
153	N2	3	25	1
154	N2	3	25	1
154	N2	3	25	1
155	N2	3	19	2
155	N2	3	19	2
156	N2	3	21	2
156	N2	3	21	2
157	N2	3	23	2
157	N2	3	23	2
158	N2	3	25	2
158	N2	3	25	2
159	N2	3	25	2
159	N2	3	25	2
160	N2	3	25	2
160	N2	3	25	2
161	N2	3	25	2
161	N2	3	25	2
162	N2	3	14	3
162	N2	3	14	3
163	N2	3	14	3
163	N2	3	14	3
164	N2	3	19	3
164	N2	3	19	3
165	N2	3	21	3
165	N2	3	21	3
166	N2	3	21	3
166	N2	3	21	3
167	N2	3	28	3
167	N2	3	28	3
168	N2	4	14	0
168	N2	4	14	0
169	N2	4	19	0
169	N2	4	19	0
170	N2	4	19	0
170	N2	4	19	0
171	N2	4	19	0
171	N2	4	19	0
172	N2	4	21	0
172	N2	4	21	0
173	N2	4	21	0
173	N2	4	21	0
174	N2	4	21	0
174	N2	4	21	0
175	N2	4	23	0
175	N2	4	23	0
176	N2	4	23	0
176	N2	4	23	0
177	N2	4	23	0
177	N2	4	23	0
178	N2	4	23	0
178	N2	4	23	0
179	N2	4	23	0
179	N2	4	23	0
180	N2	4	23	0
180	N2	4	23	0
181	N2	4	23	0
181	N2	4	23	0
182	N2	4	25	0
182	N2	4	25	0
183	N2	4	25	0
183	N2	4	25	0
184	N2	4	25	0
184	N2	4	25	0
185	N2	4	25	0
185	N2	4	25	0
186	N2	4	25	0
186	N2	4	25	0
187	N2	4	25	0
187	N2	4	25	0
188	N2	4	28	0
188	N2	4	28	0
189	N2	4	28	0
189	N2	4	28	0
190	N2	4	28	0
190	N2	4	28	0
191	N2	4	28	0
191	N2	4	28	0
192	N2	4	28	0
192	N2	4	28	0
193	N2	4	28	0
193	N2	4	28	0
194	N2	4	28	0
194	N2	4	28	0
195	N2	4	28	0
195	N2	4	28	0
196	N2	4	28	0
196	N2	4	28	0
197	N2	4	28	0
197	N2	4	28	0
198	N2	4	28	0
198	N2	4	28	0
199	N2	4	28	0
199	N2	4	28	0
200	N2	4	30	0
200	N2	4	30	0
201	N2	4	30	0
201	N2	4	30	0
202	N2	4	30	0
202	N2	4	30	0
203	N2	4	30	0
203	N2	4	30	0
204	N2	4	30	0
204	N2	4	30	0
205	N2	4	32	0
205	N2	4	32	0
206	N2	4	32	0
206	N2	4	32	0
207	N2	4	35	0
207	N2	4	35	0
208	N2	4	35	0
208	N2	4	35	0
209	N2	4	25	1
209	N2	4	25	1
210	N2	4	17	2
210	N2	4	17	2
211	N2	4	17	2
211	N2	4	17	2
212	N2	4	23	2
212	N2	4	23	2
213	N2	4	23	2
213	N2	4	23	2
214	N2	4	25	2
214	N2	4	25	2
215	N2	4	19	3
215	N2	4	19	3
216	N2	4	19	3
216	N2	4	19	3
217	N2.Hypoxia	1	14	0
217	N2.Hypoxia	1	14	0
218	N2.Hypoxia	1	19	0
218	N2.Hypoxia	1	19	0
219	N2.Hypoxia	1	19	0
219	N2.Hypoxia	1	19	0
220	N2.Hypoxia	1	21	0
220	N2.Hypoxia	1	21	0
221	N2.Hypoxia	1	21	0
221	N2.Hypoxia	1	21	0
222	N2.Hypoxia	1	21	0
222	N2.Hypoxia	1	21	0
223	N2.Hypoxia	1	21	0
223	N2.Hypoxia	1	21	0
224	N2.Hypoxia	1	21	0
224	N2.Hypoxia	1	21	0
225	N2.Hypoxia	1	23	0
225	N2.Hypoxia	1	23	0
226	N2.Hypoxia	1	23	0
226	N2.Hypoxia	1	23	0
227	N2.Hypoxia	1	25	0
227	N2.Hypoxia	1	25	0
228	N2.Hypoxia	1	25	0
228	N2.Hypoxia	1	25	0
229	N2.Hypoxia	1	25	0
229	N2.Hypoxia	1	25	0
230	N2.Hypoxia	1	25	0
230	N2.Hypoxia	1	25	0
231	N2.Hypoxia	1	28	0
231	N2.Hypoxia	1	28	0
232	N2.Hypoxia	1	28	0
232	N2.Hypoxia	1	28	0
233	N2.Hypoxia	1	28	0
233	N2.Hypoxia	1	28	0
234	N2.Hypoxia	1	28	0
234	N2.Hypoxia	1	28	0
235	N2.Hypoxia	1	28	0
235	N2.Hypoxia	1	28	0
236	N2.Hypoxia	1	28	0
236	N2.Hypoxia	1	28	0
237	N2.Hypoxia	1	28	0
237	N2.Hypoxia	1	28	0
238	N2.Hypoxia	1	30	0
238	N2.Hypoxia	1	30	0
239	N2.Hypoxia	1	30	0
239	N2.Hypoxia	1	30	0
240	N2.Hypoxia	1	30	0
240	N2.Hypoxia	1	30	0
241	N2.Hypoxia	1	30	0
241	N2.Hypoxia	1	30	0
242	N2.Hypoxia	1	30	0
242	N2.Hypoxia	1	30	0
243	N2.Hypoxia	1	32	0
243	N2.Hypoxia	1	32	0
244	N2.Hypoxia	1	32	0
244	N2.Hypoxia	1	32	0
245	N2.Hypoxia	1	35	0
245	N2.Hypoxia	1	35	0
246	N2.Hypoxia	1	37	0
246	N2.Hypoxia	1	37	0
247	N2.Hypoxia	2	11	0
247	N2.Hypoxia	2	11	0
248	N2.Hypoxia	2	17	0
248	N2.Hypoxia	2	17	0
249	N2.Hypoxia	2	19	0
249	N2.Hypoxia	2	19	0
250	N2.Hypoxia	2	19	0
250	N2.Hypoxia	2	19	0
251	N2.Hypoxia	2	19	0
251	N2.Hypoxia	2	19	0
252	N2.Hypoxia	2	19	0
252	N2.Hypoxia	2	19	0
253	N2.Hypoxia	2	19	0
253	N2.Hypoxia	2	19	0
254	N2.Hypoxia	2	19	0
254	N2.Hypoxia	2	19	0
255	N2.Hypoxia	2	21	0
255	N2.Hypoxia	2	21	0
256	N2.Hypoxia	2	21	0
256	N2.Hypoxia	2	21	0
257	N2.Hypoxia	2	21	0
257	N2.Hypoxia	2	21	0
258	N2.Hypoxia	2	21	0
258	N2.Hypoxia	2	21	0
259	N2.Hypoxia	2	21	0
259	N2.Hypoxia	2	21	0
260	N2.Hypoxia	2	21	0
260	N2.Hypoxia	2	21	0
261	N2.Hypoxia	2	21	0
261	N2.Hypoxia	2	21	0
262	N2.Hypoxia	2	21	0
262	N2.Hypoxia	2	21	0
263	N2.Hypoxia	2	21	0
263	N2.Hypoxia	2	21	0
264	N2.Hypoxia	2	23	0
264	N2.Hypoxia	2	23	0
265	N2.Hypoxia	2	23	0
265	N2.Hypoxia	2	23	0
266	N2.Hypoxia	2	23	0
266	N2.Hypoxia	2	23	0
267	N2.Hypoxia	2	25	0
267	N2.Hypoxia	2	25	0
268	N2.Hypoxia	2	25	0
268	N2.Hypoxia	2	25	0
269	N2.Hypoxia	2	25	0
269	N2.Hypoxia	2	25	0
270	N2.Hypoxia	2	25	0
270	N2.Hypoxia	2	25	0
271	N2.Hypoxia	2	25	0
271	N2.Hypoxia	2	25	0
272	N2.Hypoxia	2	25	0
272	N2.Hypoxia	2	25	0
273	N2.Hypoxia	2	25	0
273	N2.Hypoxia	2	25	0
274	N2.Hypoxia	2	25	0
274	N2.Hypoxia	2	25	0
275	N2.Hypoxia	2	25	0
275	N2.Hypoxia	2	25	0
276	N2.Hypoxia	2	25	0
276	N2.Hypoxia	2	25	0
277	N2.Hypoxia	2	25	0
277	N2.Hypoxia	2	25	0
278	N2.Hypoxia	2	25	0
278	N2.Hypoxia	2	25	0
279	N2.Hypoxia	2	25	0
279	N2.Hypoxia	2	25	0
280	N2.Hypoxia	2	25	0
280	N2.Hypoxia	2	25	0
281	N2.Hypoxia	2	25	0
281	N2.Hypoxia	2	25	0
282	N2.Hypoxia	2	28	0
282	N2.Hypoxia	2	28	0
283	N2.Hypoxia	2	28	0
283	N2.Hypoxia	2	28	0
284	N2.Hypoxia	2	28	0
284	N2.Hypoxia	2	28	0
285	N2.Hypoxia	2	28	0
285	N2.Hypoxia	2	28	0
286	N2.Hypoxia	2	28	0
286	N2.Hypoxia	2	28	0
287	N2.Hypoxia	2	28	0
287	N2.Hypoxia	2	28	0
288	N2.Hypoxia	2	28	0
288	N2.Hypoxia	2	28	0
289	N2.Hypoxia	2	28	0
289	N2.Hypoxia	2	28	0
290	N2.Hypoxia	2	28	0
290	N2.Hypoxia	2	28	0
291	N2.Hypoxia	2	28	0
291	N2.Hypoxia	2	28	0
292	N2.Hypoxia	2	28	0
292	N2.Hypoxia	2	28	0
293	N2.Hypoxia	2	28	0
293	N2.Hypoxia	2	28	0
294	N2.Hypoxia	2	28	0
294	N2.Hypoxia	2	28	0
295	N2.Hypoxia	2	19	3
295	N2.Hypoxia	2	19	3
296	N2.Hypoxia	3	17	0
296	N2.Hypoxia	3	17	0
297	N2.Hypoxia	3	19	0
297	N2.Hypoxia	3	19	0
298	N2.Hypoxia	3	19	0
298	N2.Hypoxia	3	19	0
299	N2.Hypoxia	3	19	0
299	N2.Hypoxia	3	19	0
300	N2.Hypoxia	3	21	0
300	N2.Hypoxia	3	21	0
301	N2.Hypoxia	3	21	0
301	N2.Hypoxia	3	21	0
302	N2.Hypoxia	3	21	0
302	N2.Hypoxia	3	21	0
303	N2.Hypoxia	3	21	0
303	N2.Hypoxia	3	21	0
304	N2.Hypoxia	3	23	0
304	N2.Hypoxia	3	23	0
305	N2.Hypoxia	3	23	0
305	N2.Hypoxia	3	23	0
306	N2.Hypoxia	3	23	0
306	N2.Hypoxia	3	23	0
307	N2.Hypoxia	3	23	0
307	N2.Hypoxia	3	23	0
308	N2.Hypoxia	3	23	0
308	N2.Hypoxia	3	23	0
309	N2.Hypoxia	3	23	0
309	N2.Hypoxia	3	23	0
310	N2.Hypoxia	3	25	0
310	N2.Hypoxia	3	25	0
311	N2.Hypoxia	3	25	0
311	N2.Hypoxia	3	25	0
312	N2.Hypoxia	3	25	0
312	N2.Hypoxia	3	25	0
313	N2.Hypoxia	3	25	0
313	N2.Hypoxia	3	25	0
314	N2.Hypoxia	3	25	0
314	N2.Hypoxia	3	25	0
315	N2.Hypoxia	3	25	0
315	N2.Hypoxia	3	25	0
316	N2.Hypoxia	3	25	0
316	N2.Hypoxia	3	25	0
317	N2.Hypoxia	3	28	0
317	N2.Hypoxia	3	28	0
318	N2.Hypoxia	3	28	0
318	N2.Hypoxia	3	28	0
319	N2.Hypoxia	3	28	0
319	N2.Hypoxia	3	28	0
320	N2.Hypoxia	3	28	0
320	N2.Hypoxia	3	28	0
321	N2.Hypoxia	3	28	0
321	N2.Hypoxia	3	28	0
322	N2.Hypoxia	3	28	0
322	N2.Hypoxia	3	28	0
323	N2.Hypoxia	3	28	0
323	N2.Hypoxia	3	28	0
324	N2.Hypoxia	3	28	0
324	N2.Hypoxia	3	28	0
325	N2.Hypoxia	3	28	0
325	N2.Hypoxia	3	28	0
326	N2.Hypoxia	3	28	0
326	N2.Hypoxia	3	28	0
327	N2.Hypoxia	3	28	0
327	N2.Hypoxia	3	28	0
328	N2.Hypoxia	3	28	0
328	N2.Hypoxia	3	28	0
329	N2.Hypoxia	3	28	0
329	N2.Hypoxia	3	28	0
330	N2.Hypoxia	3	28	0
330	N2.Hypoxia	3	28	0
331	N2.Hypoxia	3	28	0
331	N2.Hypoxia	3	28	0
332	N2.Hypoxia	3	30	0
332	N2.Hypoxia	3	30	0
333	N2.Hypoxia	3	30	0
333	N2.Hypoxia	3	30	0
334	N2.Hypoxia	3	30	0
334	N2.Hypoxia	3	30	0
335	N2.Hypoxia	3	32	0
335	N2.Hypoxia	3	32	0
336	N2.Hypoxia	3	32	0
336	N2.Hypoxia	3	32	0
337	N2.Hypoxia	3	32	0
337	N2.Hypoxia	3	32	0
338	N2.Hypoxia	3	32	0
338	N2.Hypoxia	3	32	0
339	N2.Hypoxia	3	32	0
339	N2.Hypoxia	3	32	0
340	N2.Hypoxia	3	32	0
340	N2.Hypoxia	3	32	0
341	N2.Hypoxia	3	35	0
341	N2.Hypoxia	3	35	0
342	N2.Hypoxia	3	35	0
342	N2.Hypoxia	3	35	0
343	N2.Hypoxia	3	35	0
343	N2.Hypoxia	3	35	0
344	N2.Hypoxia	3	37	0
344	N2.Hypoxia	3	37	0
345	N2.Hypoxia	3	39	0
345	N2.Hypoxia	3	39	0
346	N2.Hypoxia	3	39	0
346	N2.Hypoxia	3	39	0
347	N2.Hypoxia	3	19	3
347	N2.Hypoxia	3	19	3
348	N2.Hypoxia	4	19	0
348	N2.Hypoxia	4	19	0
349	N2.Hypoxia	4	19	0
349	N2.Hypoxia	4	19	0
350	N2.Hypoxia	4	19	0
350	N2.Hypoxia	4	19	0
351	N2.Hypoxia	4	21	0
351	N2.Hypoxia	4	21	0
352	N2.Hypoxia	4	21	0
352	N2.Hypoxia	4	21	0
353	N2.Hypoxia	4	21	0
353	N2.Hypoxia	4	21	0
354	N2.Hypoxia	4	21	0
354	N2.Hypoxia	4	21	0
355	N2.Hypoxia	4	21	0
355	N2.Hypoxia	4	21	0
356	N2.Hypoxia	4	21	0
356	N2.Hypoxia	4	21	0
357	N2.Hypoxia	4	21	0
357	N2.Hypoxia	4	21	0
358	N2.Hypoxia	4	21	0
358	N2.Hypoxia	4	21	0
359	N2.Hypoxia	4	23	0
359	N2.Hypoxia	4	23	0
360	N2.Hypoxia	4	23	0
360	N2.Hypoxia	4	23	0
361	N2.Hypoxia	4	23	0
361	N2.Hypoxia	4	23	0
362	N2.Hypoxia	4	23	0
362	N2.Hypoxia	4	23	0
363	N2.Hypoxia	4	25	0
363	N2.Hypoxia	4	25	0
364	N2.Hypoxia	4	25	0
364	N2.Hypoxia	4	25	0
365	N2.Hypoxia	4	25	0
365	N2.Hypoxia	4	25	0
366	N2.Hypoxia	4	25	0
366	N2.Hypoxia	4	25	0
367	N2.Hypoxia	4	25	0
367	N2.Hypoxia	4	25	0
368	N2.Hypoxia	4	25	0
368	N2.Hypoxia	4	25	0
369	N2.Hypoxia	4	25	0
369	N2.Hypoxia	4	25	0
370	N2.Hypoxia	4	25	0
370	N2.Hypoxia	4	25	0
371	N2.Hypoxia	4	25	0
371	N2.Hypoxia	4	25	0
372	N2.Hypoxia	4	25	0
372	N2.Hypoxia	4	25	0
373	N2.Hypoxia	4	25	0
373	N2.Hypoxia	4	25	0
374	N2.Hypoxia	4	25	0
374	N2.Hypoxia	4	25	0
375	N2.Hypoxia	4	25	0
375	N2.Hypoxia	4	25	0
376	N2.Hypoxia	4	25	0
376	N2.Hypoxia	4	25	0
377	N2.Hypoxia	4	25	0
377	N2.Hypoxia	4	25	0
378	N2.Hypoxia	4	25	0
378	N2.Hypoxia	4	25	0
379	N2.Hypoxia	4	28	0
379	N2.Hypoxia	4	28	0
380	N2.Hypoxia	4	28	0
380	N2.Hypoxia	4	28	0
381	N2.Hypoxia	4	28	0
381	N2.Hypoxia	4	28	0
382	N2.Hypoxia	4	28	0
382	N2.Hypoxia	4	28	0
383	N2.Hypoxia	4	28	0
383	N2.Hypoxia	4	28	0
384	N2.Hypoxia	4	28	0
384	N2.Hypoxia	4	28	0
385	N2.Hypoxia	4	28	0
385	N2.Hypoxia	4	28	0
386	N2.Hypoxia	4	28	0
386	N2.Hypoxia	4	28	0
387	N2.Hypoxia	4	28	0
387	N2.Hypoxia	4	28	0
388	N2.Hypoxia	4	28	0
388	N2.Hypoxia	4	28	0
389	N2.Hypoxia	4	28	0
389	N2.Hypoxia	4	28	0
390	N2.Hypoxia	4	28	0
390	N2.Hypoxia	4	28	0
391	N2.Hypoxia	4	28	0
391	N2.Hypoxia	4	28	0
392	N2.Hypoxia	4	30	0
392	N2.Hypoxia	4	30	0
393	N2.Hypoxia	4	30	0
393	N2.Hypoxia	4	30	0
394	N2.Hypoxia	4	30	0
394	N2.Hypoxia	4	30	0
395	N2.Hypoxia	4	30	0
395	N2.Hypoxia	4	30	0
396	N2.Hypoxia	4	30	0
396	N2.Hypoxia	4	30	0
397	N2.Hypoxia	4	30	0
397	N2.Hypoxia	4	30	0
398	N2.Hypoxia	4	32	0
398	N2.Hypoxia	4	32	0
399	N2.Hypoxia	4	32	0
399	N2.Hypoxia	4	32	0
400	N2.Hypoxia	4	32	0
400	N2.Hypoxia	4	32	0
401	N2.Hypoxia	4	32	0
401	N2.Hypoxia	4	32	0
402	N2.Hypoxia	4	32	0
402	N2.Hypoxia	4	32	0
403	N2.Hypoxia	4	32	0
403	N2.Hypoxia	4	32	0
404	N2.Hypoxia	4	35	0
404	N2.Hypoxia	4	35	0
405	N2.Hypoxia	4	35	0
405	N2.Hypoxia	4	35	0
406	N2.Hypoxia	4	35	0
406	N2.Hypoxia	4	35	0
407	N2.Hypoxia	4	35	0
407	N2.Hypoxia	4	35	0
408	N2.Hypoxia	4	37	0
408	N2.Hypoxia	4	37	0
409	N2.Hypoxia	4	37	0
409	N2.Hypoxia	4	37	0
410	N2.Hypoxia	4	37	0
410	N2.Hypoxia	4	37	0
411	N2.Hypoxia	4	41	0
411	N2.Hypoxia	4	41	0
412	N2.Hypoxia	4	41	0
412	N2.Hypoxia	4	41	0
413	N2.Hypoxia	4	44	0
413	N2.Hypoxia	4	44	0
414	hif-1	1	11	0
414	hif-1	1	11	0
415	hif-1	1	11	0
415	hif-1	1	11	0
416	hif-1	1	14	0
416	hif-1	1	14	0
417	hif-1	1	17	0
417	hif-1	1	17	0
418	hif-1	1	17	0
418	hif-1	1	17	0
419	hif-1	1	19	0
419	hif-1	1	19	0
420	hif-1	1	19	0
420	hif-1	1	19	0
421	hif-1	1	19	0
421	hif-1	1	19	0
422	hif-1	1	19	0
422	hif-1	1	19	0
423	hif-1	1	21	0
423	hif-1	1	21	0
424	hif-1	1	21	0
424	hif-1	1	21	0
425	hif-1	1	21	0
425	hif-1	1	21	0
426	hif-1	1	23	0
426	hif-1	1	23	0
427	hif-1	1	23	0
427	hif-1	1	23	0
428	hif-1	1	25	0
428	hif-1	1	25	0
429	hif-1	1	25	0
429	hif-1	1	25	0
430	hif-1	1	25	0
430	hif-1	1	25	0
431	hif-1	1	25	0
431	hif-1	1	25	0
432	hif-1	1	28	0
432	hif-1	1	28	0
433	hif-1	1	28	0
433	hif-1	1	28	0
434	hif-1	1	28	0
434	hif-1	1	28	0
435	hif-1	1	28	0
435	hif-1	1	28	0
436	hif-1	1	30	0
436	hif-1	1	30	0
437	hif-1	1	32	0
437	hif-1	1	32	0
438	hif-1	1	35	0
438	hif-1	1	35	0
439	hif-1	1	35	0
439	hif-1	1	35	0
440	hif-1	2	11	0
440	hif-1	2	11	0
441	hif-1	2	11	0
441	hif-1	2	11	0
442	hif-1	2	14	0
442	hif-1	2	14	0
443	hif-1	2	14	0
443	hif-1	2	14	0
444	hif-1	2	14	0
444	hif-1	2	14	0
445	hif-1	2	17	0
445	hif-1	2	17	0
446	hif-1	2	17	0
446	hif-1	2	17	0
447	hif-1	2	19	0
447	hif-1	2	19	0
448	hif-1	2	21	0
448	hif-1	2	21	0
449	hif-1	2	21	0
449	hif-1	2	21	0
450	hif-1	2	21	0
450	hif-1	2	21	0
451	hif-1	2	21	0
451	hif-1	2	21	0
452	hif-1	2	23	0
452	hif-1	2	23	0
453	hif-1	2	25	0
453	hif-1	2	25	0
454	hif-1	2	25	0
454	hif-1	2	25	0
455	hif-1	2	25	0
455	hif-1	2	25	0
456	hif-1	2	28	0
456	hif-1	2	28	0
457	hif-1	2	28	0
457	hif-1	2	28	0
458	hif-1	2	28	0
458	hif-1	2	28	0
459	hif-1	2	28	0
459	hif-1	2	28	0
460	hif-1	2	30	0
460	hif-1	2	30	0
461	hif-1	2	30	0
461	hif-1	2	30	0
462	hif-1	2	30	0
462	hif-1	2	30	0
463	hif-1	2	30	0
463	hif-1	2	30	0
464	hif-1	2	32	0
464	hif-1	2	32	0
465	hif-1	2	32	0
465	hif-1	2	32	0
466	hif-1	2	32	0
466	hif-1	2	32	0
467	hif-1	2	32	0
467	hif-1	2	32	0
468	hif-1	2	35	0
468	hif-1	2	35	0
469	hif-1	2	35	0
469	hif-1	2	35	0
470	hif-1	2	35	0
470	hif-1	2	35	0
471	hif-1	2	28	2
471	hif-1	2	28	2
472	hif-1	2	28	2
472	hif-1	2	28	2
473	hif-1	2	28	2
473	hif-1	2	28	2
474	hif-1	3	14	0
474	hif-1	3	14	0
475	hif-1	3	17	0
475	hif-1	3	17	0
476	hif-1	3	17	0
476	hif-1	3	17	0
477	hif-1	3	17	0
477	hif-1	3	17	0
478	hif-1	3	17	0
478	hif-1	3	17	0
479	hif-1	3	19	0
479	hif-1	3	19	0
480	hif-1	3	19	0
480	hif-1	3	19	0
481	hif-1	3	21	0
481	hif-1	3	21	0
482	hif-1	3	21	0
482	hif-1	3	21	0
483	hif-1	3	23	0
483	hif-1	3	23	0
484	hif-1	3	23	0
484	hif-1	3	23	0
485	hif-1	3	23	0
485	hif-1	3	23	0
486	hif-1	3	25	0
486	hif-1	3	25	0
487	hif-1	3	25	0
487	hif-1	3	25	0
488	hif-1	3	25	0
488	hif-1	3	25	0
489	hif-1	3	25	0
489	hif-1	3	25	0
490	hif-1	3	25	0
490	hif-1	3	25	0
491	hif-1	3	25	0
491	hif-1	3	25	0
492	hif-1	3	25	0
492	hif-1	3	25	0
493	hif-1	3	28	0
493	hif-1	3	28	0
494	hif-1	3	28	0
494	hif-1	3	28	0
495	hif-1	3	28	0
495	hif-1	3	28	0
496	hif-1	3	28	0
496	hif-1	3	28	0
497	hif-1	3	28	0
497	hif-1	3	28	0
498	hif-1	3	28	0
498	hif-1	3	28	0
499	hif-1	3	28	0
499	hif-1	3	28	0
500	hif-1	3	28	0
500	hif-1	3	28	0
501	hif-1	3	28	0
501	hif-1	3	28	0
502	hif-1	3	28	0
502	hif-1	3	28	0
503	hif-1	3	30	0
503	hif-1	3	30	0
504	hif-1	3	30	0
504	hif-1	3	30	0
505	hif-1	3	30	0
505	hif-1	3	30	0
506	hif-1	3	32	0
506	hif-1	3	32	0
507	hif-1	3	32	0
507	hif-1	3	32	0
508	hif-1	3	32	0
508	hif-1	3	32	0
509	hif-1	3	32	0
509	hif-1	3	32	0
510	hif-1	3	32	0
510	hif-1	3	32	0
511	hif-1	3	32	0
511	hif-1	3	32	0
512	hif-1	3	32	0
512	hif-1	3	32	0
513	hif-1	3	32	0
513	hif-1	3	32	0
514	hif-1	3	35	0
514	hif-1	3	35	0
515	hif-1	3	35	0
515	hif-1	3	35	0
516	hif-1	3	17	1
516	hif-1	3	17	1
517	hif-1	3	23	2
517	hif-1	3	23	2
518	hif-1	4	11	0
518	hif-1	4	11	0
519	hif-1	4	19	0
519	hif-1	4	19	0
520	hif-1	4	19	0
520	hif-1	4	19	0
521	hif-1	4	19	0
521	hif-1	4	19	0
522	hif-1	4	23	0
522	hif-1	4	23	0
523	hif-1	4	23	0
523	hif-1	4	23	0
524	hif-1	4	23	0
524	hif-1	4	23	0
525	hif-1	4	23	0
525	hif-1	4	23	0
526	hif-1	4	25	0
526	hif-1	4	25	0
527	hif-1	4	25	0
527	hif-1	4	25	0
528	hif-1	4	25	0
528	hif-1	4	25	0
529	hif-1	4	25	0
529	hif-1	4	25	0
530	hif-1	4	28	0
530	hif-1	4	28	0
531	hif-1	4	28	0
531	hif-1	4	28	0
532	hif-1	4	28	0
532	hif-1	4	28	0
533	hif-1	4	28	0
533	hif-1	4	28	0
534	hif-1	4	28	0
534	hif-1	4	28	0
535	hif-1	4	28	0
535	hif-1	4	28	0
536	hif-1	4	28	0
536	hif-1	4	28	0
537	hif-1	4	28	0
537	hif-1	4	28	0
538	hif-1	4	30	0
538	hif-1	4	30	0
539	hif-1	4	30	0
539	hif-1	4	30	0
540	hif-1	4	32	0
540	hif-1	4	32	0
541	hif-1	4	32	0
541	hif-1	4	32	0
542	hif-1	4	32	0
542	hif-1	4	32	0
543	hif-1	4	32	0
543	hif-1	4	32	0
544	hif-1	4	32	0
544	hif-1	4	32	0
545	hif-1	4	32	0
545	hif-1	4	32	0
546	hif-1	4	32	0
546	hif-1	4	32	0
547	hif-1	4	35	0
547	hif-1	4	35	0
548	hif-1	4	35	0
548	hif-1	4	35	0
549	hif-1	4	35	0
549	hif-1	4	35	0
550	hif-1	4	35	0
550	hif-1	4	35	0
551	hif-1	4	35	0
551	hif-1	4	35	0
552	hif-1	4	44	0
552	hif-1	4	44	0
553	hif-1	4	23	2
553	hif-1	4	23	2
554	hif-1	4	14	3
554	hif-1	4	14	3
555	hif-1	4	17	3
555	hif-1	4	17	3
556	hif-1	4	17	3
556	hif-1	4	17	3
659	vhl-1	1	19	0
659	vhl-1	1	19	0
660	vhl-1	1	21	0
660	vhl-1	1	21	0
661	vhl-1	1	23	0
661	vhl-1	1	23	0
662	vhl-1	1	25	0
662	vhl-1	1	25	0
663	vhl-1	1	25	0
663	vhl-1	1	25	0
664	vhl-1	1	25	0
664	vhl-1	1	25	0
665	vhl-1	1	25	0
665	vhl-1	1	25	0
666	vhl-1	1	25	0
666	vhl-1	1	25	0
667	vhl-1	1	25	0
667	vhl-1	1	25	0
668	vhl-1	1	28	0
668	vhl-1	1	28	0
669	vhl-1	1	28	0
669	vhl-1	1	28	0
670	vhl-1	1	28	0
670	vhl-1	1	28	0
671	vhl-1	1	30	0
671	vhl-1	1	30	0
672	vhl-1	1	30	0
672	vhl-1	1	30	0
673	vhl-1	1	30	0
673	vhl-1	1	30	0
674	vhl-1	1	30	0
674	vhl-1	1	30	0
675	vhl-1	1	30	0
675	vhl-1	1	30	0
676	vhl-1	1	30	0
676	vhl-1	1	30	0
677	vhl-1	1	32	0
677	vhl-1	1	32	0
678	vhl-1	1	32	0
678	vhl-1	1	32	0
679	vhl-1	1	32	0
679	vhl-1	1	32	0
680	vhl-1	1	32	0
680	vhl-1	1	32	0
681	vhl-1	1	32	0
681	vhl-1	1	32	0
682	vhl-1	1	32	0
682	vhl-1	1	32	0
683	vhl-1	1	32	0
683	vhl-1	1	32	0
684	vhl-1	1	32	0
684	vhl-1	1	32	0
685	vhl-1	1	32	0
685	vhl-1	1	32	0
686	vhl-1	1	32	0
686	vhl-1	1	32	0
687	vhl-1	1	35	0
687	vhl-1	1	35	0
688	vhl-1	1	35	0
688	vhl-1	1	35	0
689	vhl-1	1	35	0
689	vhl-1	1	35	0
690	vhl-1	1	35	0
690	vhl-1	1	35	0
691	vhl-1	1	35	0
691	vhl-1	1	35	0
692	vhl-1	1	35	0
692	vhl-1	1	35	0
693	vhl-1	1	35	0
693	vhl-1	1	35	0
694	vhl-1	1	35	0
694	vhl-1	1	35	0
695	vhl-1	1	37	0
695	vhl-1	1	37	0
696	vhl-1	1	37	0
696	vhl-1	1	37	0
697	vhl-1	1	37	0
697	vhl-1	1	37	0
698	vhl-1	1	37	0
698	vhl-1	1	37	0
699	vhl-1	1	37	0
699	vhl-1	1	37	0
700	vhl-1	1	37	0
700	vhl-1	1	37	0
701	vhl-1	1	37	0
701	vhl-1	1	37	0
702	vhl-1	1	37	0
702	vhl-1	1	37	0
703	vhl-1	2	21	0
703	vhl-1	2	21	0
704	vhl-1	2	23	0
704	vhl-1	2	23	0
705	vhl-1	2	25	0
705	vhl-1	2	25	0
706	vhl-1	2	28	0
706	vhl-1	2	28	0
707	vhl-1	2	28	0
707	vhl-1	2	28	0
708	vhl-1	2	30	0
708	vhl-1	2	30	0
709	vhl-1	2	30	0
709	vhl-1	2	30	0
710	vhl-1	2	30	0
710	vhl-1	2	30	0
711	vhl-1	2	30	0
711	vhl-1	2	30	0
712	vhl-1	2	30	0
712	vhl-1	2	30	0
713	vhl-1	2	32	0
713	vhl-1	2	32	0
714	vhl-1	2	32	0
714	vhl-1	2	32	0
715	vhl-1	2	32	0
715	vhl-1	2	32	0
716	vhl-1	2	32	0
716	vhl-1	2	32	0
717	vhl-1	2	32	0
717	vhl-1	2	32	0
718	vhl-1	2	32	0
718	vhl-1	2	32	0
719	vhl-1	2	32	0
719	vhl-1	2	32	0
720	vhl-1	2	32	0
720	vhl-1	2	32	0
721	vhl-1	2	35	0
721	vhl-1	2	35	0
722	vhl-1	2	35	0
722	vhl-1	2	35	0
723	vhl-1	2	35	0
723	vhl-1	2	35	0
724	vhl-1	2	35	0
724	vhl-1	2	35	0
725	vhl-1	2	35	0
725	vhl-1	2	35	0
726	vhl-1	2	35	0
726	vhl-1	2	35	0
727	vhl-1	2	35	0
727	vhl-1	2	35	0
728	vhl-1	2	35	0
728	vhl-1	2	35	0
729	vhl-1	2	35	0
729	vhl-1	2	35	0
730	vhl-1	2	35	0
730	vhl-1	2	35	0
731	vhl-1	2	37	0
731	vhl-1	2	37	0
732	vhl-1	2	37	0
732	vhl-1	2	37	0
733	vhl-1	2	37	0
733	vhl-1	2	37	0
734	vhl-1	2	39	0
734	vhl-1	2	39	0
735	vhl-1	2	39	0
735	vhl-1	2	39	0
736	vhl-1	2	39	0
736	vhl-1	2	39	0
737	vhl-1	2	41	0
737	vhl-1	2	41	0
738	vhl-1	2	41	0
738	vhl-1	2	41	0
739	vhl-1	3	21	0
739	vhl-1	3	21	0
740	vhl-1	3	21	0
740	vhl-1	3	21	0
741	vhl-1	3	21	0
741	vhl-1	3	21	0
742	vhl-1	3	23	0
742	vhl-1	3	23	0
743	vhl-1	3	23	0
743	vhl-1	3	23	0
744	vhl-1	3	23	0
744	vhl-1	3	23	0
745	vhl-1	3	23	0
745	vhl-1	3	23	0
746	vhl-1	3	25	0
746	vhl-1	3	25	0
747	vhl-1	3	25	0
747	vhl-1	3	25	0
748	vhl-1	3	25	0
748	vhl-1	3	25	0
749	vhl-1	3	25	0
749	vhl-1	3	25	0
750	vhl-1	3	25	0
750	vhl-1	3	25	0
751	vhl-1	3	25	0
751	vhl-1	3	25	0
752	vhl-1	3	25	0
752	vhl-1	3	25	0
753	vhl-1	3	25	0
753	vhl-1	3	25	0
754	vhl-1	3	25	0
754	vhl-1	3	25	0
755	vhl-1	3	25	0
755	vhl-1	3	25	0
756	vhl-1	3	25	0
756	vhl-1	3	25	0
757	vhl-1	3	25	0
757	vhl-1	3	25	0
758	vhl-1	3	25	0
758	vhl-1	3	25	0
759	vhl-1	3	25	0
759	vhl-1	3	25	0
760	vhl-1	3	25	0
760	vhl-1	3	25	0
761	vhl-1	3	25	0
761	vhl-1	3	25	0
762	vhl-1	3	25	0
762	vhl-1	3	25	0
763	vhl-1	3	25	0
763	vhl-1	3	25	0
764	vhl-1	3	25	0
764	vhl-1	3	25	0
765	vhl-1	3	28	0
765	vhl-1	3	28	0
766	vhl-1	3	28	0
766	vhl-1	3	28	0
767	vhl-1	3	28	0
767	vhl-1	3	28	0
768	vhl-1	3	28	0
768	vhl-1	3	28	0
769	vhl-1	3	28	0
769	vhl-1	3	28	0
770	vhl-1	3	28	0
770	vhl-1	3	28	0
771	vhl-1	3	28	0
771	vhl-1	3	28	0
772	vhl-1	3	28	0
772	vhl-1	3	28	0
773	vhl-1	3	28	0
773	vhl-1	3	28	0
774	vhl-1	3	28	0
774	vhl-1	3	28	0
775	vhl-1	3	28	0
775	vhl-1	3	28	0
776	vhl-1	3	28	0
776	vhl-1	3	28	0
777	vhl-1	3	28	0
777	vhl-1	3	28	0
778	vhl-1	3	28	0
778	vhl-1	3	28	0
779	vhl-1	3	30	0
779	vhl-1	3	30	0
780	vhl-1	3	30	0
780	vhl-1	3	30	0
781	vhl-1	3	30	0
781	vhl-1	3	30	0
782	vhl-1	3	30	0
782	vhl-1	3	30	0
783	vhl-1	3	30	0
783	vhl-1	3	30	0
784	vhl-1	3	32	0
784	vhl-1	3	32	0
785	vhl-1	3	32	0
785	vhl-1	3	32	0
786	vhl-1	3	44	0
786	vhl-1	3	44	0
787	vhl-1	4	11	0
787	vhl-1	4	11	0
788	vhl-1	4	21	0
788	vhl-1	4	21	0
789	vhl-1	4	23	0
789	vhl-1	4	23	0
790	vhl-1	4	23	0
790	vhl-1	4	23	0
791	vhl-1	4	23	0
791	vhl-1	4	23	0
792	vhl-1	4	23	0
792	vhl-1	4	23	0
793	vhl-1	4	23	0
793	vhl-1	4	23	0
794	vhl-1	4	23	0
794	vhl-1	4	23	0
795	vhl-1	4	23	0
795	vhl-1	4	23	0
796	vhl-1	4	23	0
796	vhl-1	4	23	0
797	vhl-1	4	23	0
797	vhl-1	4	23	0
798	vhl-1	4	23	0
798	vhl-1	4	23	0
799	vhl-1	4	23	0
799	vhl-1	4	23	0
800	vhl-1	4	25	0
800	vhl-1	4	25	0
801	vhl-1	4	25	0
801	vhl-1	4	25	0
802	vhl-1	4	25	0
802	vhl-1	4	25	0
803	vhl-1	4	25	0
803	vhl-1	4	25	0
804	vhl-1	4	25	0
804	vhl-1	4	25	0
805	vhl-1	4	25	0
805	vhl-1	4	25	0
806	vhl-1	4	25	0
806	vhl-1	4	25	0
807	vhl-1	4	25	0
807	vhl-1	4	25	0
808	vhl-1	4	25	0
808	vhl-1	4	25	0
809	vhl-1	4	25	0
809	vhl-1	4	25	0
810	vhl-1	4	28	0
810	vhl-1	4	28	0
811	vhl-1	4	28	0
811	vhl-1	4	28	0
812	vhl-1	4	28	0
812	vhl-1	4	28	0
813	vhl-1	4	28	0
813	vhl-1	4	28	0
814	vhl-1	4	28	0
814	vhl-1	4	28	0
815	vhl-1	4	28	0
815	vhl-1	4	28	0
816	vhl-1	4	28	0
816	vhl-1	4	28	0
817	vhl-1	4	28	0
817	vhl-1	4	28	0
818	vhl-1	4	28	0
818	vhl-1	4	28	0
819	vhl-1	4	28	0
819	vhl-1	4	28	0
820	vhl-1	4	28	0
820	vhl-1	4	28	0
821	vhl-1	4	28	0
821	vhl-1	4	28	0
822	vhl-1	4	28	0
822	vhl-1	4	28	0
823	vhl-1	4	28	0
823	vhl-1	4	28	0
824	vhl-1	4	28	0
824	vhl-1	4	28	0
825	vhl-1	4	28	0
825	vhl-1	4	28	0
826	vhl-1	4	28	0
826	vhl-1	4	28	0
827	vhl-1	4	28	0
827	vhl-1	4	28	0
828	vhl-1	4	28	0
828	vhl-1	4	28	0
829	vhl-1	4	28	0
829	vhl-1	4	28	0
830	vhl-1	4	28	0
830	vhl-1	4	28	0
831	vhl-1	4	30	0
831	vhl-1	4	30	0
832	vhl-1	4	30	0
832	vhl-1	4	30	0
833	vhl-1	4	30	0
833	vhl-1	4	30	0
834	vhl-1	4	30	0
834	vhl-1	4	30	0
835	vhl-1	4	30	0
835	vhl-1	4	30	0
836	vhl-1	4	30	0
836	vhl-1	4	30	0
837	vhl-1	4	30	0
837	vhl-1	4	30	0
838	vhl-1	4	32	0
838	vhl-1	4	32	0
839	vhl-1	4	32	0
839	vhl-1	4	32	0
840	vhl-1	4	32	0
840	vhl-1	4	32	0
841	vhl-1	4	32	0
841	vhl-1	4	32	0
842	vhl-1	4	35	0
842	vhl-1	4	35	0
939	eu-1	1	14	0
939	eu-1	1	14	0
940	eu-1	1	19	0
940	eu-1	1	19	0
941	eu-1	1	21	0
941	eu-1	1	21	0
942	eu-1	1	21	0
942	eu-1	1	21	0
943	eu-1	1	21	0
943	eu-1	1	21	0
944	eu-1	1	21	0
944	eu-1	1	21	0
945	eu-1	1	23	0
945	eu-1	1	23	0
946	eu-1	1	23	0
946	eu-1	1	23	0
947	eu-1	1	23	0
947	eu-1	1	23	0
948	eu-1	1	23	0
948	eu-1	1	23	0
949	eu-1	1	23	0
949	eu-1	1	23	0
950	eu-1	1	23	0
950	eu-1	1	23	0
951	eu-1	1	23	0
951	eu-1	1	23	0
952	eu-1	1	23	0
952	eu-1	1	23	0
953	eu-1	1	25	0
953	eu-1	1	25	0
954	eu-1	1	25	0
954	eu-1	1	25	0
955	eu-1	1	28	0
955	eu-1	1	28	0
956	eu-1	1	32	0
956	eu-1	1	32	0
957	eu-1	1	32	0
957	eu-1	1	32	0
958	eu-1	1	41	0
958	eu-1	1	41	0
959	eu-1	1	28	1
959	eu-1	1	28	1
960	eu-1	1	21	2
960	eu-1	1	21	2
961	eu-1	1	21	2
961	eu-1	1	21	2
962	eu-1	1	21	2
962	eu-1	1	21	2
963	eu-1	1	23	2
963	eu-1	1	23	2
964	eu-1	1	23	2
964	eu-1	1	23	2
965	eu-1	1	25	2
965	eu-1	1	25	2
966	eu-1	1	25	2
966	eu-1	1	25	2
967	eu-1	1	28	2
967	eu-1	1	28	2
968	eu-1	1	14	3
968	eu-1	1	14	3
969	eu-1	1	14	3
969	eu-1	1	14	3
970	eu-1	1	17	3
970	eu-1	1	17	3
971	eu-1	1	17	3
971	eu-1	1	17	3
972	eu-1	1	17	3
972	eu-1	1	17	3
973	eu-1	1	17	3
973	eu-1	1	17	3
974	eu-1	1	21	3
974	eu-1	1	21	3
975	eu-1	1	21	3
975	eu-1	1	21	3
976	eu-1	2	19	0
976	eu-1	2	19	0
977	eu-1	2	19	0
977	eu-1	2	19	0
978	eu-1	2	19	0
978	eu-1	2	19	0
979	eu-1	2	21	0
979	eu-1	2	21	0
980	eu-1	2	21	0
980	eu-1	2	21	0
981	eu-1	2	21	0
981	eu-1	2	21	0
982	eu-1	2	21	0
982	eu-1	2	21	0
983	eu-1	2	23	0
983	eu-1	2	23	0
984	eu-1	2	28	0
984	eu-1	2	28	0
985	eu-1	2	28	0
985	eu-1	2	28	0
986	eu-1	2	30	0
986	eu-1	2	30	0
987	eu-1	2	30	0
987	eu-1	2	30	0
988	eu-1	2	30	0
988	eu-1	2	30	0
989	eu-1	2	30	0
989	eu-1	2	30	0
990	eu-1	2	32	0
990	eu-1	2	32	0
991	eu-1	2	32	0
991	eu-1	2	32	0
992	eu-1	2	32	0
992	eu-1	2	32	0
993	eu-1	2	32	0
993	eu-1	2	32	0
994	eu-1	2	32	0
994	eu-1	2	32	0
995	eu-1	2	32	0
995	eu-1	2	32	0
996	eu-1	2	35	0
996	eu-1	2	35	0
997	eu-1	2	17	2
997	eu-1	2	17	2
998	eu-1	2	19	2
998	eu-1	2	19	2
999	eu-1	2	21	2
999	eu-1	2	21	2
1000	eu-1	2	21	2
1000	eu-1	2	21	2
1001	eu-1	2	21	2
1001	eu-1	2	21	2
1002	eu-1	2	23	2
1002	eu-1	2	23	2
1003	eu-1	2	28	2
1003	eu-1	2	28	2
1004	eu-1	2	28	2
1004	eu-1	2	28	2
1005	eu-1	2	11	3
1005	eu-1	2	11	3
1006	eu-1	2	14	3
1006	eu-1	2	14	3
1007	eu-1	2	17	3
1007	eu-1	2	17	3
1008	eu-1	2	17	3
1008	eu-1	2	17	3
1009	eu-1	2	19	3
1009	eu-1	2	19	3
1010	eu-1	2	19	3
1010	eu-1	2	19	3
1011	eu-1	2	19	3
1011	eu-1	2	19	3
1012	eu-1	2	21	3
1012	eu-1	2	21	3
1013	eu-1	2	23	3
1013	eu-1	2	23	3
1014	eu-1	3	9	0
1014	eu-1	3	9	0
1015	eu-1	3	19	0
1015	eu-1	3	19	0
1016	eu-1	3	21	0
1016	eu-1	3	21	0
1017	eu-1	3	21	0
1017	eu-1	3	21	0
1018	eu-1	3	23	0
1018	eu-1	3	23	0
1019	eu-1	3	23	0
1019	eu-1	3	23	0
1020	eu-1	3	23	0
1020	eu-1	3	23	0
1021	eu-1	3	25	0
1021	eu-1	3	25	0
1022	eu-1	3	25	0
1022	eu-1	3	25	0
1023	eu-1	3	32	0
1023	eu-1	3	32	0
1024	eu-1	3	32	0
1024	eu-1	3	32	0
1025	eu-1	3	35	0
1025	eu-1	3	35	0
1026	eu-1	3	37	0
1026	eu-1	3	37	0
1027	eu-1	3	25	1
1027	eu-1	3	25	1
1028	eu-1	3	30	1
1028	eu-1	3	30	1
1029	eu-1	3	30	1
1029	eu-1	3	30	1
1030	eu-1	3	32	1
1030	eu-1	3	32	1
1031	eu-1	3	14	2
1031	eu-1	3	14	2
1032	eu-1	3	17	2
1032	eu-1	3	17	2
1033	eu-1	3	21	2
1033	eu-1	3	21	2
1034	eu-1	3	21	2
1034	eu-1	3	21	2
1035	eu-1	3	23	2
1035	eu-1	3	23	2
1036	eu-1	3	23	2
1036	eu-1	3	23	2
1037	eu-1	3	23	2
1037	eu-1	3	23	2
1038	eu-1	3	23	2
1038	eu-1	3	23	2
1039	eu-1	3	23	2
1039	eu-1	3	23	2
1040	eu-1	3	25	2
1040	eu-1	3	25	2
1041	eu-1	3	25	2
1041	eu-1	3	25	2
1042	eu-1	3	25	2
1042	eu-1	3	25	2
1043	eu-1	3	28	2
1043	eu-1	3	28	2
1044	eu-1	3	28	2
1044	eu-1	3	28	2
1045	eu-1	3	30	2
1045	eu-1	3	30	2
1046	eu-1	3	30	2
1046	eu-1	3	30	2
1047	eu-1	3	17	3
1047	eu-1	3	17	3
1048	eu-1	3	19	3
1048	eu-1	3	19	3
1049	eu-1	3	19	3
1049	eu-1	3	19	3
1050	eu-1	3	23	3
1050	eu-1	3	23	3
1051	eu-1	3	23	3
1051	eu-1	3	23	3
1052	eu-1	3	30	3
1052	eu-1	3	30	3
1053	eu-1	4	19	0
1053	eu-1	4	19	0
1054	eu-1	4	19	0
1054	eu-1	4	19	0
1055	eu-1	4	21	0
1055	eu-1	4	21	0
1056	eu-1	4	21	0
1056	eu-1	4	21	0
1057	eu-1	4	21	0
1057	eu-1	4	21	0
1058	eu-1	4	21	0
1058	eu-1	4	21	0
1059	eu-1	4	21	0
1059	eu-1	4	21	0
1060	eu-1	4	23	0
1060	eu-1	4	23	0
1061	eu-1	4	23	0
1061	eu-1	4	23	0
1062	eu-1	4	23	0
1062	eu-1	4	23	0
1063	eu-1	4	23	0
1063	eu-1	4	23	0
1064	eu-1	4	25	0
1064	eu-1	4	25	0
1065	eu-1	4	28	0
1065	eu-1	4	28	0
1066	eu-1	4	28	0
1066	eu-1	4	28	0
1067	eu-1	4	30	0
1067	eu-1	4	30	0
1068	eu-1	4	30	0
1068	eu-1	4	30	0
1069	eu-1	4	30	0
1069	eu-1	4	30	0
1070	eu-1	4	30	0
1070	eu-1	4	30	0
1071	eu-1	4	30	0
1071	eu-1	4	30	0
1072	eu-1	4	30	0
1072	eu-1	4	30	0
1073	eu-1	4	32	0
1073	eu-1	4	32	0
1074	eu-1	4	32	0
1074	eu-1	4	32	0
1075	eu-1	4	37	0
1075	eu-1	4	37	0
1076	eu-1	4	39	0
1076	eu-1	4	39	0
1077	eu-1	4	25	1
1077	eu-1	4	25	1
1078	eu-1	4	25	1
1078	eu-1	4	25	1
1079	eu-1	4	30	1
1079	eu-1	4	30	1
1080	eu-1	4	14	2
1080	eu-1	4	14	2
1081	eu-1	4	17	2
1081	eu-1	4	17	2
1082	eu-1	4	23	2
1082	eu-1	4	23	2
1083	eu-1	4	23	2
1083	eu-1	4	23	2
1084	eu-1	4	25	2
1084	eu-1	4	25	2
1085	eu-1	4	28	2
1085	eu-1	4	28	2
1086	eu-1	4	28	2
1086	eu-1	4	28	2
1087	eu-1	4	14	3
1087	eu-1	4	14	3
1088	eu-1	4	17	3
1088	eu-1	4	17	3
1089	eu-1	4	17	3
1089	eu-1	4	17	3
1090	eu-1	4	19	3
1090	eu-1	4	19	3
1091	eu-1	4	21	3
1091	eu-1	4	21	3
1092	eu-1	4	21	3
1092	eu-1	4	21	3
1093	eu-1	4	25	3
1093	eu-1	4	25	3
1094	eu-1	4	28	3
1094	eu-1	4	28	3
1248	cep-1	1	11	0
1248	cep-1	1	11	0
1249	cep-1	1	14	0
1249	cep-1	1	14	0
1250	cep-1	1	14	0
1250	cep-1	1	14	0
1251	cep-1	1	14	0
1251	cep-1	1	14	0
1252	cep-1	1	14	0
1252	cep-1	1	14	0
1253	cep-1	1	14	0
1253	cep-1	1	14	0
1254	cep-1	1	17	0
1254	cep-1	1	17	0
1255	cep-1	1	17	0
1255	cep-1	1	17	0
1256	cep-1	1	17	0
1256	cep-1	1	17	0
1257	cep-1	1	17	0
1257	cep-1	1	17	0
1258	cep-1	1	17	0
1258	cep-1	1	17	0
1259	cep-1	1	17	0
1259	cep-1	1	17	0
1260	cep-1	1	17	0
1260	cep-1	1	17	0
1261	cep-1	1	17	0
1261	cep-1	1	17	0
1262	cep-1	1	17	0
1262	cep-1	1	17	0
1263	cep-1	1	17	0
1263	cep-1	1	17	0
1264	cep-1	1	19	0
1264	cep-1	1	19	0
1265	cep-1	1	19	0
1265	cep-1	1	19	0
1266	cep-1	1	19	0
1266	cep-1	1	19	0
1267	cep-1	1	19	0
1267	cep-1	1	19	0
1268	cep-1	1	19	0
1268	cep-1	1	19	0
1269	cep-1	1	19	0
1269	cep-1	1	19	0
1270	cep-1	1	19	0
1270	cep-1	1	19	0
1271	cep-1	1	19	0
1271	cep-1	1	19	0
1272	cep-1	1	19	0
1272	cep-1	1	19	0
1273	cep-1	1	19	0
1273	cep-1	1	19	0
1274	cep-1	1	19	0
1274	cep-1	1	19	0
1275	cep-1	1	19	0
1275	cep-1	1	19	0
1276	cep-1	1	21	0
1276	cep-1	1	21	0
1277	cep-1	1	21	0
1277	cep-1	1	21	0
1278	cep-1	1	21	0
1278	cep-1	1	21	0
1279	cep-1	1	21	0
1279	cep-1	1	21	0
1280	cep-1	1	21	0
1280	cep-1	1	21	0
1281	cep-1	1	21	0
1281	cep-1	1	21	0
1282	cep-1	1	21	0
1282	cep-1	1	21	0
1283	cep-1	1	21	0
1283	cep-1	1	21	0
1284	cep-1	1	21	0
1284	cep-1	1	21	0
1285	cep-1	1	21	0
1285	cep-1	1	21	0
1286	cep-1	1	21	0
1286	cep-1	1	21	0
1287	cep-1	1	21	0
1287	cep-1	1	21	0
1288	cep-1	1	23	0
1288	cep-1	1	23	0
1289	cep-1	1	23	0
1289	cep-1	1	23	0
1290	cep-1	1	23	0
1290	cep-1	1	23	0
1291	cep-1	1	23	0
1291	cep-1	1	23	0
1292	cep-1	1	23	0
1292	cep-1	1	23	0
1293	cep-1	1	23	0
1293	cep-1	1	23	0
1294	cep-1	1	23	0
1294	cep-1	1	23	0
1295	cep-1	1	25	0
1295	cep-1	1	25	0
1296	cep-1	1	25	0
1296	cep-1	1	25	0
1297	cep-1	1	25	0
1297	cep-1	1	25	0
1298	cep-1	1	25	0
1298	cep-1	1	25	0
1299	cep-1	1	28	0
1299	cep-1	1	28	0
1300	cep-1	1	28	0
1300	cep-1	1	28	0
1301	cep-1	1	28	0
1301	cep-1	1	28	0
1302	cep-1	1	35	0
1302	cep-1	1	35	0
1303	cep-1	2	14	0
1303	cep-1	2	14	0
1304	cep-1	2	14	0
1304	cep-1	2	14	0
1305	cep-1	2	14	0
1305	cep-1	2	14	0
1306	cep-1	2	17	0
1306	cep-1	2	17	0
1307	cep-1	2	17	0
1307	cep-1	2	17	0
1308	cep-1	2	17	0
1308	cep-1	2	17	0
1309	cep-1	2	17	0
1309	cep-1	2	17	0
1310	cep-1	2	17	0
1310	cep-1	2	17	0
1311	cep-1	2	17	0
1311	cep-1	2	17	0
1312	cep-1	2	17	0
1312	cep-1	2	17	0
1313	cep-1	2	19	0
1313	cep-1	2	19	0
1314	cep-1	2	19	0
1314	cep-1	2	19	0
1315	cep-1	2	19	0
1315	cep-1	2	19	0
1316	cep-1	2	19	0
1316	cep-1	2	19	0
1317	cep-1	2	19	0
1317	cep-1	2	19	0
1318	cep-1	2	19	0
1318	cep-1	2	19	0
1319	cep-1	2	19	0
1319	cep-1	2	19	0
1320	cep-1	2	19	0
1320	cep-1	2	19	0
1321	cep-1	2	19	0
1321	cep-1	2	19	0
1322	cep-1	2	19	0
1322	cep-1	2	19	0
1323	cep-1	2	19	0
1323	cep-1	2	19	0
1324	cep-1	2	19	0
1324	cep-1	2	19	0
1325	cep-1	2	19	0
1325	cep-1	2	19	0
1326	cep-1	2	19	0
1326	cep-1	2	19	0
1327	cep-1	2	19	0
1327	cep-1	2	19	0
1328	cep-1	2	19	0
1328	cep-1	2	19	0
1329	cep-1	2	21	0
1329	cep-1	2	21	0
1330	cep-1	2	21	0
1330	cep-1	2	21	0
1331	cep-1	2	21	0
1331	cep-1	2	21	0
1332	cep-1	2	21	0
1332	cep-1	2	21	0
1333	cep-1	2	21	0
1333	cep-1	2	21	0
1334	cep-1	2	21	0
1334	cep-1	2	21	0
1335	cep-1	2	21	0
1335	cep-1	2	21	0
1336	cep-1	2	21	0
1336	cep-1	2	21	0
1337	cep-1	2	21	0
1337	cep-1	2	21	0
1338	cep-1	2	21	0
1338	cep-1	2	21	0
1339	cep-1	2	21	0
1339	cep-1	2	21	0
1340	cep-1	2	23	0
1340	cep-1	2	23	0
1341	cep-1	2	23	0
1341	cep-1	2	23	0
1342	cep-1	2	23	0
1342	cep-1	2	23	0
1343	cep-1	2	23	0
1343	cep-1	2	23	0
1344	cep-1	2	23	0
1344	cep-1	2	23	0
1345	cep-1	2	23	0
1345	cep-1	2	23	0
1346	cep-1	2	25	0
1346	cep-1	2	25	0
1347	cep-1	2	25	0
1347	cep-1	2	25	0
1348	cep-1	2	25	0
1348	cep-1	2	25	0
1349	cep-1	2	25	0
1349	cep-1	2	25	0
1350	cep-1	2	25	0
1350	cep-1	2	25	0
1351	cep-1	2	25	0
1351	cep-1	2	25	0
1352	cep-1	2	25	0
1352	cep-1	2	25	0
1353	cep-1	2	25	0
1353	cep-1	2	25	0
1354	cep-1	2	28	0
1354	cep-1	2	28	0
1355	cep-1	2	28	0
1355	cep-1	2	28	0
1356	cep-1	2	28	0
1356	cep-1	2	28	0
1357	cep-1	2	28	0
1357	cep-1	2	28	0
1358	cep-1	2	28	0
1358	cep-1	2	28	0
1359	cep-1	2	28	0
1359	cep-1	2	28	0
1360	cep-1	2	30	0
1360	cep-1	2	30	0
1361	cep-1	2	35	0
1361	cep-1	2	35	0
1362	cep-1	2	35	0
1362	cep-1	2	35	0
1363	cep-1	3	11	0
1363	cep-1	3	11	0
1364	cep-1	3	11	0
1364	cep-1	3	11	0
1365	cep-1	3	14	0
1365	cep-1	3	14	0
1366	cep-1	3	14	0
1366	cep-1	3	14	0
1367	cep-1	3	14	0
1367	cep-1	3	14	0
1368	cep-1	3	14	0
1368	cep-1	3	14	0
1369	cep-1	3	14	0
1369	cep-1	3	14	0
1370	cep-1	3	14	0
1370	cep-1	3	14	0
1371	cep-1	3	17	0
1371	cep-1	3	17	0
1372	cep-1	3	17	0
1372	cep-1	3	17	0
1373	cep-1	3	17	0
1373	cep-1	3	17	0
1374	cep-1	3	17	0
1374	cep-1	3	17	0
1375	cep-1	3	17	0
1375	cep-1	3	17	0
1376	cep-1	3	17	0
1376	cep-1	3	17	0
1377	cep-1	3	17	0
1377	cep-1	3	17	0
1378	cep-1	3	17	0
1378	cep-1	3	17	0
1379	cep-1	3	17	0
1379	cep-1	3	17	0
1380	cep-1	3	17	0
1380	cep-1	3	17	0
1381	cep-1	3	17	0
1381	cep-1	3	17	0
1382	cep-1	3	17	0
1382	cep-1	3	17	0
1383	cep-1	3	17	0
1383	cep-1	3	17	0
1384	cep-1	3	17	0
1384	cep-1	3	17	0
1385	cep-1	3	19	0
1385	cep-1	3	19	0
1386	cep-1	3	19	0
1386	cep-1	3	19	0
1387	cep-1	3	19	0
1387	cep-1	3	19	0
1388	cep-1	3	19	0
1388	cep-1	3	19	0
1389	cep-1	3	19	0
1389	cep-1	3	19	0
1390	cep-1	3	19	0
1390	cep-1	3	19	0
1391	cep-1	3	19	0
1391	cep-1	3	19	0
1392	cep-1	3	19	0
1392	cep-1	3	19	0
1393	cep-1	3	19	0
1393	cep-1	3	19	0
1394	cep-1	3	19	0
1394	cep-1	3	19	0
1395	cep-1	3	21	0
1395	cep-1	3	21	0
1396	cep-1	3	21	0
1396	cep-1	3	21	0
1397	cep-1	3	21	0
1397	cep-1	3	21	0
1398	cep-1	3	21	0
1398	cep-1	3	21	0
1399	cep-1	3	21	0
1399	cep-1	3	21	0
1400	cep-1	3	21	0
1400	cep-1	3	21	0
1401	cep-1	3	21	0
1401	cep-1	3	21	0
1402	cep-1	3	21	0
1402	cep-1	3	21	0
1403	cep-1	3	23	0
1403	cep-1	3	23	0
1404	cep-1	3	23	0
1404	cep-1	3	23	0
1405	cep-1	3	23	0
1405	cep-1	3	23	0
1406	cep-1	3	23	0
1406	cep-1	3	23	0
1407	cep-1	3	23	0
1407	cep-1	3	23	0
1408	cep-1	3	23	0
1408	cep-1	3	23	0
1409	cep-1	3	23	0
1409	cep-1	3	23	0
1410	cep-1	3	25	0
1410	cep-1	3	25	0
1411	cep-1	3	28	0
1411	cep-1	3	28	0
1412	cep-1	3	28	0
1412	cep-1	3	28	0
1413	cep-1	3	28	0
1413	cep-1	3	28	0
1414	cep-1	3	28	0
1414	cep-1	3	28	0
1415	cep-1	4	14	0
1415	cep-1	4	14	0
1416	cep-1	4	14	0
1416	cep-1	4	14	0
1417	cep-1	4	14	0
1417	cep-1	4	14	0
1418	cep-1	4	17	0
1418	cep-1	4	17	0
1419	cep-1	4	17	0
1419	cep-1	4	17	0
1420	cep-1	4	17	0
1420	cep-1	4	17	0
1421	cep-1	4	17	0
1421	cep-1	4	17	0
1422	cep-1	4	17	0
1422	cep-1	4	17	0
1423	cep-1	4	17	0
1423	cep-1	4	17	0
1424	cep-1	4	17	0
1424	cep-1	4	17	0
1425	cep-1	4	17	0
1425	cep-1	4	17	0
1426	cep-1	4	17	0
1426	cep-1	4	17	0
1427	cep-1	4	17	0
1427	cep-1	4	17	0
1428	cep-1	4	17	0
1428	cep-1	4	17	0
1429	cep-1	4	19	0
1429	cep-1	4	19	0
1430	cep-1	4	19	0
1430	cep-1	4	19	0
1431	cep-1	4	19	0
1431	cep-1	4	19	0
1432	cep-1	4	19	0
1432	cep-1	4	19	0
1433	cep-1	4	19	0
1433	cep-1	4	19	0
1434	cep-1	4	19	0
1434	cep-1	4	19	0
1435	cep-1	4	19	0
1435	cep-1	4	19	0
1436	cep-1	4	21	0
1436	cep-1	4	21	0
1437	cep-1	4	21	0
1437	cep-1	4	21	0
1438	cep-1	4	21	0
1438	cep-1	4	21	0
1439	cep-1	4	21	0
1439	cep-1	4	21	0
1440	cep-1	4	21	0
1440	cep-1	4	21	0
1441	cep-1	4	21	0
1441	cep-1	4	21	0
1442	cep-1	4	21	0
1442	cep-1	4	21	0
1443	cep-1	4	21	0
1443	cep-1	4	21	0
1444	cep-1	4	21	0
1444	cep-1	4	21	0
1445	cep-1	4	21	0
1445	cep-1	4	21	0
1446	cep-1	4	21	0
1446	cep-1	4	21	0
1447	cep-1	4	23	0
1447	cep-1	4	23	0
1448	cep-1	4	23	0
1448	cep-1	4	23	0
1449	cep-1	4	23	0
1449	cep-1	4	23	0
1450	cep-1	4	25	0
1450	cep-1	4	25	0
1451	cep-1	4	25	0
1451	cep-1	4	25	0
1452	cep-1	4	25	0
1452	cep-1	4	25	0
1453	cep-1	4	25	0
1453	cep-1	4	25	0
1454	cep-1	4	25	0
1454	cep-1	4	25	0
1455	cep-1	4	28	0
1455	cep-1	4	28	0
1456	cep-1	4	28	0
1456	cep-1	4	28	0
1457	cep-1	4	28	0
1457	cep-1	4	28	0
1458	cep-1	4	28	0
1458	cep-1	4	28	0
1459	cep-1	4	28	0
1459	cep-1	4	28	0
1460	cep-1	4	28	0
1460	cep-1	4	28	0
1461	cep-1	4	28	0
1461	cep-1	4	28	0
1462	cep-1	4	28	0
1462	cep-1	4	28	0
1463	cep-1	4	28	0
1463	cep-1	4	28	0
1464	cep-1	4	28	0
1464	cep-1	4	28	0
1465	cep-1	4	28	0
1465	cep-1	4	28	0
1466	cep-1	4	30	0
1466	cep-1	4	30	0
