strain	replicate	age.at.death	rupture	
strain	replicate	age.at.death	rupture	
1	N2	1	16	0
1	N2	1	16	0
2	N2	1	16	0
2	N2	1	16	0
3	N2	1	16	0
3	N2	1	16	0
4	N2	1	18	0
4	N2	1	18	0
5	N2	1	21	0
5	N2	1	21	0
6	N2	1	21	0
6	N2	1	21	0
7	N2	1	21	0
7	N2	1	21	0
8	N2	1	21	0
8	N2	1	21	0
9	N2	1	21	0
9	N2	1	21	0
10	N2	1	21	0
10	N2	1	21	0
11	N2	1	21	0
11	N2	1	21	0
12	N2	1	21	0
12	N2	1	21	0
13	N2	1	21	0
13	N2	1	21	0
14	N2	1	21	0
14	N2	1	21	0
15	N2	1	21	0
15	N2	1	21	0
16	N2	1	21	0
16	N2	1	21	0
17	N2	1	23	0
17	N2	1	23	0
18	N2	1	23	0
18	N2	1	23	0
19	N2	1	23	0
19	N2	1	23	0
20	N2	1	23	0
20	N2	1	23	0
21	N2	1	23	0
21	N2	1	23	0
22	N2	1	23	0
22	N2	1	23	0
23	N2	1	23	0
23	N2	1	23	0
24	N2	1	23	0
24	N2	1	23	0
25	N2	1	23	0
25	N2	1	23	0
26	N2	1	23	0
26	N2	1	23	0
27	N2	1	23	0
27	N2	1	23	0
28	N2	1	23	0
28	N2	1	23	0
29	N2	1	23	0
29	N2	1	23	0
30	N2	1	23	0
30	N2	1	23	0
31	N2	1	23	0
31	N2	1	23	0
32	N2	1	23	0
32	N2	1	23	0
33	N2	1	23	0
33	N2	1	23	0
34	N2	1	23	0
34	N2	1	23	0
35	N2	1	23	0
35	N2	1	23	0
36	N2	1	23	0
36	N2	1	23	0
37	N2	1	23	0
37	N2	1	23	0
38	N2	1	23	0
38	N2	1	23	0
39	N2	1	23	0
39	N2	1	23	0
40	N2	1	23	0
40	N2	1	23	0
41	N2	1	25	0
41	N2	1	25	0
42	N2	1	25	0
42	N2	1	25	0
43	N2	1	25	0
43	N2	1	25	0
44	N2	1	25	0
44	N2	1	25	0
45	N2	1	25	0
45	N2	1	25	0
46	N2	1	25	0
46	N2	1	25	0
47	N2	1	25	0
47	N2	1	25	0
48	N2	1	25	0
48	N2	1	25	0
49	N2	1	25	0
49	N2	1	25	0
50	N2	1	25	0
50	N2	1	25	0
51	N2	1	25	0
51	N2	1	25	0
52	N2	1	25	0
52	N2	1	25	0
53	N2	1	25	0
53	N2	1	25	0
54	N2	1	25	0
54	N2	1	25	0
55	N2	1	25	0
55	N2	1	25	0
56	N2	1	25	0
56	N2	1	25	0
57	N2	1	25	0
57	N2	1	25	0
58	N2	1	25	0
58	N2	1	25	0
59	N2	1	25	0
59	N2	1	25	0
60	N2	1	25	0
60	N2	1	25	0
61	N2	1	28	0
61	N2	1	28	0
62	N2	1	28	0
62	N2	1	28	0
63	N2	1	28	0
63	N2	1	28	0
64	N2	1	28	0
64	N2	1	28	0
65	N2	1	28	0
65	N2	1	28	0
66	N2	1	28	0
66	N2	1	28	0
67	N2	1	28	0
67	N2	1	28	0
68	N2	1	28	0
68	N2	1	28	0
69	N2	1	28	0
69	N2	1	28	0
70	N2	1	28	0
70	N2	1	28	0
71	N2	1	28	0
71	N2	1	28	0
72	N2	1	28	0
72	N2	1	28	0
73	N2	1	28	0
73	N2	1	28	0
74	N2	1	28	0
74	N2	1	28	0
75	N2	1	28	0
75	N2	1	28	0
76	N2	1	28	0
76	N2	1	28	0
77	N2	1	28	0
77	N2	1	28	0
78	N2	1	28	0
78	N2	1	28	0
79	N2	1	28	0
79	N2	1	28	0
80	N2	1	28	0
80	N2	1	28	0
81	N2	1	28	0
81	N2	1	28	0
82	N2	1	28	0
82	N2	1	28	0
83	N2	1	28	0
83	N2	1	28	0
84	N2	1	28	0
84	N2	1	28	0
85	N2	1	28	0
85	N2	1	28	0
86	N2	1	28	0
86	N2	1	28	0
87	N2	1	28	0
87	N2	1	28	0
88	N2	1	28	0
88	N2	1	28	0
89	N2	1	28	0
89	N2	1	28	0
90	N2	1	28	0
90	N2	1	28	0
91	N2	1	28	0
91	N2	1	28	0
92	N2	1	28	0
92	N2	1	28	0
93	N2	1	28	0
93	N2	1	28	0
94	N2	1	28	0
94	N2	1	28	0
95	N2	1	28	0
95	N2	1	28	0
96	N2	1	28	0
96	N2	1	28	0
97	N2	1	28	0
97	N2	1	28	0
98	N2	1	28	0
98	N2	1	28	0
99	N2	1	28	0
99	N2	1	28	0
100	N2	1	30	0
100	N2	1	30	0
101	N2	1	30	0
101	N2	1	30	0
102	N2	1	30	0
102	N2	1	30	0
103	N2	1	30	0
103	N2	1	30	0
104	N2	1	30	0
104	N2	1	30	0
105	N2	1	30	0
105	N2	1	30	0
106	N2	1	30	0
106	N2	1	30	0
107	N2	1	30	0
107	N2	1	30	0
108	N2	1	30	0
108	N2	1	30	0
109	N2	1	30	0
109	N2	1	30	0
110	N2	1	30	0
110	N2	1	30	0
111	N2	1	30	0
111	N2	1	30	0
112	N2	1	30	0
112	N2	1	30	0
113	N2	1	30	0
113	N2	1	30	0
114	N2	1	30	0
114	N2	1	30	0
115	N2	1	30	0
115	N2	1	30	0
116	N2	1	30	0
116	N2	1	30	0
117	N2	1	30	0
117	N2	1	30	0
118	N2	1	30	0
118	N2	1	30	0
119	N2	1	30	0
119	N2	1	30	0
120	N2	1	30	0
120	N2	1	30	0
121	N2	1	30	0
121	N2	1	30	0
122	N2	1	30	0
122	N2	1	30	0
123	N2	1	30	0
123	N2	1	30	0
124	N2	1	30	0
124	N2	1	30	0
125	N2	1	30	0
125	N2	1	30	0
126	N2	1	30	0
126	N2	1	30	0
127	N2	1	30	0
127	N2	1	30	0
128	N2	1	30	0
128	N2	1	30	0
129	N2	1	30	0
129	N2	1	30	0
130	N2	1	30	0
130	N2	1	30	0
131	N2	1	30	0
131	N2	1	30	0
132	N2	1	30	0
132	N2	1	30	0
133	N2	1	30	0
133	N2	1	30	0
134	N2	1	30	0
134	N2	1	30	0
135	N2	1	32	0
135	N2	1	32	0
136	N2	1	32	0
136	N2	1	32	0
137	N2	1	32	0
137	N2	1	32	0
138	N2	1	32	0
138	N2	1	32	0
139	N2	1	32	0
139	N2	1	32	0
140	N2	1	32	0
140	N2	1	32	0
141	N2	1	32	0
141	N2	1	32	0
142	N2	1	32	0
142	N2	1	32	0
143	N2	1	32	0
143	N2	1	32	0
144	N2	1	32	0
144	N2	1	32	0
145	N2	1	32	0
145	N2	1	32	0
146	N2	1	32	0
146	N2	1	32	0
147	N2	1	32	0
147	N2	1	32	0
148	N2	1	32	0
148	N2	1	32	0
149	N2	1	32	0
149	N2	1	32	0
150	N2	1	32	0
150	N2	1	32	0
151	N2	1	32	0
151	N2	1	32	0
152	N2	1	32	0
152	N2	1	32	0
153	N2	1	32	0
153	N2	1	32	0
154	N2	1	32	0
154	N2	1	32	0
155	N2	1	32	0
155	N2	1	32	0
156	N2	1	32	0
156	N2	1	32	0
157	N2	1	32	0
157	N2	1	32	0
158	N2	1	32	0
158	N2	1	32	0
159	N2	1	32	0
159	N2	1	32	0
160	N2	1	32	0
160	N2	1	32	0
161	N2	1	35	0
161	N2	1	35	0
162	N2	1	35	0
162	N2	1	35	0
163	N2	1	35	0
163	N2	1	35	0
164	N2	1	35	0
164	N2	1	35	0
165	N2	1	35	0
165	N2	1	35	0
166	N2	1	37	0
166	N2	1	37	0
167	N2	1	37	0
167	N2	1	37	0
168	N2	1	37	0
168	N2	1	37	0
169	N2	1	18	1
169	N2	1	18	1
170	N2	1	14	2
170	N2	1	14	2
171	N2	1	14	2
171	N2	1	14	2
172	N2	1	14	2
172	N2	1	14	2
173	N2	1	14	2
173	N2	1	14	2
174	N2	1	16	2
174	N2	1	16	2
175	N2	1	16	2
175	N2	1	16	2
176	N2	1	16	2
176	N2	1	16	2
177	N2	1	18	2
177	N2	1	18	2
178	N2	1	18	2
178	N2	1	18	2
179	N2	1	21	2
179	N2	1	21	2
180	N2	1	21	2
180	N2	1	21	2
181	N2	1	21	2
181	N2	1	21	2
182	N2	1	21	2
182	N2	1	21	2
183	N2	1	21	2
183	N2	1	21	2
184	N2	1	21	2
184	N2	1	21	2
185	N2	1	23	2
185	N2	1	23	2
186	N2	1	23	2
186	N2	1	23	2
187	N2	1	23	2
187	N2	1	23	2
188	N2	1	23	2
188	N2	1	23	2
189	N2	1	23	2
189	N2	1	23	2
190	N2	1	23	2
190	N2	1	23	2
191	N2	1	25	2
191	N2	1	25	2
192	N2	1	25	2
192	N2	1	25	2
193	N2	1	25	2
193	N2	1	25	2
194	N2	1	25	2
194	N2	1	25	2
195	N2.Hypoxia	1	16	0
195	N2.Hypoxia	1	16	0
196	N2.Hypoxia	1	18	0
196	N2.Hypoxia	1	18	0
197	N2.Hypoxia	1	18	0
197	N2.Hypoxia	1	18	0
198	N2.Hypoxia	1	18	0
198	N2.Hypoxia	1	18	0
199	N2.Hypoxia	1	18	0
199	N2.Hypoxia	1	18	0
200	N2.Hypoxia	1	18	0
200	N2.Hypoxia	1	18	0
201	N2.Hypoxia	1	22	0
201	N2.Hypoxia	1	22	0
202	N2.Hypoxia	1	22	0
202	N2.Hypoxia	1	22	0
203	N2.Hypoxia	1	22	0
203	N2.Hypoxia	1	22	0
204	N2.Hypoxia	1	22	0
204	N2.Hypoxia	1	22	0
205	N2.Hypoxia	1	22	0
205	N2.Hypoxia	1	22	0
206	N2.Hypoxia	1	22	0
206	N2.Hypoxia	1	22	0
207	N2.Hypoxia	1	25	0
207	N2.Hypoxia	1	25	0
208	N2.Hypoxia	1	25	0
208	N2.Hypoxia	1	25	0
209	N2.Hypoxia	1	25	0
209	N2.Hypoxia	1	25	0
210	N2.Hypoxia	1	25	0
210	N2.Hypoxia	1	25	0
211	N2.Hypoxia	1	25	0
211	N2.Hypoxia	1	25	0
212	N2.Hypoxia	1	25	0
212	N2.Hypoxia	1	25	0
213	N2.Hypoxia	1	25	0
213	N2.Hypoxia	1	25	0
214	N2.Hypoxia	1	25	0
214	N2.Hypoxia	1	25	0
215	N2.Hypoxia	1	25	0
215	N2.Hypoxia	1	25	0
216	N2.Hypoxia	1	25	0
216	N2.Hypoxia	1	25	0
217	N2.Hypoxia	1	25	0
217	N2.Hypoxia	1	25	0
218	N2.Hypoxia	1	25	0
218	N2.Hypoxia	1	25	0
219	N2.Hypoxia	1	28	0
219	N2.Hypoxia	1	28	0
220	N2.Hypoxia	1	28	0
220	N2.Hypoxia	1	28	0
221	N2.Hypoxia	1	28	0
221	N2.Hypoxia	1	28	0
222	N2.Hypoxia	1	28	0
222	N2.Hypoxia	1	28	0
223	N2.Hypoxia	1	28	0
223	N2.Hypoxia	1	28	0
224	N2.Hypoxia	1	28	0
224	N2.Hypoxia	1	28	0
225	N2.Hypoxia	1	28	0
225	N2.Hypoxia	1	28	0
226	N2.Hypoxia	1	28	0
226	N2.Hypoxia	1	28	0
227	N2.Hypoxia	1	28	0
227	N2.Hypoxia	1	28	0
228	N2.Hypoxia	1	28	0
228	N2.Hypoxia	1	28	0
229	N2.Hypoxia	1	28	0
229	N2.Hypoxia	1	28	0
230	N2.Hypoxia	1	28	0
230	N2.Hypoxia	1	28	0
231	N2.Hypoxia	1	28	0
231	N2.Hypoxia	1	28	0
232	N2.Hypoxia	1	28	0
232	N2.Hypoxia	1	28	0
233	N2.Hypoxia	1	28	0
233	N2.Hypoxia	1	28	0
234	N2.Hypoxia	1	28	0
234	N2.Hypoxia	1	28	0
235	N2.Hypoxia	1	28	0
235	N2.Hypoxia	1	28	0
236	N2.Hypoxia	1	28	0
236	N2.Hypoxia	1	28	0
237	N2.Hypoxia	1	30	0
237	N2.Hypoxia	1	30	0
238	N2.Hypoxia	1	30	0
238	N2.Hypoxia	1	30	0
239	N2.Hypoxia	1	30	0
239	N2.Hypoxia	1	30	0
240	N2.Hypoxia	1	30	0
240	N2.Hypoxia	1	30	0
241	N2.Hypoxia	1	30	0
241	N2.Hypoxia	1	30	0
242	N2.Hypoxia	1	30	0
242	N2.Hypoxia	1	30	0
243	N2.Hypoxia	1	30	0
243	N2.Hypoxia	1	30	0
244	N2.Hypoxia	1	30	0
244	N2.Hypoxia	1	30	0
245	N2.Hypoxia	1	30	0
245	N2.Hypoxia	1	30	0
246	N2.Hypoxia	1	30	0
246	N2.Hypoxia	1	30	0
247	N2.Hypoxia	1	30	0
247	N2.Hypoxia	1	30	0
248	N2.Hypoxia	1	30	0
248	N2.Hypoxia	1	30	0
249	N2.Hypoxia	1	30	0
249	N2.Hypoxia	1	30	0
250	N2.Hypoxia	1	30	0
250	N2.Hypoxia	1	30	0
251	N2.Hypoxia	1	30	0
251	N2.Hypoxia	1	30	0
252	N2.Hypoxia	1	30	0
252	N2.Hypoxia	1	30	0
253	N2.Hypoxia	1	30	0
253	N2.Hypoxia	1	30	0
254	N2.Hypoxia	1	30	0
254	N2.Hypoxia	1	30	0
255	N2.Hypoxia	1	30	0
255	N2.Hypoxia	1	30	0
256	N2.Hypoxia	1	30	0
256	N2.Hypoxia	1	30	0
257	N2.Hypoxia	1	30	0
257	N2.Hypoxia	1	30	0
258	N2.Hypoxia	1	32	0
258	N2.Hypoxia	1	32	0
259	N2.Hypoxia	1	32	0
259	N2.Hypoxia	1	32	0
260	N2.Hypoxia	1	32	0
260	N2.Hypoxia	1	32	0
261	N2.Hypoxia	1	32	0
261	N2.Hypoxia	1	32	0
262	N2.Hypoxia	1	32	0
262	N2.Hypoxia	1	32	0
263	N2.Hypoxia	1	32	0
263	N2.Hypoxia	1	32	0
264	N2.Hypoxia	1	32	0
264	N2.Hypoxia	1	32	0
265	N2.Hypoxia	1	32	0
265	N2.Hypoxia	1	32	0
266	N2.Hypoxia	1	32	0
266	N2.Hypoxia	1	32	0
267	N2.Hypoxia	1	32	0
267	N2.Hypoxia	1	32	0
268	N2.Hypoxia	1	32	0
268	N2.Hypoxia	1	32	0
269	N2.Hypoxia	1	32	0
269	N2.Hypoxia	1	32	0
270	N2.Hypoxia	1	32	0
270	N2.Hypoxia	1	32	0
271	N2.Hypoxia	1	35	0
271	N2.Hypoxia	1	35	0
272	N2.Hypoxia	1	35	0
272	N2.Hypoxia	1	35	0
273	N2.Hypoxia	1	35	0
273	N2.Hypoxia	1	35	0
274	N2.Hypoxia	1	35	0
274	N2.Hypoxia	1	35	0
275	N2.Hypoxia	1	35	0
275	N2.Hypoxia	1	35	0
276	N2.Hypoxia	1	35	0
276	N2.Hypoxia	1	35	0
277	N2.Hypoxia	1	35	0
277	N2.Hypoxia	1	35	0
278	N2.Hypoxia	1	35	0
278	N2.Hypoxia	1	35	0
279	N2.Hypoxia	1	35	0
279	N2.Hypoxia	1	35	0
280	N2.Hypoxia	1	35	0
280	N2.Hypoxia	1	35	0
281	N2.Hypoxia	2	35	0
281	N2.Hypoxia	2	35	0
282	N2.Hypoxia	2	35	0
282	N2.Hypoxia	2	35	0
283	N2.Hypoxia	2	35	0
283	N2.Hypoxia	2	35	0
284	N2.Hypoxia	2	35	0
284	N2.Hypoxia	2	35	0
285	N2.Hypoxia	2	35	0
285	N2.Hypoxia	2	35	0
286	N2.Hypoxia	2	35	0
286	N2.Hypoxia	2	35	0
287	N2.Hypoxia	2	35	0
287	N2.Hypoxia	2	35	0
288	N2.Hypoxia	2	35	0
288	N2.Hypoxia	2	35	0
289	N2.Hypoxia	2	35	0
289	N2.Hypoxia	2	35	0
290	N2.Hypoxia	2	35	0
290	N2.Hypoxia	2	35	0
291	N2.Hypoxia	2	35	0
291	N2.Hypoxia	2	35	0
292	N2.Hypoxia	2	35	0
292	N2.Hypoxia	2	35	0
293	N2.Hypoxia	2	37	0
293	N2.Hypoxia	2	37	0
294	N2.Hypoxia	2	37	0
294	N2.Hypoxia	2	37	0
295	N2.Hypoxia	2	37	0
295	N2.Hypoxia	2	37	0
296	N2.Hypoxia	2	37	0
296	N2.Hypoxia	2	37	0
297	N2.Hypoxia	2	37	0
297	N2.Hypoxia	2	37	0
298	N2.Hypoxia	2	37	0
298	N2.Hypoxia	2	37	0
299	N2.Hypoxia	2	37	0
299	N2.Hypoxia	2	37	0
300	N2.Hypoxia	2	37	0
300	N2.Hypoxia	2	37	0
301	N2.Hypoxia	2	37	0
301	N2.Hypoxia	2	37	0
302	N2.Hypoxia	2	37	0
302	N2.Hypoxia	2	37	0
303	N2.Hypoxia	2	37	0
303	N2.Hypoxia	2	37	0
304	N2.Hypoxia	2	37	0
304	N2.Hypoxia	2	37	0
305	N2.Hypoxia	2	37	0
305	N2.Hypoxia	2	37	0
306	N2.Hypoxia	2	37	0
306	N2.Hypoxia	2	37	0
307	N2.Hypoxia	2	37	0
307	N2.Hypoxia	2	37	0
308	N2.Hypoxia	2	37	0
308	N2.Hypoxia	2	37	0
309	N2.Hypoxia	2	37	0
309	N2.Hypoxia	2	37	0
310	N2.Hypoxia	2	37	0
310	N2.Hypoxia	2	37	0
311	N2.Hypoxia	2	37	0
311	N2.Hypoxia	2	37	0
312	N2.Hypoxia	2	39	0
312	N2.Hypoxia	2	39	0
313	N2.Hypoxia	2	39	0
313	N2.Hypoxia	2	39	0
314	N2.Hypoxia	2	39	0
314	N2.Hypoxia	2	39	0
315	N2.Hypoxia	2	39	0
315	N2.Hypoxia	2	39	0
316	N2.Hypoxia	2	39	0
316	N2.Hypoxia	2	39	0
317	N2.Hypoxia	2	39	0
317	N2.Hypoxia	2	39	0
318	N2.Hypoxia	2	39	0
318	N2.Hypoxia	2	39	0
319	N2.Hypoxia	2	39	0
319	N2.Hypoxia	2	39	0
320	N2.Hypoxia	2	39	0
320	N2.Hypoxia	2	39	0
321	N2.Hypoxia	2	42	0
321	N2.Hypoxia	2	42	0
322	N2.Hypoxia	2	42	0
322	N2.Hypoxia	2	42	0
323	N2.Hypoxia	2	42	0
323	N2.Hypoxia	2	42	0
324	N2.Hypoxia	2	42	0
324	N2.Hypoxia	2	42	0
325	N2.Hypoxia	2	44	0
325	N2.Hypoxia	2	44	0
326	egl-9	1	21	0
326	egl-9	1	21	0
327	egl-9	1	21	0
327	egl-9	1	21	0
328	egl-9	1	23	0
328	egl-9	1	23	0
329	egl-9	1	23	0
329	egl-9	1	23	0
330	egl-9	1	23	0
330	egl-9	1	23	0
331	egl-9	1	23	0
331	egl-9	1	23	0
332	egl-9	1	23	0
332	egl-9	1	23	0
333	egl-9	1	23	0
333	egl-9	1	23	0
334	egl-9	1	23	0
334	egl-9	1	23	0
335	egl-9	1	23	0
335	egl-9	1	23	0
336	egl-9	1	25	0
336	egl-9	1	25	0
337	egl-9	1	25	0
337	egl-9	1	25	0
338	egl-9	1	25	0
338	egl-9	1	25	0
339	egl-9	1	25	0
339	egl-9	1	25	0
340	egl-9	1	25	0
340	egl-9	1	25	0
341	egl-9	1	25	0
341	egl-9	1	25	0
342	egl-9	1	25	0
342	egl-9	1	25	0
343	egl-9	1	25	0
343	egl-9	1	25	0
344	egl-9	1	25	0
344	egl-9	1	25	0
345	egl-9	1	28	0
345	egl-9	1	28	0
346	egl-9	1	28	0
346	egl-9	1	28	0
347	egl-9	1	28	0
347	egl-9	1	28	0
348	egl-9	1	28	0
348	egl-9	1	28	0
349	egl-9	1	28	0
349	egl-9	1	28	0
350	egl-9	1	28	0
350	egl-9	1	28	0
351	egl-9	1	28	0
351	egl-9	1	28	0
352	egl-9	1	28	0
352	egl-9	1	28	0
353	egl-9	1	28	0
353	egl-9	1	28	0
354	egl-9	1	28	0
354	egl-9	1	28	0
355	egl-9	1	28	0
355	egl-9	1	28	0
356	egl-9	1	28	0
356	egl-9	1	28	0
357	egl-9	1	30	0
357	egl-9	1	30	0
358	egl-9	1	30	0
358	egl-9	1	30	0
359	egl-9	1	30	0
359	egl-9	1	30	0
360	egl-9	1	30	0
360	egl-9	1	30	0
361	egl-9	1	30	0
361	egl-9	1	30	0
362	egl-9	1	30	0
362	egl-9	1	30	0
363	egl-9	1	30	0
363	egl-9	1	30	0
364	egl-9	1	30	0
364	egl-9	1	30	0
365	egl-9	1	30	0
365	egl-9	1	30	0
366	egl-9	1	32	0
366	egl-9	1	32	0
367	egl-9	1	32	0
367	egl-9	1	32	0
368	egl-9	1	32	0
368	egl-9	1	32	0
369	egl-9	1	32	0
369	egl-9	1	32	0
370	egl-9	1	32	0
370	egl-9	1	32	0
371	egl-9	1	32	0
371	egl-9	1	32	0
372	egl-9	1	32	0
372	egl-9	1	32	0
373	egl-9	1	32	0
373	egl-9	1	32	0
374	egl-9	1	32	0
374	egl-9	1	32	0
375	egl-9	1	32	0
375	egl-9	1	32	0
376	egl-9	1	32	0
376	egl-9	1	32	0
377	egl-9	1	32	0
377	egl-9	1	32	0
378	egl-9	1	32	0
378	egl-9	1	32	0
379	egl-9	1	35	0
379	egl-9	1	35	0
380	egl-9	1	35	0
380	egl-9	1	35	0
381	egl-9	1	35	0
381	egl-9	1	35	0
382	egl-9	1	35	0
382	egl-9	1	35	0
383	egl-9	1	35	0
383	egl-9	1	35	0
384	egl-9	1	35	0
384	egl-9	1	35	0
385	egl-9	1	35	0
385	egl-9	1	35	0
386	egl-9	1	35	0
386	egl-9	1	35	0
387	egl-9	1	35	0
387	egl-9	1	35	0
388	egl-9	1	35	0
388	egl-9	1	35	0
389	egl-9	1	37	0
389	egl-9	1	37	0
390	egl-9	1	37	0
390	egl-9	1	37	0
391	egl-9	1	37	0
391	egl-9	1	37	0
392	egl-9	1	37	0
392	egl-9	1	37	0
393	egl-9	1	37	0
393	egl-9	1	37	0
394	egl-9	1	37	0
394	egl-9	1	37	0
395	egl-9	1	18	1
395	egl-9	1	18	1
396	egl-9	2	14	0
396	egl-9	2	14	0
397	egl-9	2	21	0
397	egl-9	2	21	0
398	egl-9	2	21	0
398	egl-9	2	21	0
399	egl-9	2	23	0
399	egl-9	2	23	0
400	egl-9	2	23	0
400	egl-9	2	23	0
401	egl-9	2	23	0
401	egl-9	2	23	0
402	egl-9	2	23	0
402	egl-9	2	23	0
403	egl-9	2	25	0
403	egl-9	2	25	0
404	egl-9	2	25	0
404	egl-9	2	25	0
405	egl-9	2	25	0
405	egl-9	2	25	0
406	egl-9	2	25	0
406	egl-9	2	25	0
407	egl-9	2	28	0
407	egl-9	2	28	0
408	egl-9	2	28	0
408	egl-9	2	28	0
409	egl-9	2	28	0
409	egl-9	2	28	0
410	egl-9	2	28	0
410	egl-9	2	28	0
411	egl-9	2	28	0
411	egl-9	2	28	0
412	egl-9	2	28	0
412	egl-9	2	28	0
413	egl-9	2	28	0
413	egl-9	2	28	0
414	egl-9	2	28	0
414	egl-9	2	28	0
415	egl-9	2	28	0
415	egl-9	2	28	0
416	egl-9	2	28	0
416	egl-9	2	28	0
417	egl-9	2	28	0
417	egl-9	2	28	0
418	egl-9	2	30	0
418	egl-9	2	30	0
419	egl-9	2	30	0
419	egl-9	2	30	0
420	egl-9	2	30	0
420	egl-9	2	30	0
421	egl-9	2	30	0
421	egl-9	2	30	0
422	egl-9	2	30	0
422	egl-9	2	30	0
423	egl-9	2	30	0
423	egl-9	2	30	0
424	egl-9	2	30	0
424	egl-9	2	30	0
425	egl-9	2	30	0
425	egl-9	2	30	0
426	egl-9	2	30	0
426	egl-9	2	30	0
427	egl-9	2	30	0
427	egl-9	2	30	0
428	egl-9	2	30	0
428	egl-9	2	30	0
429	egl-9	2	30	0
429	egl-9	2	30	0
430	egl-9	2	30	0
430	egl-9	2	30	0
431	egl-9	2	30	0
431	egl-9	2	30	0
432	egl-9	2	30	0
432	egl-9	2	30	0
433	egl-9	2	30	0
433	egl-9	2	30	0
434	egl-9	2	30	0
434	egl-9	2	30	0
435	egl-9	2	30	0
435	egl-9	2	30	0
436	egl-9	2	30	0
436	egl-9	2	30	0
437	egl-9	2	30	0
437	egl-9	2	30	0
438	egl-9	2	30	0
438	egl-9	2	30	0
439	egl-9	2	30	0
439	egl-9	2	30	0
440	egl-9	2	30	0
440	egl-9	2	30	0
441	egl-9	2	30	0
441	egl-9	2	30	0
442	egl-9	2	30	0
442	egl-9	2	30	0
443	egl-9	2	30	0
443	egl-9	2	30	0
444	egl-9	2	30	0
444	egl-9	2	30	0
445	egl-9	2	30	0
445	egl-9	2	30	0
446	egl-9	2	32	0
446	egl-9	2	32	0
447	egl-9	2	32	0
447	egl-9	2	32	0
448	egl-9	2	32	0
448	egl-9	2	32	0
449	egl-9	2	32	0
449	egl-9	2	32	0
450	egl-9	2	32	0
450	egl-9	2	32	0
451	egl-9	2	32	0
451	egl-9	2	32	0
452	egl-9	2	32	0
452	egl-9	2	32	0
453	egl-9	2	32	0
453	egl-9	2	32	0
454	egl-9	2	32	0
454	egl-9	2	32	0
455	egl-9	2	32	0
455	egl-9	2	32	0
456	egl-9	2	32	0
456	egl-9	2	32	0
457	egl-9	2	32	0
457	egl-9	2	32	0
458	egl-9	2	32	0
458	egl-9	2	32	0
459	egl-9	2	32	0
459	egl-9	2	32	0
460	egl-9	2	32	0
460	egl-9	2	32	0
461	egl-9	2	32	0
461	egl-9	2	32	0
462	egl-9	2	32	0
462	egl-9	2	32	0
463	egl-9	2	32	0
463	egl-9	2	32	0
464	egl-9	2	32	0
464	egl-9	2	32	0
465	egl-9	2	32	0
465	egl-9	2	32	0
466	egl-9	2	32	0
466	egl-9	2	32	0
467	egl-9	2	32	0
467	egl-9	2	32	0
468	egl-9	2	32	0
468	egl-9	2	32	0
469	egl-9	2	32	0
469	egl-9	2	32	0
470	egl-9	2	35	0
470	egl-9	2	35	0
471	egl-9	2	35	0
471	egl-9	2	35	0
472	egl-9	2	35	0
472	egl-9	2	35	0
473	egl-9	2	35	0
473	egl-9	2	35	0
474	egl-9	2	35	0
474	egl-9	2	35	0
475	egl-9	2	35	0
475	egl-9	2	35	0
476	egl-9	2	35	0
476	egl-9	2	35	0
477	egl-9	2	35	0
477	egl-9	2	35	0
478	egl-9	2	35	0
478	egl-9	2	35	0
479	egl-9	2	35	0
479	egl-9	2	35	0
480	egl-9	2	35	0
480	egl-9	2	35	0
481	egl-9	2	35	0
481	egl-9	2	35	0
482	egl-9	2	35	0
482	egl-9	2	35	0
483	egl-9	2	37	0
483	egl-9	2	37	0
484	egl-9	2	37	0
484	egl-9	2	37	0
485	egl-9	2	37	0
485	egl-9	2	37	0
486	egl-9	2	37	0
486	egl-9	2	37	0
487	egl-9	2	14	2
487	egl-9	2	14	2
488	egl-9	3	14	0
488	egl-9	3	14	0
489	egl-9	3	14	0
489	egl-9	3	14	0
490	egl-9	3	18	0
490	egl-9	3	18	0
491	egl-9	3	18	0
491	egl-9	3	18	0
492	egl-9	3	21	0
492	egl-9	3	21	0
493	egl-9	3	21	0
493	egl-9	3	21	0
494	egl-9	3	23	0
494	egl-9	3	23	0
495	egl-9	3	23	0
495	egl-9	3	23	0
496	egl-9	3	25	0
496	egl-9	3	25	0
497	egl-9	3	25	0
497	egl-9	3	25	0
498	egl-9	3	25	0
498	egl-9	3	25	0
499	egl-9	3	28	0
499	egl-9	3	28	0
500	egl-9	3	28	0
500	egl-9	3	28	0
501	egl-9	3	28	0
501	egl-9	3	28	0
502	egl-9	3	28	0
502	egl-9	3	28	0
503	egl-9	3	28	0
503	egl-9	3	28	0
504	egl-9	3	28	0
504	egl-9	3	28	0
505	egl-9	3	28	0
505	egl-9	3	28	0
506	egl-9	3	28	0
506	egl-9	3	28	0
507	egl-9	3	28	0
507	egl-9	3	28	0
508	egl-9	3	30	0
508	egl-9	3	30	0
509	egl-9	3	30	0
509	egl-9	3	30	0
510	egl-9	3	30	0
510	egl-9	3	30	0
511	egl-9	3	30	0
511	egl-9	3	30	0
512	egl-9	3	30	0
512	egl-9	3	30	0
513	egl-9	3	30	0
513	egl-9	3	30	0
514	egl-9	3	30	0
514	egl-9	3	30	0
515	egl-9	3	30	0
515	egl-9	3	30	0
516	egl-9	3	30	0
516	egl-9	3	30	0
517	egl-9	3	32	0
517	egl-9	3	32	0
518	egl-9	3	32	0
518	egl-9	3	32	0
519	egl-9	3	32	0
519	egl-9	3	32	0
520	egl-9	3	32	0
520	egl-9	3	32	0
521	egl-9	3	32	0
521	egl-9	3	32	0
522	egl-9	3	32	0
522	egl-9	3	32	0
523	egl-9	3	32	0
523	egl-9	3	32	0
524	egl-9	3	32	0
524	egl-9	3	32	0
525	egl-9	3	32	0
525	egl-9	3	32	0
526	egl-9	3	32	0
526	egl-9	3	32	0
527	egl-9	3	32	0
527	egl-9	3	32	0
528	egl-9	3	35	0
528	egl-9	3	35	0
529	egl-9	3	35	0
529	egl-9	3	35	0
530	egl-9	3	35	0
530	egl-9	3	35	0
531	egl-9	3	35	0
531	egl-9	3	35	0
532	egl-9	3	35	0
532	egl-9	3	35	0
533	egl-9	3	35	0
533	egl-9	3	35	0
534	egl-9	3	35	0
534	egl-9	3	35	0
535	egl-9	3	35	0
535	egl-9	3	35	0
536	egl-9	3	35	0
536	egl-9	3	35	0
537	egl-9	3	35	0
537	egl-9	3	35	0
538	egl-9	3	35	0
538	egl-9	3	35	0
539	egl-9	3	35	0
539	egl-9	3	35	0
540	egl-9	3	35	0
540	egl-9	3	35	0
541	egl-9	3	35	0
541	egl-9	3	35	0
542	egl-9	3	37	0
542	egl-9	3	37	0
543	egl-9	3	37	0
543	egl-9	3	37	0
544	egl-9	3	37	0
544	egl-9	3	37	0
545	egl-9	3	37	0
545	egl-9	3	37	0
546	egl-9	3	37	0
546	egl-9	3	37	0
547	egl-9	3	37	0
547	egl-9	3	37	0
548	egl-9	3	37	0
548	egl-9	3	37	0
549	egl-9	3	37	0
549	egl-9	3	37	0
550	egl-9	3	39	0
550	egl-9	3	39	0
551	egl-9	3	39	0
551	egl-9	3	39	0
552	egl-9	3	39	0
552	egl-9	3	39	0
553	egl-9(n571)	1	14	0
553	egl-9(n571)	1	14	0
554	egl-9(n571)	1	16	0
554	egl-9(n571)	1	16	0
555	egl-9(n571)	1	18	0
555	egl-9(n571)	1	18	0
556	egl-9(n571)	1	21	0
556	egl-9(n571)	1	21	0
557	egl-9(n571)	1	21	0
557	egl-9(n571)	1	21	0
558	egl-9(n571)	1	21	0
558	egl-9(n571)	1	21	0
559	egl-9(n571)	1	21	0
559	egl-9(n571)	1	21	0
560	egl-9(n571)	1	23	0
560	egl-9(n571)	1	23	0
561	egl-9(n571)	1	23	0
561	egl-9(n571)	1	23	0
562	egl-9(n571)	1	23	0
562	egl-9(n571)	1	23	0
563	egl-9(n571)	1	23	0
563	egl-9(n571)	1	23	0
564	egl-9(n571)	1	23	0
564	egl-9(n571)	1	23	0
565	egl-9(n571)	1	23	0
565	egl-9(n571)	1	23	0
566	egl-9(n571)	1	25	0
566	egl-9(n571)	1	25	0
567	egl-9(n571)	1	25	0
567	egl-9(n571)	1	25	0
568	egl-9(n571)	1	25	0
568	egl-9(n571)	1	25	0
569	egl-9(n571)	1	25	0
569	egl-9(n571)	1	25	0
570	egl-9(n571)	1	25	0
570	egl-9(n571)	1	25	0
571	egl-9(n571)	1	25	0
571	egl-9(n571)	1	25	0
572	egl-9(n571)	1	25	0
572	egl-9(n571)	1	25	0
573	egl-9(n571)	1	28	0
573	egl-9(n571)	1	28	0
574	egl-9(n571)	1	28	0
574	egl-9(n571)	1	28	0
575	egl-9(n571)	1	28	0
575	egl-9(n571)	1	28	0
576	egl-9(n571)	1	28	0
576	egl-9(n571)	1	28	0
577	egl-9(n571)	1	28	0
577	egl-9(n571)	1	28	0
578	egl-9(n571)	1	28	0
578	egl-9(n571)	1	28	0
579	egl-9(n571)	1	28	0
579	egl-9(n571)	1	28	0
580	egl-9(n571)	1	28	0
580	egl-9(n571)	1	28	0
581	egl-9(n571)	1	28	0
581	egl-9(n571)	1	28	0
582	egl-9(n571)	1	30	0
582	egl-9(n571)	1	30	0
583	egl-9(n571)	1	30	0
583	egl-9(n571)	1	30	0
584	egl-9(n571)	1	30	0
584	egl-9(n571)	1	30	0
585	egl-9(n571)	1	30	0
585	egl-9(n571)	1	30	0
586	egl-9(n571)	1	30	0
586	egl-9(n571)	1	30	0
587	egl-9(n571)	1	30	0
587	egl-9(n571)	1	30	0
588	egl-9(n571)	1	30	0
588	egl-9(n571)	1	30	0
589	egl-9(n571)	1	30	0
589	egl-9(n571)	1	30	0
590	egl-9(n571)	1	30	0
590	egl-9(n571)	1	30	0
591	egl-9(n571)	1	30	0
591	egl-9(n571)	1	30	0
592	egl-9(n571)	1	30	0
592	egl-9(n571)	1	30	0
593	egl-9(n571)	1	30	0
593	egl-9(n571)	1	30	0
594	egl-9(n571)	1	30	0
594	egl-9(n571)	1	30	0
595	egl-9(n571)	1	30	0
595	egl-9(n571)	1	30	0
596	egl-9(n571)	1	30	0
596	egl-9(n571)	1	30	0
597	egl-9(n571)	1	30	0
597	egl-9(n571)	1	30	0
598	egl-9(n571)	1	30	0
598	egl-9(n571)	1	30	0
599	egl-9(n571)	1	32	0
599	egl-9(n571)	1	32	0
600	egl-9(n571)	1	32	0
600	egl-9(n571)	1	32	0
601	egl-9(n571)	1	32	0
601	egl-9(n571)	1	32	0
602	egl-9(n571)	1	32	0
602	egl-9(n571)	1	32	0
603	egl-9(n571)	1	32	0
603	egl-9(n571)	1	32	0
604	egl-9(n571)	1	32	0
604	egl-9(n571)	1	32	0
605	egl-9(n571)	1	32	0
605	egl-9(n571)	1	32	0
606	egl-9(n571)	1	32	0
606	egl-9(n571)	1	32	0
607	egl-9(n571)	1	32	0
607	egl-9(n571)	1	32	0
608	egl-9(n571)	1	32	0
608	egl-9(n571)	1	32	0
609	egl-9(n571)	1	32	0
609	egl-9(n571)	1	32	0
610	egl-9(n571)	1	32	0
610	egl-9(n571)	1	32	0
611	egl-9(n571)	1	32	0
611	egl-9(n571)	1	32	0
612	egl-9(n571)	1	32	0
612	egl-9(n571)	1	32	0
613	egl-9(n571)	1	32	0
613	egl-9(n571)	1	32	0
614	egl-9(n571)	1	32	0
614	egl-9(n571)	1	32	0
615	egl-9(n571)	1	32	0
615	egl-9(n571)	1	32	0
616	egl-9(n571)	1	32	0
616	egl-9(n571)	1	32	0
617	egl-9(n571)	1	32	0
617	egl-9(n571)	1	32	0
618	egl-9(n571)	1	32	0
618	egl-9(n571)	1	32	0
619	egl-9(n571)	1	32	0
619	egl-9(n571)	1	32	0
620	egl-9(n571)	1	32	0
620	egl-9(n571)	1	32	0
621	egl-9(n571)	1	32	0
621	egl-9(n571)	1	32	0
622	egl-9(n571)	1	32	0
622	egl-9(n571)	1	32	0
623	egl-9(n571)	1	32	0
623	egl-9(n571)	1	32	0
624	egl-9(n571)	1	32	0
624	egl-9(n571)	1	32	0
625	egl-9(n571)	1	32	0
625	egl-9(n571)	1	32	0
626	egl-9(n571)	1	35	0
626	egl-9(n571)	1	35	0
627	egl-9(n571)	1	35	0
627	egl-9(n571)	1	35	0
628	egl-9(n571)	1	35	0
628	egl-9(n571)	1	35	0
629	egl-9(n571)	1	35	0
629	egl-9(n571)	1	35	0
630	egl-9(n571)	1	35	0
630	egl-9(n571)	1	35	0
631	egl-9(n571)	1	35	0
631	egl-9(n571)	1	35	0
632	egl-9(n571)	1	35	0
632	egl-9(n571)	1	35	0
633	egl-9(n571)	1	35	0
633	egl-9(n571)	1	35	0
634	egl-9(n571)	1	35	0
634	egl-9(n571)	1	35	0
635	egl-9(n571)	1	35	0
635	egl-9(n571)	1	35	0
636	egl-9(n571)	1	35	0
636	egl-9(n571)	1	35	0
637	egl-9(n571)	1	35	0
637	egl-9(n571)	1	35	0
638	egl-9(n571)	1	35	0
638	egl-9(n571)	1	35	0
639	egl-9(n571)	1	35	0
639	egl-9(n571)	1	35	0
640	egl-9(n571)	1	35	0
640	egl-9(n571)	1	35	0
641	egl-9(n571)	1	35	0
641	egl-9(n571)	1	35	0
642	egl-9(n571)	1	35	0
642	egl-9(n571)	1	35	0
643	egl-9(n571)	1	35	0
643	egl-9(n571)	1	35	0
644	egl-9(n571)	1	37	0
644	egl-9(n571)	1	37	0
645	egl-9(n571)	1	37	0
645	egl-9(n571)	1	37	0
646	egl-9(n571)	1	37	0
646	egl-9(n571)	1	37	0
647	egl-9(n571)	1	39	0
647	egl-9(n571)	1	39	0
648	egl-9(n571)	1	39	0
648	egl-9(n571)	1	39	0
649	egl-9(n571)	1	39	0
649	egl-9(n571)	1	39	0
650	egl-9(n571)	1	16	2
650	egl-9(n571)	1	16	2
651	egl-9(n571)	2	16	0
651	egl-9(n571)	2	16	0
652	egl-9(n571)	2	21	0
652	egl-9(n571)	2	21	0
653	egl-9(n571)	2	21	0
653	egl-9(n571)	2	21	0
654	egl-9(n571)	2	23	0
654	egl-9(n571)	2	23	0
655	egl-9(n571)	2	23	0
655	egl-9(n571)	2	23	0
656	egl-9(n571)	2	23	0
656	egl-9(n571)	2	23	0
657	egl-9(n571)	2	23	0
657	egl-9(n571)	2	23	0
658	egl-9(n571)	2	23	0
658	egl-9(n571)	2	23	0
659	egl-9(n571)	2	25	0
659	egl-9(n571)	2	25	0
660	egl-9(n571)	2	25	0
660	egl-9(n571)	2	25	0
661	egl-9(n571)	2	25	0
661	egl-9(n571)	2	25	0
662	egl-9(n571)	2	25	0
662	egl-9(n571)	2	25	0
663	egl-9(n571)	2	25	0
663	egl-9(n571)	2	25	0
664	egl-9(n571)	2	25	0
664	egl-9(n571)	2	25	0
665	egl-9(n571)	2	25	0
665	egl-9(n571)	2	25	0
666	egl-9(n571)	2	25	0
666	egl-9(n571)	2	25	0
667	egl-9(n571)	2	25	0
667	egl-9(n571)	2	25	0
668	egl-9(n571)	2	28	0
668	egl-9(n571)	2	28	0
669	egl-9(n571)	2	28	0
669	egl-9(n571)	2	28	0
670	egl-9(n571)	2	28	0
670	egl-9(n571)	2	28	0
671	egl-9(n571)	2	28	0
671	egl-9(n571)	2	28	0
672	egl-9(n571)	2	28	0
672	egl-9(n571)	2	28	0
673	egl-9(n571)	2	28	0
673	egl-9(n571)	2	28	0
674	egl-9(n571)	2	28	0
674	egl-9(n571)	2	28	0
675	egl-9(n571)	2	28	0
675	egl-9(n571)	2	28	0
676	egl-9(n571)	2	28	0
676	egl-9(n571)	2	28	0
677	egl-9(n571)	2	28	0
677	egl-9(n571)	2	28	0
678	egl-9(n571)	2	28	0
678	egl-9(n571)	2	28	0
679	egl-9(n571)	2	28	0
679	egl-9(n571)	2	28	0
680	egl-9(n571)	2	28	0
680	egl-9(n571)	2	28	0
681	egl-9(n571)	2	30	0
681	egl-9(n571)	2	30	0
682	egl-9(n571)	2	30	0
682	egl-9(n571)	2	30	0
683	egl-9(n571)	2	30	0
683	egl-9(n571)	2	30	0
684	egl-9(n571)	2	30	0
684	egl-9(n571)	2	30	0
685	egl-9(n571)	2	30	0
685	egl-9(n571)	2	30	0
686	egl-9(n571)	2	30	0
686	egl-9(n571)	2	30	0
687	egl-9(n571)	2	30	0
687	egl-9(n571)	2	30	0
688	egl-9(n571)	2	30	0
688	egl-9(n571)	2	30	0
689	egl-9(n571)	2	30	0
689	egl-9(n571)	2	30	0
690	egl-9(n571)	2	30	0
690	egl-9(n571)	2	30	0
691	egl-9(n571)	2	30	0
691	egl-9(n571)	2	30	0
692	egl-9(n571)	2	30	0
692	egl-9(n571)	2	30	0
693	egl-9(n571)	2	30	0
693	egl-9(n571)	2	30	0
694	egl-9(n571)	2	30	0
694	egl-9(n571)	2	30	0
695	egl-9(n571)	2	30	0
695	egl-9(n571)	2	30	0
696	egl-9(n571)	2	30	0
696	egl-9(n571)	2	30	0
697	egl-9(n571)	2	30	0
697	egl-9(n571)	2	30	0
698	egl-9(n571)	2	30	0
698	egl-9(n571)	2	30	0
699	egl-9(n571)	2	30	0
699	egl-9(n571)	2	30	0
700	egl-9(n571)	2	30	0
700	egl-9(n571)	2	30	0
701	egl-9(n571)	2	30	0
701	egl-9(n571)	2	30	0
702	egl-9(n571)	2	30	0
702	egl-9(n571)	2	30	0
703	egl-9(n571)	2	30	0
703	egl-9(n571)	2	30	0
704	egl-9(n571)	2	30	0
704	egl-9(n571)	2	30	0
705	egl-9(n571)	2	32	0
705	egl-9(n571)	2	32	0
706	egl-9(n571)	2	32	0
706	egl-9(n571)	2	32	0
707	egl-9(n571)	2	32	0
707	egl-9(n571)	2	32	0
708	egl-9(n571)	2	32	0
708	egl-9(n571)	2	32	0
709	egl-9(n571)	2	32	0
709	egl-9(n571)	2	32	0
710	egl-9(n571)	2	32	0
710	egl-9(n571)	2	32	0
711	egl-9(n571)	2	32	0
711	egl-9(n571)	2	32	0
712	egl-9(n571)	2	32	0
712	egl-9(n571)	2	32	0
713	egl-9(n571)	2	32	0
713	egl-9(n571)	2	32	0
714	egl-9(n571)	2	32	0
714	egl-9(n571)	2	32	0
715	egl-9(n571)	2	32	0
715	egl-9(n571)	2	32	0
716	egl-9(n571)	2	32	0
716	egl-9(n571)	2	32	0
717	egl-9(n571)	2	32	0
717	egl-9(n571)	2	32	0
718	egl-9(n571)	2	32	0
718	egl-9(n571)	2	32	0
719	egl-9(n571)	2	32	0
719	egl-9(n571)	2	32	0
720	egl-9(n571)	2	32	0
720	egl-9(n571)	2	32	0
721	egl-9(n571)	2	32	0
721	egl-9(n571)	2	32	0
722	egl-9(n571)	2	32	0
722	egl-9(n571)	2	32	0
723	egl-9(n571)	2	32	0
723	egl-9(n571)	2	32	0
724	egl-9(n571)	2	32	0
724	egl-9(n571)	2	32	0
725	egl-9(n571)	2	35	0
725	egl-9(n571)	2	35	0
726	egl-9(n571)	2	35	0
726	egl-9(n571)	2	35	0
727	egl-9(n571)	2	35	0
727	egl-9(n571)	2	35	0
728	egl-9(n571)	2	35	0
728	egl-9(n571)	2	35	0
729	egl-9(n571)	2	35	0
729	egl-9(n571)	2	35	0
730	egl-9(n571)	2	35	0
730	egl-9(n571)	2	35	0
731	egl-9(n571)	2	35	0
731	egl-9(n571)	2	35	0
732	egl-9(n571)	2	35	0
732	egl-9(n571)	2	35	0
733	egl-9(n571)	2	35	0
733	egl-9(n571)	2	35	0
734	egl-9(n571)	2	35	0
734	egl-9(n571)	2	35	0
735	egl-9(n571)	2	35	0
735	egl-9(n571)	2	35	0
736	egl-9(n571)	2	35	0
736	egl-9(n571)	2	35	0
737	egl-9(n571)	2	35	0
737	egl-9(n571)	2	35	0
738	egl-9(n571)	2	35	0
738	egl-9(n571)	2	35	0
739	egl-9(n571)	2	35	0
739	egl-9(n571)	2	35	0
740	egl-9(n571)	2	35	0
740	egl-9(n571)	2	35	0
741	egl-9(n571)	2	35	0
741	egl-9(n571)	2	35	0
742	egl-9(n571)	2	37	0
742	egl-9(n571)	2	37	0
743	egl-9(n571)	2	37	0
743	egl-9(n571)	2	37	0
744	egl-9(n571)	2	37	0
744	egl-9(n571)	2	37	0
745	egl-9(n571)	2	37	0
745	egl-9(n571)	2	37	0
746	egl-9(n571)	2	37	0
746	egl-9(n571)	2	37	0
747	egl-9(n571)	2	37	0
747	egl-9(n571)	2	37	0
748	egl-9(n571)	2	37	0
748	egl-9(n571)	2	37	0
749	egl-9(n571)	2	39	0
749	egl-9(n571)	2	39	0
750	egl-9(n571)	2	39	0
750	egl-9(n571)	2	39	0
751	egl-9(n571)	2	42	0
751	egl-9(n571)	2	42	0
752	egl-9(n571)	2	42	0
752	egl-9(n571)	2	42	0
753	egl-9(n571)	2	42	0
753	egl-9(n571)	2	42	0
754	egl-9(n571)	2	42	0
754	egl-9(n571)	2	42	0
755	egl-9(n571)	2	16	2
755	egl-9(n571)	2	16	2
756	egl-9(n571)	2	21	2
756	egl-9(n571)	2	21	2
757	daf-2	1	13	0
757	daf-2	1	13	0
758	daf-2	1	13	0
758	daf-2	1	13	0
759	daf-2	1	15	0
759	daf-2	1	15	0
760	daf-2	1	17	0
760	daf-2	1	17	0
761	daf-2	1	22	0
761	daf-2	1	22	0
762	daf-2	1	24	0
762	daf-2	1	24	0
763	daf-2	1	24	0
763	daf-2	1	24	0
764	daf-2	1	24	0
764	daf-2	1	24	0
765	daf-2	1	24	0
765	daf-2	1	24	0
766	daf-2	1	24	0
766	daf-2	1	24	0
767	daf-2	1	24	0
767	daf-2	1	24	0
768	daf-2	1	24	0
768	daf-2	1	24	0
769	daf-2	1	27	0
769	daf-2	1	27	0
770	daf-2	1	27	0
770	daf-2	1	27	0
771	daf-2	1	27	0
771	daf-2	1	27	0
772	daf-2	1	29	0
772	daf-2	1	29	0
773	daf-2	1	29	0
773	daf-2	1	29	0
774	daf-2	1	31	0
774	daf-2	1	31	0
775	daf-2	1	31	0
775	daf-2	1	31	0
776	daf-2	1	34	0
776	daf-2	1	34	0
777	daf-2	1	34	0
777	daf-2	1	34	0
778	daf-2	1	34	0
778	daf-2	1	34	0
779	daf-2	1	34	0
779	daf-2	1	34	0
780	daf-2	1	34	0
780	daf-2	1	34	0
781	daf-2	1	34	0
781	daf-2	1	34	0
782	daf-2	1	36	0
782	daf-2	1	36	0
783	daf-2	1	38	0
783	daf-2	1	38	0
784	daf-2	1	38	0
784	daf-2	1	38	0
785	daf-2	1	38	0
785	daf-2	1	38	0
786	daf-2	1	38	0
786	daf-2	1	38	0
787	daf-2	1	38	0
787	daf-2	1	38	0
788	daf-2	1	38	0
788	daf-2	1	38	0
789	daf-2	1	38	0
789	daf-2	1	38	0
790	daf-2	1	38	0
790	daf-2	1	38	0
791	daf-2	1	38	0
791	daf-2	1	38	0
792	daf-2	1	41	0
792	daf-2	1	41	0
793	daf-2	1	41	0
793	daf-2	1	41	0
794	daf-2	1	41	0
794	daf-2	1	41	0
795	daf-2	1	43	0
795	daf-2	1	43	0
796	daf-2	1	43	0
796	daf-2	1	43	0
797	daf-2	1	43	0
797	daf-2	1	43	0
798	daf-2	1	43	0
798	daf-2	1	43	0
799	daf-2	1	43	0
799	daf-2	1	43	0
800	daf-2	1	43	0
800	daf-2	1	43	0
801	daf-2	1	43	0
801	daf-2	1	43	0
802	daf-2	1	45	0
802	daf-2	1	45	0
803	daf-2	1	45	0
803	daf-2	1	45	0
804	daf-2	1	45	0
804	daf-2	1	45	0
805	daf-2	1	45	0
805	daf-2	1	45	0
806	daf-2	1	45	0
806	daf-2	1	45	0
807	daf-2	1	45	0
807	daf-2	1	45	0
808	daf-2	1	45	0
808	daf-2	1	45	0
809	daf-2	1	45	0
809	daf-2	1	45	0
810	daf-2	1	45	0
810	daf-2	1	45	0
811	daf-2	1	45	0
811	daf-2	1	45	0
812	daf-2	1	45	0
812	daf-2	1	45	0
813	daf-2	1	45	0
813	daf-2	1	45	0
814	daf-2	1	45	0
814	daf-2	1	45	0
815	daf-2	1	45	0
815	daf-2	1	45	0
816	daf-2	1	45	0
816	daf-2	1	45	0
817	daf-2	1	48	0
817	daf-2	1	48	0
818	daf-2	1	48	0
818	daf-2	1	48	0
819	daf-2	1	48	0
819	daf-2	1	48	0
820	daf-2	1	48	0
820	daf-2	1	48	0
821	daf-2	1	48	0
821	daf-2	1	48	0
822	daf-2	1	48	0
822	daf-2	1	48	0
823	daf-2	1	48	0
823	daf-2	1	48	0
824	daf-2	1	48	0
824	daf-2	1	48	0
825	daf-2	1	48	0
825	daf-2	1	48	0
826	daf-2	1	48	0
826	daf-2	1	48	0
827	daf-2	1	50	0
827	daf-2	1	50	0
828	daf-2	1	50	0
828	daf-2	1	50	0
829	daf-2	1	50	0
829	daf-2	1	50	0
830	daf-2	1	50	0
830	daf-2	1	50	0
831	daf-2	1	50	0
831	daf-2	1	50	0
832	daf-2	1	50	0
832	daf-2	1	50	0
833	daf-2	1	50	0
833	daf-2	1	50	0
834	daf-2	1	52	0
834	daf-2	1	52	0
835	daf-2	1	52	0
835	daf-2	1	52	0
836	daf-2	1	52	0
836	daf-2	1	52	0
837	daf-2	1	52	0
837	daf-2	1	52	0
838	daf-2	1	55	0
838	daf-2	1	55	0
839	daf-2	1	55	0
839	daf-2	1	55	0
840	daf-2	1	57	0
840	daf-2	1	57	0
841	daf-2	1	57	0
841	daf-2	1	57	0
842	daf-2	1	43	2
842	daf-2	1	43	2
843	daf-2	1	43	2
843	daf-2	1	43	2
844	daf-2	1	15	3
844	daf-2	1	15	3
845	daf-2	2	13	0
845	daf-2	2	13	0
846	daf-2	2	13	0
846	daf-2	2	13	0
847	daf-2	2	15	0
847	daf-2	2	15	0
848	daf-2	2	17	0
848	daf-2	2	17	0
849	daf-2	2	17	0
849	daf-2	2	17	0
850	daf-2	2	20	0
850	daf-2	2	20	0
851	daf-2	2	20	0
851	daf-2	2	20	0
852	daf-2	2	22	0
852	daf-2	2	22	0
853	daf-2	2	24	0
853	daf-2	2	24	0
854	daf-2	2	27	0
854	daf-2	2	27	0
855	daf-2	2	27	0
855	daf-2	2	27	0
856	daf-2	2	27	0
856	daf-2	2	27	0
857	daf-2	2	29	0
857	daf-2	2	29	0
858	daf-2	2	29	0
858	daf-2	2	29	0
859	daf-2	2	29	0
859	daf-2	2	29	0
860	daf-2	2	29	0
860	daf-2	2	29	0
861	daf-2	2	29	0
861	daf-2	2	29	0
862	daf-2	2	31	0
862	daf-2	2	31	0
863	daf-2	2	31	0
863	daf-2	2	31	0
864	daf-2	2	31	0
864	daf-2	2	31	0
865	daf-2	2	31	0
865	daf-2	2	31	0
866	daf-2	2	34	0
866	daf-2	2	34	0
867	daf-2	2	34	0
867	daf-2	2	34	0
868	daf-2	2	34	0
868	daf-2	2	34	0
869	daf-2	2	34	0
869	daf-2	2	34	0
870	daf-2	2	34	0
870	daf-2	2	34	0
871	daf-2	2	34	0
871	daf-2	2	34	0
872	daf-2	2	34	0
872	daf-2	2	34	0
873	daf-2	2	36	0
873	daf-2	2	36	0
874	daf-2	2	36	0
874	daf-2	2	36	0
875	daf-2	2	36	0
875	daf-2	2	36	0
876	daf-2	2	36	0
876	daf-2	2	36	0
877	daf-2	2	38	0
877	daf-2	2	38	0
878	daf-2	2	38	0
878	daf-2	2	38	0
879	daf-2	2	38	0
879	daf-2	2	38	0
880	daf-2	2	38	0
880	daf-2	2	38	0
881	daf-2	2	38	0
881	daf-2	2	38	0
882	daf-2	2	38	0
882	daf-2	2	38	0
883	daf-2	2	38	0
883	daf-2	2	38	0
884	daf-2	2	38	0
884	daf-2	2	38	0
885	daf-2	2	41	0
885	daf-2	2	41	0
886	daf-2	2	41	0
886	daf-2	2	41	0
887	daf-2	2	41	0
887	daf-2	2	41	0
888	daf-2	2	41	0
888	daf-2	2	41	0
889	daf-2	2	41	0
889	daf-2	2	41	0
890	daf-2	2	41	0
890	daf-2	2	41	0
891	daf-2	2	41	0
891	daf-2	2	41	0
892	daf-2	2	43	0
892	daf-2	2	43	0
893	daf-2	2	43	0
893	daf-2	2	43	0
894	daf-2	2	43	0
894	daf-2	2	43	0
895	daf-2	2	43	0
895	daf-2	2	43	0
896	daf-2	2	43	0
896	daf-2	2	43	0
897	daf-2	2	43	0
897	daf-2	2	43	0
898	daf-2	2	43	0
898	daf-2	2	43	0
899	daf-2	2	43	0
899	daf-2	2	43	0
900	daf-2	2	43	0
900	daf-2	2	43	0
901	daf-2	2	43	0
901	daf-2	2	43	0
902	daf-2	2	43	0
902	daf-2	2	43	0
903	daf-2	2	43	0
903	daf-2	2	43	0
904	daf-2	2	43	0
904	daf-2	2	43	0
905	daf-2	2	43	0
905	daf-2	2	43	0
906	daf-2	2	43	0
906	daf-2	2	43	0
907	daf-2	2	45	0
907	daf-2	2	45	0
908	daf-2	2	45	0
908	daf-2	2	45	0
909	daf-2	2	45	0
909	daf-2	2	45	0
910	daf-2	2	45	0
910	daf-2	2	45	0
911	daf-2	2	45	0
911	daf-2	2	45	0
912	daf-2	2	45	0
912	daf-2	2	45	0
913	daf-2	2	45	0
913	daf-2	2	45	0
914	daf-2	2	45	0
914	daf-2	2	45	0
915	daf-2	2	45	0
915	daf-2	2	45	0
916	daf-2	2	45	0
916	daf-2	2	45	0
917	daf-2	2	45	0
917	daf-2	2	45	0
918	daf-2	2	45	0
918	daf-2	2	45	0
919	daf-2	2	45	0
919	daf-2	2	45	0
920	daf-2	2	45	0
920	daf-2	2	45	0
921	daf-2	2	45	0
921	daf-2	2	45	0
922	daf-2	2	48	0
922	daf-2	2	48	0
923	daf-2	2	48	0
923	daf-2	2	48	0
924	daf-2	2	48	0
924	daf-2	2	48	0
925	daf-2	2	48	0
925	daf-2	2	48	0
926	daf-2	2	48	0
926	daf-2	2	48	0
927	daf-2	2	48	0
927	daf-2	2	48	0
928	daf-2	2	48	0
928	daf-2	2	48	0
929	daf-2	2	48	0
929	daf-2	2	48	0
930	daf-2	2	48	0
930	daf-2	2	48	0
931	daf-2	2	50	0
931	daf-2	2	50	0
932	daf-2	2	50	0
932	daf-2	2	50	0
933	daf-2	2	50	0
933	daf-2	2	50	0
934	daf-2	2	50	0
934	daf-2	2	50	0
935	daf-2	2	52	0
935	daf-2	2	52	0
936	daf-2	2	52	0
936	daf-2	2	52	0
937	daf-2	2	52	0
937	daf-2	2	52	0
938	daf-2	2	52	0
938	daf-2	2	52	0
939	daf-2	2	52	0
939	daf-2	2	52	0
940	daf-2	2	52	0
940	daf-2	2	52	0
941	daf-2	2	55	0
941	daf-2	2	55	0
942	daf-2	2	55	0
942	daf-2	2	55	0
943	daf-2	2	57	0
943	daf-2	2	57	0
944	daf-2	2	59	0
944	daf-2	2	59	0
945	daf-2	2	62	0
945	daf-2	2	62	0
946	daf-2	2	62	0
946	daf-2	2	62	0
947	daf-2	2	62	0
947	daf-2	2	62	0
948	daf-2	2	43	3
948	daf-2	2	43	3
949	daf-2	3	15	0
949	daf-2	3	15	0
950	daf-2	3	15	0
950	daf-2	3	15	0
951	daf-2	3	15	0
951	daf-2	3	15	0
952	daf-2	3	17	0
952	daf-2	3	17	0
953	daf-2	3	17	0
953	daf-2	3	17	0
954	daf-2	3	20	0
954	daf-2	3	20	0
955	daf-2	3	20	0
955	daf-2	3	20	0
956	daf-2	3	20	0
956	daf-2	3	20	0
957	daf-2	3	22	0
957	daf-2	3	22	0
958	daf-2	3	22	0
958	daf-2	3	22	0
959	daf-2	3	22	0
959	daf-2	3	22	0
960	daf-2	3	24	0
960	daf-2	3	24	0
961	daf-2	3	24	0
961	daf-2	3	24	0
962	daf-2	3	24	0
962	daf-2	3	24	0
963	daf-2	3	24	0
963	daf-2	3	24	0
964	daf-2	3	24	0
964	daf-2	3	24	0
965	daf-2	3	27	0
965	daf-2	3	27	0
966	daf-2	3	27	0
966	daf-2	3	27	0
967	daf-2	3	27	0
967	daf-2	3	27	0
968	daf-2	3	27	0
968	daf-2	3	27	0
969	daf-2	3	29	0
969	daf-2	3	29	0
970	daf-2	3	29	0
970	daf-2	3	29	0
971	daf-2	3	29	0
971	daf-2	3	29	0
972	daf-2	3	29	0
972	daf-2	3	29	0
973	daf-2	3	29	0
973	daf-2	3	29	0
974	daf-2	3	29	0
974	daf-2	3	29	0
975	daf-2	3	31	0
975	daf-2	3	31	0
976	daf-2	3	31	0
976	daf-2	3	31	0
977	daf-2	3	31	0
977	daf-2	3	31	0
978	daf-2	3	31	0
978	daf-2	3	31	0
979	daf-2	3	34	0
979	daf-2	3	34	0
980	daf-2	3	34	0
980	daf-2	3	34	0
981	daf-2	3	34	0
981	daf-2	3	34	0
982	daf-2	3	34	0
982	daf-2	3	34	0
983	daf-2	3	36	0
983	daf-2	3	36	0
984	daf-2	3	38	0
984	daf-2	3	38	0
985	daf-2	3	38	0
985	daf-2	3	38	0
986	daf-2	3	38	0
986	daf-2	3	38	0
987	daf-2	3	38	0
987	daf-2	3	38	0
988	daf-2	3	38	0
988	daf-2	3	38	0
989	daf-2	3	38	0
989	daf-2	3	38	0
990	daf-2	3	41	0
990	daf-2	3	41	0
991	daf-2	3	41	0
991	daf-2	3	41	0
992	daf-2	3	41	0
992	daf-2	3	41	0
993	daf-2	3	43	0
993	daf-2	3	43	0
994	daf-2	3	43	0
994	daf-2	3	43	0
995	daf-2	3	43	0
995	daf-2	3	43	0
996	daf-2	3	43	0
996	daf-2	3	43	0
997	daf-2	3	43	0
997	daf-2	3	43	0
998	daf-2	3	43	0
998	daf-2	3	43	0
999	daf-2	3	43	0
999	daf-2	3	43	0
1000	daf-2	3	43	0
1000	daf-2	3	43	0
1001	daf-2	3	43	0
1001	daf-2	3	43	0
1002	daf-2	3	43	0
1002	daf-2	3	43	0
1003	daf-2	3	43	0
1003	daf-2	3	43	0
1004	daf-2	3	43	0
1004	daf-2	3	43	0
1005	daf-2	3	43	0
1005	daf-2	3	43	0
1006	daf-2	3	45	0
1006	daf-2	3	45	0
1007	daf-2	3	45	0
1007	daf-2	3	45	0
1008	daf-2	3	45	0
1008	daf-2	3	45	0
1009	daf-2	3	45	0
1009	daf-2	3	45	0
1010	daf-2	3	45	0
1010	daf-2	3	45	0
1011	daf-2	3	45	0
1011	daf-2	3	45	0
1012	daf-2	3	45	0
1012	daf-2	3	45	0
1013	daf-2	3	45	0
1013	daf-2	3	45	0
1014	daf-2	3	45	0
1014	daf-2	3	45	0
1015	daf-2	3	45	0
1015	daf-2	3	45	0
1016	daf-2	3	48	0
1016	daf-2	3	48	0
1017	daf-2	3	48	0
1017	daf-2	3	48	0
1018	daf-2	3	48	0
1018	daf-2	3	48	0
1019	daf-2	3	48	0
1019	daf-2	3	48	0
1020	daf-2	3	48	0
1020	daf-2	3	48	0
1021	daf-2	3	48	0
1021	daf-2	3	48	0
1022	daf-2	3	48	0
1022	daf-2	3	48	0
1023	daf-2	3	48	0
1023	daf-2	3	48	0
1024	daf-2	3	48	0
1024	daf-2	3	48	0
1025	daf-2	3	48	0
1025	daf-2	3	48	0
1026	daf-2	3	50	0
1026	daf-2	3	50	0
1027	daf-2	3	50	0
1027	daf-2	3	50	0
1028	daf-2	3	50	0
1028	daf-2	3	50	0
1029	daf-2	3	50	0
1029	daf-2	3	50	0
1030	daf-2	3	52	0
1030	daf-2	3	52	0
1031	daf-2	3	52	0
1031	daf-2	3	52	0
1032	daf-2	3	52	0
1032	daf-2	3	52	0
1033	daf-2	3	52	0
1033	daf-2	3	52	0
1034	daf-2	3	55	0
1034	daf-2	3	55	0
1035	daf-2	3	55	0
1035	daf-2	3	55	0
1036	daf-2	3	57	0
1036	daf-2	3	57	0
1037	daf-2	3	59	0
1037	daf-2	3	59	0
1038	daf-2	3	62	0
1038	daf-2	3	62	0
1039	daf-2	3	62	0
1039	daf-2	3	62	0
