strain	replicate	age.at.death	rupture		
strain	replicate	age.at.death	rupture		
1	N2	1	14	0	
1	N2	1	14	0	
2	N2	1	16	0	
2	N2	1	16	0	
3	N2	1	16	0	
3	N2	1	16	0	
4	N2	1	16	0	
4	N2	1	16	0	
5	N2	1	16	0	
5	N2	1	16	0	
6	N2	1	18	0	
6	N2	1	18	0	
7	N2	1	18	0	
7	N2	1	18	0	
8	N2	1	18	0	
8	N2	1	18	0	
9	N2	1	18	0	
9	N2	1	18	0	
10	N2	1	21	0	
10	N2	1	21	0	
11	N2	1	21	0	
11	N2	1	21	0	
12	N2	1	21	0	
12	N2	1	21	0	
13	N2	1	21	0	
13	N2	1	21	0	
14	N2	1	21	0	
14	N2	1	21	0	
15	N2	1	21	0	
15	N2	1	21	0	
16	N2	1	23	0	
16	N2	1	23	0	
17	N2	1	23	0	
17	N2	1	23	0	
18	N2	1	23	0	
18	N2	1	23	0	
19	N2	1	23	0	
19	N2	1	23	0	
20	N2	1	23	0	
20	N2	1	23	0	
21	N2	1	23	0	
21	N2	1	23	0	
22	N2	1	23	0	
22	N2	1	23	0	
23	N2	1	23	0	
23	N2	1	23	0	
24	N2	1	23	0	
24	N2	1	23	0	
25	N2	1	23	0	
25	N2	1	23	0	
26	N2	1	23	0	
26	N2	1	23	0	
27	N2	1	23	0	
27	N2	1	23	0	
28	N2	1	23	0	
28	N2	1	23	0	
29	N2	1	23	0	
29	N2	1	23	0	
30	N2	1	23	0	
30	N2	1	23	0	
31	N2	1	23	0	
31	N2	1	23	0	
32	N2	1	23	0	
32	N2	1	23	0	
33	N2	1	23	0	
33	N2	1	23	0	
34	N2	1	23	0	
34	N2	1	23	0	
35	N2	1	25	0	
35	N2	1	25	0	
36	N2	1	25	0	
36	N2	1	25	0	
37	N2	1	25	0	
37	N2	1	25	0	
38	N2	1	25	0	
38	N2	1	25	0	
39	N2	1	25	0	
39	N2	1	25	0	
40	N2	1	25	0	
40	N2	1	25	0	
41	N2	1	25	0	
41	N2	1	25	0	
42	N2	1	25	0	
42	N2	1	25	0	
43	N2	1	25	0	
43	N2	1	25	0	
44	N2	1	25	0	
44	N2	1	25	0	
45	N2	1	25	0	
45	N2	1	25	0	
46	N2	1	25	0	
46	N2	1	25	0	
47	N2	1	25	0	
47	N2	1	25	0	
48	N2	1	25	0	
48	N2	1	25	0	
49	N2	1	25	0	
49	N2	1	25	0	
50	N2	1	25	0	
50	N2	1	25	0	
51	N2	1	25	0	
51	N2	1	25	0	
52	N2	1	25	0	
52	N2	1	25	0	
53	N2	1	25	0	
53	N2	1	25	0	
54	N2	1	25	0	
54	N2	1	25	0	
55	N2	1	25	0	
55	N2	1	25	0	
56	N2	1	25	0	
56	N2	1	25	0	
57	N2	1	25	0	
57	N2	1	25	0	
58	N2	1	25	0	
58	N2	1	25	0	
59	N2	1	25	0	
59	N2	1	25	0	
60	N2	1	25	0	
60	N2	1	25	0	
61	N2	1	25	0	
61	N2	1	25	0	
62	N2	1	25	0	
62	N2	1	25	0	
63	N2	1	25	0	
63	N2	1	25	0	
64	N2	1	25	0	
64	N2	1	25	0	
65	N2	1	28	0	
65	N2	1	28	0	
66	N2	1	28	0	
66	N2	1	28	0	
67	N2	1	28	0	
67	N2	1	28	0	
68	N2	1	28	0	
68	N2	1	28	0	
69	N2	1	28	0	
69	N2	1	28	0	
70	N2	1	28	0	
70	N2	1	28	0	
71	N2	1	28	0	
71	N2	1	28	0	
72	N2	1	28	0	
72	N2	1	28	0	
73	N2	1	28	0	
73	N2	1	28	0	
74	N2	1	28	0	
74	N2	1	28	0	
75	N2	1	28	0	
75	N2	1	28	0	
76	N2	1	28	0	
76	N2	1	28	0	
77	N2	1	28	0	
77	N2	1	28	0	
78	N2	1	28	0	
78	N2	1	28	0	
79	N2	1	28	0	
79	N2	1	28	0	
80	N2	1	28	0	
80	N2	1	28	0	
81	N2	1	28	0	
81	N2	1	28	0	
82	N2	1	28	0	
82	N2	1	28	0	
83	N2	1	28	0	
83	N2	1	28	0	
84	N2	1	28	0	
84	N2	1	28	0	
85	N2	1	28	0	
85	N2	1	28	0	
86	N2	1	28	0	
86	N2	1	28	0	
87	N2	1	28	0	
87	N2	1	28	0	
88	N2	1	28	0	
88	N2	1	28	0	
89	N2	1	28	0	
89	N2	1	28	0	
90	N2	1	28	0	
90	N2	1	28	0	
91	N2	1	28	0	
91	N2	1	28	0	
92	N2	1	28	0	
92	N2	1	28	0	
93	N2	1	28	0	
93	N2	1	28	0	
94	N2	1	28	0	
94	N2	1	28	0	
95	N2	1	28	0	
95	N2	1	28	0	
96	N2	1	28	0	
96	N2	1	28	0	
97	N2	1	28	0	
97	N2	1	28	0	
98	N2	1	28	0	
98	N2	1	28	0	
99	N2	1	28	0	
99	N2	1	28	0	
100	N2	1	28	0	
100	N2	1	28	0	
101	N2	1	28	0	
101	N2	1	28	0	
102	N2	1	28	0	
102	N2	1	28	0	
103	N2	1	28	0	
103	N2	1	28	0	
104	N2	1	28	0	
104	N2	1	28	0	
105	N2	1	28	0	
105	N2	1	28	0	
106	N2	1	28	0	
106	N2	1	28	0	
107	N2	1	28	0	
107	N2	1	28	0	
108	N2	1	28	0	
108	N2	1	28	0	
109	N2	1	28	0	
109	N2	1	28	0	
110	N2	1	30	0	
110	N2	1	30	0	
111	N2	1	30	0	
111	N2	1	30	0	
112	N2	1	30	0	
112	N2	1	30	0	
113	N2	1	30	0	
113	N2	1	30	0	
114	N2	1	30	0	
114	N2	1	30	0	
115	N2	1	30	0	
115	N2	1	30	0	
116	N2	1	30	0	
116	N2	1	30	0	
117	N2	1	30	0	
117	N2	1	30	0	
118	N2	1	30	0	
118	N2	1	30	0	
119	N2	1	30	0	
119	N2	1	30	0	
120	N2	1	30	0	
120	N2	1	30	0	
121	N2	1	30	0	
121	N2	1	30	0	
122	N2	1	30	0	
122	N2	1	30	0	
123	N2	1	30	0	
123	N2	1	30	0	
124	N2	1	30	0	
124	N2	1	30	0	
125	N2	1	30	0	
125	N2	1	30	0	
126	N2	1	30	0	
126	N2	1	30	0	
127	N2	1	30	0	
127	N2	1	30	0	
128	N2	1	30	0	
128	N2	1	30	0	
129	N2	1	30	0	
129	N2	1	30	0	
130	N2	1	30	0	
130	N2	1	30	0	
131	N2	1	30	0	
131	N2	1	30	0	
132	N2	1	30	0	
132	N2	1	30	0	
133	N2	1	32	0	
133	N2	1	32	0	
134	N2	1	32	0	
134	N2	1	32	0	
135	N2	1	32	0	
135	N2	1	32	0	
136	N2	1	32	0	
136	N2	1	32	0	
137	N2	1	32	0	
137	N2	1	32	0	
138	N2	1	32	0	
138	N2	1	32	0	
139	N2	1	32	0	
139	N2	1	32	0	
140	N2	1	32	0	
140	N2	1	32	0	
141	N2	1	32	0	
141	N2	1	32	0	
142	N2	1	32	0	
142	N2	1	32	0	
143	N2	1	32	0	
143	N2	1	32	0	
144	N2	1	32	0	
144	N2	1	32	0	
145	N2	1	32	0	
145	N2	1	32	0	
146	N2	1	32	0	
146	N2	1	32	0	
147	N2	1	32	0	
147	N2	1	32	0	
148	N2	1	32	0	
148	N2	1	32	0	
149	N2	1	35	0	
149	N2	1	35	0	
150	N2	1	35	0	
150	N2	1	35	0	
151	N2	1	35	0	
151	N2	1	35	0	
152	N2	1	35	0	
152	N2	1	35	0	
153	N2	1	18	1	
153	N2	1	18	1	
154	N2	1	16	2	
154	N2	1	16	2	
155	N2	1	16	2	
155	N2	1	16	2	
156	N2	1	16	2	
156	N2	1	16	2	
157	N2	1	21	2	
157	N2	1	21	2	
158	N2	1	23	2	
158	N2	1	23	2	
159	N2	1	23	2	
159	N2	1	23	2	
160	N2	1	23	2	
160	N2	1	23	2	
161	N2	1	25	2	
161	N2	1	25	2	
162	N2	1	25	2	
162	N2	1	25	2	
163	N2	1	18	3	
163	N2	1	18	3	
164	N2.Hypoxia	1	14	0	
164	N2.Hypoxia	1	14	0	
165	N2.Hypoxia	1	14	0	
165	N2.Hypoxia	1	14	0	
166	N2.Hypoxia	1	16	0	
166	N2.Hypoxia	1	16	0	
167	N2.Hypoxia	1	16	0	
167	N2.Hypoxia	1	16	0	
168	N2.Hypoxia	1	16	0	
168	N2.Hypoxia	1	16	0	
169	N2.Hypoxia	1	16	0	
169	N2.Hypoxia	1	16	0	
170	N2.Hypoxia	1	18	0	
170	N2.Hypoxia	1	18	0	
171	N2.Hypoxia	1	18	0	
171	N2.Hypoxia	1	18	0	
172	N2.Hypoxia	1	18	0	
172	N2.Hypoxia	1	18	0	
173	N2.Hypoxia	1	18	0	
173	N2.Hypoxia	1	18	0	
174	N2.Hypoxia	1	18	0	
174	N2.Hypoxia	1	18	0	
175	N2.Hypoxia	1	18	0	
175	N2.Hypoxia	1	18	0	
176	N2.Hypoxia	1	18	0	
176	N2.Hypoxia	1	18	0	
177	N2.Hypoxia	1	21	0	
177	N2.Hypoxia	1	21	0	
178	N2.Hypoxia	1	21	0	
178	N2.Hypoxia	1	21	0	
179	N2.Hypoxia	1	21	0	
179	N2.Hypoxia	1	21	0	
180	N2.Hypoxia	1	21	0	
180	N2.Hypoxia	1	21	0	
181	N2.Hypoxia	1	21	0	
181	N2.Hypoxia	1	21	0	
182	N2.Hypoxia	1	21	0	
182	N2.Hypoxia	1	21	0	
183	N2.Hypoxia	1	21	0	
183	N2.Hypoxia	1	21	0	
184	N2.Hypoxia	1	23	0	
184	N2.Hypoxia	1	23	0	
185	N2.Hypoxia	1	23	0	
185	N2.Hypoxia	1	23	0	
186	N2.Hypoxia	1	23	0	
186	N2.Hypoxia	1	23	0	
187	N2.Hypoxia	1	23	0	
187	N2.Hypoxia	1	23	0	
188	N2.Hypoxia	1	25	0	
188	N2.Hypoxia	1	25	0	
189	N2.Hypoxia	1	25	0	
189	N2.Hypoxia	1	25	0	
190	N2.Hypoxia	1	25	0	
190	N2.Hypoxia	1	25	0	
191	N2.Hypoxia	1	25	0	
191	N2.Hypoxia	1	25	0	
192	N2.Hypoxia	1	25	0	
192	N2.Hypoxia	1	25	0	
193	N2.Hypoxia	1	25	0	
193	N2.Hypoxia	1	25	0	
194	N2.Hypoxia	1	25	0	
194	N2.Hypoxia	1	25	0	
195	N2.Hypoxia	1	25	0	
195	N2.Hypoxia	1	25	0	
196	N2.Hypoxia	1	25	0	
196	N2.Hypoxia	1	25	0	
197	N2.Hypoxia	1	25	0	
197	N2.Hypoxia	1	25	0	
198	N2.Hypoxia	1	28	0	
198	N2.Hypoxia	1	28	0	
199	N2.Hypoxia	1	28	0	
199	N2.Hypoxia	1	28	0	
200	N2.Hypoxia	1	28	0	
200	N2.Hypoxia	1	28	0	
201	N2.Hypoxia	1	28	0	
201	N2.Hypoxia	1	28	0	
202	N2.Hypoxia	1	28	0	
202	N2.Hypoxia	1	28	0	
203	N2.Hypoxia	1	28	0	
203	N2.Hypoxia	1	28	0	
204	N2.Hypoxia	1	28	0	
204	N2.Hypoxia	1	28	0	
205	N2.Hypoxia	1	28	0	
205	N2.Hypoxia	1	28	0	
206	N2.Hypoxia	1	28	0	
206	N2.Hypoxia	1	28	0	
207	N2.Hypoxia	1	28	0	
207	N2.Hypoxia	1	28	0	
208	N2.Hypoxia	1	28	0	
208	N2.Hypoxia	1	28	0	
209	N2.Hypoxia	1	28	0	
209	N2.Hypoxia	1	28	0	
210	N2.Hypoxia	1	28	0	
210	N2.Hypoxia	1	28	0	
211	N2.Hypoxia	1	28	0	
211	N2.Hypoxia	1	28	0	
212	N2.Hypoxia	1	28	0	
212	N2.Hypoxia	1	28	0	
213	N2.Hypoxia	1	28	0	
213	N2.Hypoxia	1	28	0	
214	N2.Hypoxia	1	28	0	
214	N2.Hypoxia	1	28	0	
215	N2.Hypoxia	1	28	0	
215	N2.Hypoxia	1	28	0	
216	N2.Hypoxia	1	28	0	
216	N2.Hypoxia	1	28	0	
217	N2.Hypoxia	1	28	0	
217	N2.Hypoxia	1	28	0	
218	N2.Hypoxia	1	28	0	
218	N2.Hypoxia	1	28	0	
219	N2.Hypoxia	1	28	0	
219	N2.Hypoxia	1	28	0	
220	N2.Hypoxia	1	28	0	
220	N2.Hypoxia	1	28	0	
221	N2.Hypoxia	1	28	0	
221	N2.Hypoxia	1	28	0	
222	N2.Hypoxia	1	28	0	
222	N2.Hypoxia	1	28	0	
223	N2.Hypoxia	1	28	0	
223	N2.Hypoxia	1	28	0	
224	N2.Hypoxia	1	28	0	
224	N2.Hypoxia	1	28	0	
225	N2.Hypoxia	1	30	0	
225	N2.Hypoxia	1	30	0	
226	N2.Hypoxia	1	30	0	
226	N2.Hypoxia	1	30	0	
227	N2.Hypoxia	1	30	0	
227	N2.Hypoxia	1	30	0	
228	N2.Hypoxia	1	30	0	
228	N2.Hypoxia	1	30	0	
229	N2.Hypoxia	1	30	0	
229	N2.Hypoxia	1	30	0	
230	N2.Hypoxia	1	30	0	
230	N2.Hypoxia	1	30	0	
231	N2.Hypoxia	1	30	0	
231	N2.Hypoxia	1	30	0	
232	N2.Hypoxia	1	30	0	
232	N2.Hypoxia	1	30	0	
233	N2.Hypoxia	1	30	0	
233	N2.Hypoxia	1	30	0	
234	N2.Hypoxia	1	30	0	
234	N2.Hypoxia	1	30	0	
235	N2.Hypoxia	1	30	0	
235	N2.Hypoxia	1	30	0	
236	N2.Hypoxia	1	30	0	
236	N2.Hypoxia	1	30	0	
237	N2.Hypoxia	1	30	0	
237	N2.Hypoxia	1	30	0	
238	N2.Hypoxia	1	30	0	
238	N2.Hypoxia	1	30	0	
239	N2.Hypoxia	1	30	0	
239	N2.Hypoxia	1	30	0	
240	N2.Hypoxia	1	30	0	
240	N2.Hypoxia	1	30	0	
241	N2.Hypoxia	1	30	0	
241	N2.Hypoxia	1	30	0	
242	N2.Hypoxia	1	30	0	
242	N2.Hypoxia	1	30	0	
243	N2.Hypoxia	1	30	0	
243	N2.Hypoxia	1	30	0	
244	N2.Hypoxia	1	30	0	
244	N2.Hypoxia	1	30	0	
245	N2.Hypoxia	1	32	0	
245	N2.Hypoxia	1	32	0	
246	N2.Hypoxia	1	32	0	
246	N2.Hypoxia	1	32	0	
247	N2.Hypoxia	1	32	0	
247	N2.Hypoxia	1	32	0	
248	N2.Hypoxia	1	32	0	
248	N2.Hypoxia	1	32	0	
249	N2.Hypoxia	1	32	0	
249	N2.Hypoxia	1	32	0	
250	N2.Hypoxia	1	32	0	
250	N2.Hypoxia	1	32	0	
251	N2.Hypoxia	1	32	0	
251	N2.Hypoxia	1	32	0	
252	N2.Hypoxia	1	32	0	
252	N2.Hypoxia	1	32	0	
253	N2.Hypoxia	1	32	0	
253	N2.Hypoxia	1	32	0	
254	N2.Hypoxia	1	32	0	
254	N2.Hypoxia	1	32	0	
255	N2.Hypoxia	1	32	0	
255	N2.Hypoxia	1	32	0	
256	N2.Hypoxia	1	32	0	
256	N2.Hypoxia	1	32	0	
257	N2.Hypoxia	1	32	0	
257	N2.Hypoxia	1	32	0	
258	N2.Hypoxia	1	32	0	
258	N2.Hypoxia	1	32	0	
259	N2.Hypoxia	1	32	0	
259	N2.Hypoxia	1	32	0	
260	N2.Hypoxia	1	32	0	
260	N2.Hypoxia	1	32	0	
261	N2.Hypoxia	1	32	0	
261	N2.Hypoxia	1	32	0	
262	N2.Hypoxia	1	32	0	
262	N2.Hypoxia	1	32	0	
263	N2.Hypoxia	1	32	0	
263	N2.Hypoxia	1	32	0	
264	N2.Hypoxia	1	32	0	
264	N2.Hypoxia	1	32	0	
265	N2.Hypoxia	1	32	0	
265	N2.Hypoxia	1	32	0	
266	N2.Hypoxia	1	35	0	
266	N2.Hypoxia	1	35	0	
267	N2.Hypoxia	1	35	0	
267	N2.Hypoxia	1	35	0	
268	N2.Hypoxia	1	35	0	
268	N2.Hypoxia	1	35	0	
269	N2.Hypoxia	1	35	0	
269	N2.Hypoxia	1	35	0	
270	N2.Hypoxia	1	35	0	
270	N2.Hypoxia	1	35	0	
271	N2.Hypoxia	1	35	0	
271	N2.Hypoxia	1	35	0	
272	N2.Hypoxia	1	35	0	
272	N2.Hypoxia	1	35	0	
273	N2.Hypoxia	1	35	0	
273	N2.Hypoxia	1	35	0	
274	N2.Hypoxia	1	35	0	
274	N2.Hypoxia	1	35	0	
275	N2.Hypoxia	1	35	0	
275	N2.Hypoxia	1	35	0	
276	N2.Hypoxia	1	35	0	
276	N2.Hypoxia	1	35	0	
277	N2.Hypoxia	1	35	0	
277	N2.Hypoxia	1	35	0	
278	N2.Hypoxia	1	35	0	
278	N2.Hypoxia	1	35	0	
279	N2.Hypoxia	1	35	0	
279	N2.Hypoxia	1	35	0	
280	N2.Hypoxia	1	35	0	
280	N2.Hypoxia	1	35	0	
281	N2.Hypoxia	1	35	0	
281	N2.Hypoxia	1	35	0	
282	N2.Hypoxia	1	35	0	
282	N2.Hypoxia	1	35	0	
283	N2.Hypoxia	1	35	0	
283	N2.Hypoxia	1	35	0	
284	N2.Hypoxia	1	35	0	
284	N2.Hypoxia	1	35	0	
285	N2.Hypoxia	1	35	0	
285	N2.Hypoxia	1	35	0	
286	N2.Hypoxia	1	35	0	
286	N2.Hypoxia	1	35	0	
287	N2.Hypoxia	1	35	0	
287	N2.Hypoxia	1	35	0	
288	N2.Hypoxia	1	35	0	
288	N2.Hypoxia	1	35	0	
289	N2.Hypoxia	1	35	0	
289	N2.Hypoxia	1	35	0	
290	N2.Hypoxia	1	35	0	
290	N2.Hypoxia	1	35	0	
291	N2.Hypoxia	1	37	0	
291	N2.Hypoxia	1	37	0	
292	N2.Hypoxia	1	37	0	
292	N2.Hypoxia	1	37	0	
293	N2.Hypoxia	1	37	0	
293	N2.Hypoxia	1	37	0	
294	N2.Hypoxia	1	37	0	
294	N2.Hypoxia	1	37	0	
295	N2.Hypoxia	1	37	0	
295	N2.Hypoxia	1	37	0	
296	N2.Hypoxia	1	37	0	
296	N2.Hypoxia	1	37	0	
297	N2.Hypoxia	1	37	0	
297	N2.Hypoxia	1	37	0	
298	N2.Hypoxia	1	37	0	
298	N2.Hypoxia	1	37	0	
299	N2.Hypoxia	1	37	0	
299	N2.Hypoxia	1	37	0	
300	N2.Hypoxia	1	37	0	
300	N2.Hypoxia	1	37	0	
301	N2.Hypoxia	1	37	0	
301	N2.Hypoxia	1	37	0	
302	N2.Hypoxia	1	37	0	
302	N2.Hypoxia	1	37	0	
303	N2.Hypoxia	1	37	0	
303	N2.Hypoxia	1	37	0	
304	N2.Hypoxia	1	37	0	
304	N2.Hypoxia	1	37	0	
305	N2.Hypoxia	1	37	0	
305	N2.Hypoxia	1	37	0	
306	N2.Hypoxia	1	39	0	
306	N2.Hypoxia	1	39	0	
307	N2.Hypoxia	1	39	0	
307	N2.Hypoxia	1	39	0	
308	N2.Hypoxia	1	39	0	
308	N2.Hypoxia	1	39	0	
309	N2.Hypoxia	1	39	0	
309	N2.Hypoxia	1	39	0	
310	N2.Hypoxia	1	39	0	
310	N2.Hypoxia	1	39	0	
311	N2.Hypoxia	1	39	0	
311	N2.Hypoxia	1	39	0	
312	N2.Hypoxia	1	42	0	
312	N2.Hypoxia	1	42	0	
313	N2.Hypoxia	1	42	0	
313	N2.Hypoxia	1	42	0	
314	N2.Hypoxia	1	42	0	
314	N2.Hypoxia	1	42	0	
315	N2.Hypoxia	1	44	0	
315	N2.Hypoxia	1	44	0	
316	N2.Hypoxia	1	46	0	
316	N2.Hypoxia	1	46	0	
317	egl-9	1	16	0	
317	egl-9	1	16	0	
318	egl-9	1	16	0	
318	egl-9	1	16	0	
319	egl-9	1	18	0	
319	egl-9	1	18	0	
320	egl-9	1	18	0	
320	egl-9	1	18	0	
321	egl-9	1	23	0	
321	egl-9	1	23	0	
322	egl-9	1	23	0	
322	egl-9	1	23	0	
323	egl-9	1	23	0	
323	egl-9	1	23	0	
324	egl-9	1	23	0	
324	egl-9	1	23	0	
325	egl-9	1	23	0	
325	egl-9	1	23	0	
326	egl-9	1	23	0	
326	egl-9	1	23	0	
327	egl-9	1	23	0	
327	egl-9	1	23	0	
328	egl-9	1	23	0	
328	egl-9	1	23	0	
329	egl-9	1	28	0	
329	egl-9	1	28	0	
330	egl-9	1	28	0	
330	egl-9	1	28	0	
331	egl-9	1	28	0	
331	egl-9	1	28	0	
332	egl-9	1	28	0	
332	egl-9	1	28	0	
333	egl-9	1	28	0	
333	egl-9	1	28	0	
334	egl-9	1	28	0	
334	egl-9	1	28	0	
335	egl-9	1	28	0	
335	egl-9	1	28	0	
336	egl-9	1	28	0	
336	egl-9	1	28	0	
337	egl-9	1	28	0	
337	egl-9	1	28	0	
338	egl-9	1	28	0	
338	egl-9	1	28	0	
339	egl-9	1	28	0	
339	egl-9	1	28	0	
340	egl-9	1	28	0	
340	egl-9	1	28	0	
341	egl-9	1	28	0	
341	egl-9	1	28	0	
342	egl-9	1	28	0	
342	egl-9	1	28	0	
343	egl-9	1	30	0	
343	egl-9	1	30	0	
344	egl-9	1	30	0	
344	egl-9	1	30	0	
345	egl-9	1	30	0	
345	egl-9	1	30	0	
346	egl-9	1	30	0	
346	egl-9	1	30	0	
347	egl-9	1	30	0	
347	egl-9	1	30	0	
348	egl-9	1	30	0	
348	egl-9	1	30	0	
349	egl-9	1	30	0	
349	egl-9	1	30	0	
350	egl-9	1	30	0	
350	egl-9	1	30	0	
351	egl-9	1	30	0	
351	egl-9	1	30	0	
352	egl-9	1	30	0	
352	egl-9	1	30	0	
353	egl-9	1	30	0	
353	egl-9	1	30	0	
354	egl-9	1	30	0	
354	egl-9	1	30	0	
355	egl-9	1	30	0	
355	egl-9	1	30	0	
356	egl-9	1	30	0	
356	egl-9	1	30	0	
357	egl-9	1	30	0	
357	egl-9	1	30	0	
358	egl-9	1	30	0	
358	egl-9	1	30	0	
359	egl-9	1	30	0	
359	egl-9	1	30	0	
360	egl-9	1	30	0	
360	egl-9	1	30	0	
361	egl-9	1	30	0	
361	egl-9	1	30	0	
362	egl-9	1	30	0	
362	egl-9	1	30	0	
363	egl-9	1	30	0	
363	egl-9	1	30	0	
364	egl-9	1	30	0	
364	egl-9	1	30	0	
365	egl-9	1	30	0	
365	egl-9	1	30	0	
366	egl-9	1	30	0	
366	egl-9	1	30	0	
367	egl-9	1	32	0	
367	egl-9	1	32	0	
368	egl-9	1	32	0	
368	egl-9	1	32	0	
369	egl-9	1	32	0	
369	egl-9	1	32	0	
370	egl-9	1	32	0	
370	egl-9	1	32	0	
371	egl-9	1	32	0	
371	egl-9	1	32	0	
372	egl-9	1	32	0	
372	egl-9	1	32	0	
373	egl-9	1	32	0	
373	egl-9	1	32	0	
374	egl-9	1	32	0	
374	egl-9	1	32	0	
375	egl-9	1	32	0	
375	egl-9	1	32	0	
376	egl-9	1	32	0	
376	egl-9	1	32	0	
377	egl-9	1	32	0	
377	egl-9	1	32	0	
378	egl-9	1	32	0	
378	egl-9	1	32	0	
379	egl-9	1	32	0	
379	egl-9	1	32	0	
380	egl-9	1	35	0	
380	egl-9	1	35	0	
381	egl-9	1	35	0	
381	egl-9	1	35	0	
382	egl-9	1	35	0	
382	egl-9	1	35	0	
383	egl-9	1	35	0	
383	egl-9	1	35	0	
384	egl-9	1	35	0	
384	egl-9	1	35	0	
385	egl-9	1	35	0	
385	egl-9	1	35	0	
386	egl-9	1	35	0	
386	egl-9	1	35	0	
387	egl-9	1	35	0	
387	egl-9	1	35	0	
388	egl-9	1	35	0	
388	egl-9	1	35	0	
389	egl-9	1	35	0	
389	egl-9	1	35	0	
390	egl-9	1	35	0	
390	egl-9	1	35	0	
391	egl-9	1	35	0	
391	egl-9	1	35	0	
392	egl-9	1	35	0	
392	egl-9	1	35	0	
393	egl-9	1	35	0	
393	egl-9	1	35	0	
394	egl-9	1	35	0	
394	egl-9	1	35	0	
395	egl-9	1	35	0	
395	egl-9	1	35	0	
396	egl-9	1	37	0	
396	egl-9	1	37	0	
397	egl-9	1	37	0	
397	egl-9	1	37	0	
398	egl-9	1	37	0	
398	egl-9	1	37	0	
399	egl-9	1	37	0	
399	egl-9	1	37	0	
400	egl-9	1	42	0	
400	egl-9	1	42	0	
401	egl-9	2	18	0	
401	egl-9	2	18	0	
402	egl-9	2	23	0	
402	egl-9	2	23	0	
403	egl-9	2	23	0	
403	egl-9	2	23	0	
404	egl-9	2	23	0	
404	egl-9	2	23	0	
405	egl-9	2	23	0	
405	egl-9	2	23	0	
406	egl-9	2	23	0	
406	egl-9	2	23	0	
407	egl-9	2	23	0	
407	egl-9	2	23	0	
408	egl-9	2	23	0	
408	egl-9	2	23	0	
409	egl-9	2	23	0	
409	egl-9	2	23	0	
410	egl-9	2	25	0	
410	egl-9	2	25	0	
411	egl-9	2	25	0	
411	egl-9	2	25	0	
412	egl-9	2	25	0	
412	egl-9	2	25	0	
413	egl-9	2	25	0	
413	egl-9	2	25	0	
414	egl-9	2	25	0	
414	egl-9	2	25	0	
415	egl-9	2	28	0	
415	egl-9	2	28	0	
416	egl-9	2	28	0	
416	egl-9	2	28	0	
417	egl-9	2	28	0	
417	egl-9	2	28	0	
418	egl-9	2	28	0	
418	egl-9	2	28	0	
419	egl-9	2	28	0	
419	egl-9	2	28	0	
420	egl-9	2	28	0	
420	egl-9	2	28	0	
421	egl-9	2	28	0	
421	egl-9	2	28	0	
422	egl-9	2	28	0	
422	egl-9	2	28	0	
423	egl-9	2	30	0	
423	egl-9	2	30	0	
424	egl-9	2	30	0	
424	egl-9	2	30	0	
425	egl-9	2	30	0	
425	egl-9	2	30	0	
426	egl-9	2	30	0	
426	egl-9	2	30	0	
427	egl-9	2	30	0	
427	egl-9	2	30	0	
428	egl-9	2	30	0	
428	egl-9	2	30	0	
429	egl-9	2	30	0	
429	egl-9	2	30	0	
430	egl-9	2	30	0	
430	egl-9	2	30	0	
431	egl-9	2	30	0	
431	egl-9	2	30	0	
432	egl-9	2	30	0	
432	egl-9	2	30	0	
433	egl-9	2	30	0	
433	egl-9	2	30	0	
434	egl-9	2	30	0	
434	egl-9	2	30	0	
435	egl-9	2	32	0	
435	egl-9	2	32	0	
436	egl-9	2	32	0	
436	egl-9	2	32	0	
437	egl-9	2	32	0	
437	egl-9	2	32	0	
438	egl-9	2	32	0	
438	egl-9	2	32	0	
439	egl-9	2	32	0	
439	egl-9	2	32	0	
440	egl-9	2	32	0	
440	egl-9	2	32	0	
441	egl-9	2	32	0	
441	egl-9	2	32	0	
442	egl-9	2	32	0	
442	egl-9	2	32	0	
443	egl-9	2	32	0	
443	egl-9	2	32	0	
444	egl-9	2	32	0	
444	egl-9	2	32	0	
445	egl-9	2	32	0	
445	egl-9	2	32	0	
446	egl-9	2	32	0	
446	egl-9	2	32	0	
447	egl-9	2	32	0	
447	egl-9	2	32	0	
448	egl-9	2	32	0	
448	egl-9	2	32	0	
449	egl-9	2	32	0	
449	egl-9	2	32	0	
450	egl-9	2	32	0	
450	egl-9	2	32	0	
451	egl-9	2	35	0	
451	egl-9	2	35	0	
452	egl-9	2	35	0	
452	egl-9	2	35	0	
453	egl-9	2	35	0	
453	egl-9	2	35	0	
454	egl-9	2	35	0	
454	egl-9	2	35	0	
455	egl-9	2	35	0	
455	egl-9	2	35	0	
456	egl-9	2	35	0	
456	egl-9	2	35	0	
457	egl-9	2	35	0	
457	egl-9	2	35	0	
458	egl-9	2	35	0	
458	egl-9	2	35	0	
459	egl-9	2	35	0	
459	egl-9	2	35	0	
460	egl-9	2	35	0	
460	egl-9	2	35	0	
461	egl-9	2	35	0	
461	egl-9	2	35	0	
462	egl-9	2	35	0	
462	egl-9	2	35	0	
463	egl-9	2	35	0	
463	egl-9	2	35	0	
464	egl-9	2	35	0	
464	egl-9	2	35	0	
465	egl-9	2	35	0	
465	egl-9	2	35	0	
466	egl-9	2	35	0	
466	egl-9	2	35	0	
467	egl-9	2	35	0	
467	egl-9	2	35	0	
468	egl-9	2	35	0	
468	egl-9	2	35	0	
469	egl-9	2	35	0	
469	egl-9	2	35	0	
470	egl-9	2	35	0	
470	egl-9	2	35	0	
471	egl-9	2	35	0	
471	egl-9	2	35	0	
472	egl-9	2	37	0	
472	egl-9	2	37	0	
473	egl-9	2	37	0	
473	egl-9	2	37	0	
474	egl-9	2	37	0	
474	egl-9	2	37	0	
475	egl-9	2	37	0	
475	egl-9	2	37	0	
476	egl-9	2	37	0	
476	egl-9	2	37	0	
477	egl-9	2	37	0	
477	egl-9	2	37	0	
478	egl-9	2	37	0	
478	egl-9	2	37	0	
479	egl-9	2	37	0	
479	egl-9	2	37	0	
480	egl-9	2	39	0	
480	egl-9	2	39	0	
481	egl-9	2	39	0	
481	egl-9	2	39	0	
482	egl-9	2	42	0	
482	egl-9	2	42	0	
483	egl-9(n571)	1	16	0	
483	egl-9(n571)	1	16	0	
484	egl-9(n571)	1	18	0	
484	egl-9(n571)	1	18	0	
485	egl-9(n571)	1	21	0	
485	egl-9(n571)	1	21	0	
486	egl-9(n571)	1	21	0	
486	egl-9(n571)	1	21	0	
487	egl-9(n571)	1	21	0	
487	egl-9(n571)	1	21	0	
488	egl-9(n571)	1	21	0	
488	egl-9(n571)	1	21	0	
489	egl-9(n571)	1	23	0	
489	egl-9(n571)	1	23	0	
490	egl-9(n571)	1	23	0	
490	egl-9(n571)	1	23	0	
491	egl-9(n571)	1	23	0	
491	egl-9(n571)	1	23	0	
492	egl-9(n571)	1	23	0	
492	egl-9(n571)	1	23	0	
493	egl-9(n571)	1	23	0	
493	egl-9(n571)	1	23	0	
494	egl-9(n571)	1	23	0	
494	egl-9(n571)	1	23	0	
495	egl-9(n571)	1	23	0	
495	egl-9(n571)	1	23	0	
496	egl-9(n571)	1	23	0	
496	egl-9(n571)	1	23	0	
497	egl-9(n571)	1	25	0	
497	egl-9(n571)	1	25	0	
498	egl-9(n571)	1	25	0	
498	egl-9(n571)	1	25	0	
499	egl-9(n571)	1	25	0	
499	egl-9(n571)	1	25	0	
500	egl-9(n571)	1	25	0	
500	egl-9(n571)	1	25	0	
501	egl-9(n571)	1	25	0	
501	egl-9(n571)	1	25	0	
502	egl-9(n571)	1	25	0	
502	egl-9(n571)	1	25	0	
503	egl-9(n571)	1	28	0	
503	egl-9(n571)	1	28	0	
504	egl-9(n571)	1	28	0	
504	egl-9(n571)	1	28	0	
505	egl-9(n571)	1	28	0	
505	egl-9(n571)	1	28	0	
506	egl-9(n571)	1	28	0	
506	egl-9(n571)	1	28	0	
507	egl-9(n571)	1	28	0	
507	egl-9(n571)	1	28	0	
508	egl-9(n571)	1	28	0	
508	egl-9(n571)	1	28	0	
509	egl-9(n571)	1	28	0	
509	egl-9(n571)	1	28	0	
510	egl-9(n571)	1	28	0	
510	egl-9(n571)	1	28	0	
511	egl-9(n571)	1	28	0	
511	egl-9(n571)	1	28	0	
512	egl-9(n571)	1	28	0	
512	egl-9(n571)	1	28	0	
513	egl-9(n571)	1	28	0	
513	egl-9(n571)	1	28	0	
514	egl-9(n571)	1	28	0	
514	egl-9(n571)	1	28	0	
515	egl-9(n571)	1	28	0	
515	egl-9(n571)	1	28	0	
516	egl-9(n571)	1	28	0	
516	egl-9(n571)	1	28	0	
517	egl-9(n571)	1	28	0	
517	egl-9(n571)	1	28	0	
518	egl-9(n571)	1	30	0	
518	egl-9(n571)	1	30	0	
519	egl-9(n571)	1	30	0	
519	egl-9(n571)	1	30	0	
520	egl-9(n571)	1	30	0	
520	egl-9(n571)	1	30	0	
521	egl-9(n571)	1	30	0	
521	egl-9(n571)	1	30	0	
522	egl-9(n571)	1	30	0	
522	egl-9(n571)	1	30	0	
523	egl-9(n571)	1	30	0	
523	egl-9(n571)	1	30	0	
524	egl-9(n571)	1	30	0	
524	egl-9(n571)	1	30	0	
525	egl-9(n571)	1	30	0	
525	egl-9(n571)	1	30	0	
526	egl-9(n571)	1	30	0	
526	egl-9(n571)	1	30	0	
527	egl-9(n571)	1	30	0	
527	egl-9(n571)	1	30	0	
528	egl-9(n571)	1	30	0	
528	egl-9(n571)	1	30	0	
529	egl-9(n571)	1	30	0	
529	egl-9(n571)	1	30	0	
530	egl-9(n571)	1	30	0	
530	egl-9(n571)	1	30	0	
531	egl-9(n571)	1	30	0	
531	egl-9(n571)	1	30	0	
532	egl-9(n571)	1	30	0	
532	egl-9(n571)	1	30	0	
533	egl-9(n571)	1	30	0	
533	egl-9(n571)	1	30	0	
534	egl-9(n571)	1	30	0	
534	egl-9(n571)	1	30	0	
535	egl-9(n571)	1	30	0	
535	egl-9(n571)	1	30	0	
536	egl-9(n571)	1	30	0	
536	egl-9(n571)	1	30	0	
537	egl-9(n571)	1	30	0	
537	egl-9(n571)	1	30	0	
538	egl-9(n571)	1	30	0	
538	egl-9(n571)	1	30	0	
539	egl-9(n571)	1	30	0	
539	egl-9(n571)	1	30	0	
540	egl-9(n571)	1	30	0	
540	egl-9(n571)	1	30	0	
541	egl-9(n571)	1	30	0	
541	egl-9(n571)	1	30	0	
542	egl-9(n571)	1	30	0	
542	egl-9(n571)	1	30	0	
543	egl-9(n571)	1	30	0	
543	egl-9(n571)	1	30	0	
544	egl-9(n571)	1	30	0	
544	egl-9(n571)	1	30	0	
545	egl-9(n571)	1	30	0	
545	egl-9(n571)	1	30	0	
546	egl-9(n571)	1	30	0	
546	egl-9(n571)	1	30	0	
547	egl-9(n571)	1	32	0	
547	egl-9(n571)	1	32	0	
548	egl-9(n571)	1	32	0	
548	egl-9(n571)	1	32	0	
549	egl-9(n571)	1	32	0	
549	egl-9(n571)	1	32	0	
550	egl-9(n571)	1	32	0	
550	egl-9(n571)	1	32	0	
551	egl-9(n571)	1	32	0	
551	egl-9(n571)	1	32	0	
552	egl-9(n571)	1	32	0	
552	egl-9(n571)	1	32	0	
553	egl-9(n571)	1	32	0	
553	egl-9(n571)	1	32	0	
554	egl-9(n571)	1	32	0	
554	egl-9(n571)	1	32	0	
555	egl-9(n571)	1	32	0	
555	egl-9(n571)	1	32	0	
556	egl-9(n571)	1	32	0	
556	egl-9(n571)	1	32	0	
557	egl-9(n571)	1	32	0	
557	egl-9(n571)	1	32	0	
558	egl-9(n571)	1	32	0	
558	egl-9(n571)	1	32	0	
559	egl-9(n571)	1	32	0	
559	egl-9(n571)	1	32	0	
560	egl-9(n571)	1	32	0	
560	egl-9(n571)	1	32	0	
561	egl-9(n571)	1	32	0	
561	egl-9(n571)	1	32	0	
562	egl-9(n571)	1	32	0	
562	egl-9(n571)	1	32	0	
563	egl-9(n571)	1	35	0	
563	egl-9(n571)	1	35	0	
564	egl-9(n571)	1	35	0	
564	egl-9(n571)	1	35	0	
565	egl-9(n571)	1	35	0	
565	egl-9(n571)	1	35	0	
566	egl-9(n571)	1	35	0	
566	egl-9(n571)	1	35	0	
567	egl-9(n571)	1	35	0	
567	egl-9(n571)	1	35	0	
568	egl-9(n571)	1	35	0	
568	egl-9(n571)	1	35	0	
569	egl-9(n571)	1	35	0	
569	egl-9(n571)	1	35	0	
570	egl-9(n571)	1	35	0	
570	egl-9(n571)	1	35	0	
571	egl-9(n571)	1	35	0	
571	egl-9(n571)	1	35	0	
572	egl-9(n571)	1	35	0	
572	egl-9(n571)	1	35	0	
573	egl-9(n571)	1	35	0	
573	egl-9(n571)	1	35	0	
574	egl-9(n571)	1	35	0	
574	egl-9(n571)	1	35	0	
575	egl-9(n571)	1	35	0	
575	egl-9(n571)	1	35	0	
576	egl-9(n571)	1	35	0	
576	egl-9(n571)	1	35	0	
577	egl-9(n571)	1	35	0	
577	egl-9(n571)	1	35	0	
578	egl-9(n571)	1	35	0	
578	egl-9(n571)	1	35	0	
579	egl-9(n571)	1	37	0	
579	egl-9(n571)	1	37	0	
580	egl-9(n571)	1	37	0	
580	egl-9(n571)	1	37	0	
581	egl-9(n571)	1	37	0	
581	egl-9(n571)	1	37	0	
582	egl-9(n571)	1	37	0	
582	egl-9(n571)	1	37	0	
583	egl-9(n571)	1	37	0	
583	egl-9(n571)	1	37	0	
584	egl-9(n571)	1	37	0	
584	egl-9(n571)	1	37	0	
585	egl-9(n571)	1	39	0	
585	egl-9(n571)	1	39	0	
586	egl-9(n571)	1	39	0	
586	egl-9(n571)	1	39	0	
587	egl-9(n571)	1	39	0	
587	egl-9(n571)	1	39	0	
588	egl-9(n571)	1	42	0	
588	egl-9(n571)	1	42	0	
589	egl-9(n571)	1	42	0	
589	egl-9(n571)	1	42	0	
590	egl-9(n571)	1	21	2	
590	egl-9(n571)	1	21	2	
591	egl-9(n571)	2	16	0	
591	egl-9(n571)	2	16	0	
592	egl-9(n571)	2	16	0	
592	egl-9(n571)	2	16	0	
593	egl-9(n571)	2	16	0	
593	egl-9(n571)	2	16	0	
594	egl-9(n571)	2	18	0	
594	egl-9(n571)	2	18	0	
595	egl-9(n571)	2	18	0	
595	egl-9(n571)	2	18	0	
596	egl-9(n571)	2	21	0	
596	egl-9(n571)	2	21	0	
597	egl-9(n571)	2	21	0	
597	egl-9(n571)	2	21	0	
598	egl-9(n571)	2	23	0	
598	egl-9(n571)	2	23	0	
599	egl-9(n571)	2	23	0	
599	egl-9(n571)	2	23	0	
600	egl-9(n571)	2	23	0	
600	egl-9(n571)	2	23	0	
601	egl-9(n571)	2	23	0	
601	egl-9(n571)	2	23	0	
602	egl-9(n571)	2	23	0	
602	egl-9(n571)	2	23	0	
603	egl-9(n571)	2	23	0	
603	egl-9(n571)	2	23	0	
604	egl-9(n571)	2	23	0	
604	egl-9(n571)	2	23	0	
605	egl-9(n571)	2	25	0	
605	egl-9(n571)	2	25	0	
606	egl-9(n571)	2	25	0	
606	egl-9(n571)	2	25	0	
607	egl-9(n571)	2	25	0	
607	egl-9(n571)	2	25	0	
608	egl-9(n571)	2	25	0	
608	egl-9(n571)	2	25	0	
609	egl-9(n571)	2	25	0	
609	egl-9(n571)	2	25	0	
610	egl-9(n571)	2	25	0	
610	egl-9(n571)	2	25	0	
611	egl-9(n571)	2	25	0	
611	egl-9(n571)	2	25	0	
612	egl-9(n571)	2	25	0	
612	egl-9(n571)	2	25	0	
613	egl-9(n571)	2	25	0	
613	egl-9(n571)	2	25	0	
614	egl-9(n571)	2	28	0	
614	egl-9(n571)	2	28	0	
615	egl-9(n571)	2	28	0	
615	egl-9(n571)	2	28	0	
616	egl-9(n571)	2	28	0	
616	egl-9(n571)	2	28	0	
617	egl-9(n571)	2	28	0	
617	egl-9(n571)	2	28	0	
618	egl-9(n571)	2	28	0	
618	egl-9(n571)	2	28	0	
619	egl-9(n571)	2	28	0	
619	egl-9(n571)	2	28	0	
620	egl-9(n571)	2	28	0	
620	egl-9(n571)	2	28	0	
621	egl-9(n571)	2	28	0	
621	egl-9(n571)	2	28	0	
622	egl-9(n571)	2	28	0	
622	egl-9(n571)	2	28	0	
623	egl-9(n571)	2	28	0	
623	egl-9(n571)	2	28	0	
624	egl-9(n571)	2	28	0	
624	egl-9(n571)	2	28	0	
625	egl-9(n571)	2	28	0	
625	egl-9(n571)	2	28	0	
626	egl-9(n571)	2	28	0	
626	egl-9(n571)	2	28	0	
627	egl-9(n571)	2	28	0	
627	egl-9(n571)	2	28	0	
628	egl-9(n571)	2	28	0	
628	egl-9(n571)	2	28	0	
629	egl-9(n571)	2	28	0	
629	egl-9(n571)	2	28	0	
630	egl-9(n571)	2	28	0	
630	egl-9(n571)	2	28	0	
631	egl-9(n571)	2	28	0	
631	egl-9(n571)	2	28	0	
632	egl-9(n571)	2	28	0	
632	egl-9(n571)	2	28	0	
633	egl-9(n571)	2	28	0	
633	egl-9(n571)	2	28	0	
634	egl-9(n571)	2	28	0	
634	egl-9(n571)	2	28	0	
635	egl-9(n571)	2	28	0	
635	egl-9(n571)	2	28	0	
636	egl-9(n571)	2	28	0	
636	egl-9(n571)	2	28	0	
637	egl-9(n571)	2	28	0	
637	egl-9(n571)	2	28	0	
638	egl-9(n571)	2	28	0	
638	egl-9(n571)	2	28	0	
639	egl-9(n571)	2	28	0	
639	egl-9(n571)	2	28	0	
640	egl-9(n571)	2	28	0	
640	egl-9(n571)	2	28	0	
641	egl-9(n571)	2	28	0	
641	egl-9(n571)	2	28	0	
642	egl-9(n571)	2	28	0	
642	egl-9(n571)	2	28	0	
643	egl-9(n571)	2	28	0	
643	egl-9(n571)	2	28	0	
644	egl-9(n571)	2	28	0	
644	egl-9(n571)	2	28	0	
645	egl-9(n571)	2	28	0	
645	egl-9(n571)	2	28	0	
646	egl-9(n571)	2	30	0	
646	egl-9(n571)	2	30	0	
647	egl-9(n571)	2	30	0	
647	egl-9(n571)	2	30	0	
648	egl-9(n571)	2	30	0	
648	egl-9(n571)	2	30	0	
649	egl-9(n571)	2	30	0	
649	egl-9(n571)	2	30	0	
650	egl-9(n571)	2	30	0	
650	egl-9(n571)	2	30	0	
651	egl-9(n571)	2	30	0	
651	egl-9(n571)	2	30	0	
652	egl-9(n571)	2	30	0	
652	egl-9(n571)	2	30	0	
653	egl-9(n571)	2	30	0	
653	egl-9(n571)	2	30	0	
654	egl-9(n571)	2	30	0	
654	egl-9(n571)	2	30	0	
655	egl-9(n571)	2	30	0	
655	egl-9(n571)	2	30	0	
656	egl-9(n571)	2	30	0	
656	egl-9(n571)	2	30	0	
657	egl-9(n571)	2	30	0	
657	egl-9(n571)	2	30	0	
658	egl-9(n571)	2	30	0	
658	egl-9(n571)	2	30	0	
659	egl-9(n571)	2	30	0	
659	egl-9(n571)	2	30	0	
660	egl-9(n571)	2	30	0	
660	egl-9(n571)	2	30	0	
661	egl-9(n571)	2	30	0	
661	egl-9(n571)	2	30	0	
662	egl-9(n571)	2	30	0	
662	egl-9(n571)	2	30	0	
663	egl-9(n571)	2	32	0	
663	egl-9(n571)	2	32	0	
664	egl-9(n571)	2	32	0	
664	egl-9(n571)	2	32	0	
665	egl-9(n571)	2	32	0	
665	egl-9(n571)	2	32	0	
666	egl-9(n571)	2	32	0	
666	egl-9(n571)	2	32	0	
667	egl-9(n571)	2	32	0	
667	egl-9(n571)	2	32	0	
668	egl-9(n571)	2	32	0	
668	egl-9(n571)	2	32	0	
669	egl-9(n571)	2	32	0	
669	egl-9(n571)	2	32	0	
670	egl-9(n571)	2	32	0	
670	egl-9(n571)	2	32	0	
671	egl-9(n571)	2	32	0	
671	egl-9(n571)	2	32	0	
672	egl-9(n571)	2	32	0	
672	egl-9(n571)	2	32	0	
673	egl-9(n571)	2	32	0	
673	egl-9(n571)	2	32	0	
674	egl-9(n571)	2	32	0	
674	egl-9(n571)	2	32	0	
675	egl-9(n571)	2	32	0	
675	egl-9(n571)	2	32	0	
676	egl-9(n571)	2	32	0	
676	egl-9(n571)	2	32	0	
677	egl-9(n571)	2	32	0	
677	egl-9(n571)	2	32	0	
678	egl-9(n571)	2	35	0	
678	egl-9(n571)	2	35	0	
679	egl-9(n571)	2	35	0	
679	egl-9(n571)	2	35	0	
680	egl-9(n571)	2	35	0	
680	egl-9(n571)	2	35	0	
681	egl-9(n571)	2	35	0	
681	egl-9(n571)	2	35	0	
682	egl-9(n571)	2	35	0	
682	egl-9(n571)	2	35	0	
683	egl-9(n571)	2	37	0	
683	egl-9(n571)	2	37	0	
684	daf-2	1	17	0	
684	daf-2	1	17	0	
685	daf-2	1	20	0	
685	daf-2	1	20	0	
686	daf-2	1	20	0	
686	daf-2	1	20	0	
687	daf-2	1	22	0	
687	daf-2	1	22	0	
688	daf-2	1	22	0	
688	daf-2	1	22	0	
689	daf-2	1	22	0	
689	daf-2	1	22	0	
690	daf-2	1	24	0	
690	daf-2	1	24	0	
691	daf-2	1	24	0	
691	daf-2	1	24	0	
692	daf-2	1	27	0	
692	daf-2	1	27	0	
693	daf-2	1	27	0	
693	daf-2	1	27	0	
694	daf-2	1	29	0	
694	daf-2	1	29	0	
695	daf-2	1	34	0	
695	daf-2	1	34	0	
696	daf-2	1	34	0	
696	daf-2	1	34	0	
697	daf-2	1	34	0	
697	daf-2	1	34	0	
698	daf-2	1	34	0	
698	daf-2	1	34	0	
699	daf-2	1	36	0	
699	daf-2	1	36	0	
700	daf-2	1	38	0	
700	daf-2	1	38	0	
701	daf-2	1	41	0	
701	daf-2	1	41	0	
702	daf-2	1	41	0	
702	daf-2	1	41	0	
703	daf-2	1	41	0	
703	daf-2	1	41	0	
704	daf-2	1	45	0	
704	daf-2	1	45	0	
705	daf-2	1	45	0	
705	daf-2	1	45	0	
706	daf-2	1	45	0	
706	daf-2	1	45	0	
707	daf-2	1	45	0	
707	daf-2	1	45	0	
708	daf-2	1	48	0	
708	daf-2	1	48	0	
709	daf-2	1	48	0	
709	daf-2	1	48	0	
710	daf-2	1	48	0	
710	daf-2	1	48	0	
711	daf-2	1	50	0	
711	daf-2	1	50	0	
712	daf-2	1	50	0	
712	daf-2	1	50	0	
713	daf-2	1	50	0	
713	daf-2	1	50	0	
714	daf-2	1	50	0	
714	daf-2	1	50	0	
715	daf-2	1	52	0	
715	daf-2	1	52	0	
716	daf-2	1	52	0	
716	daf-2	1	52	0	
717	daf-2	1	52	0	
717	daf-2	1	52	0	
718	daf-2	1	52	0	
718	daf-2	1	52	0	
719	daf-2	1	52	0	
719	daf-2	1	52	0	
720	daf-2	1	52	0	
720	daf-2	1	52	0	
721	daf-2	1	52	0	
721	daf-2	1	52	0	
722	daf-2	1	52	0	
722	daf-2	1	52	0	
723	daf-2	1	52	0	
723	daf-2	1	52	0	
724	daf-2	1	55	0	
724	daf-2	1	55	0	
725	daf-2	1	55	0	
725	daf-2	1	55	0	
726	daf-2	1	55	0	
726	daf-2	1	55	0	
727	daf-2	1	55	0	
727	daf-2	1	55	0	
728	daf-2	1	55	0	
728	daf-2	1	55	0	
729	daf-2	1	55	0	
729	daf-2	1	55	0	
730	daf-2	1	55	0	
730	daf-2	1	55	0	
731	daf-2	1	55	0	
731	daf-2	1	55	0	
732	daf-2	1	55	0	
732	daf-2	1	55	0	
733	daf-2	1	57	0	
733	daf-2	1	57	0	
734	daf-2	1	57	0	
734	daf-2	1	57	0	
735	daf-2	1	57	0	
735	daf-2	1	57	0	
736	daf-2	1	57	0	
736	daf-2	1	57	0	
737	daf-2	1	57	0	
737	daf-2	1	57	0	
738	daf-2	1	57	0	
738	daf-2	1	57	0	
739	daf-2	1	57	0	
739	daf-2	1	57	0	
740	daf-2	1	57	0	
740	daf-2	1	57	0	
741	daf-2	1	57	0	
741	daf-2	1	57	0	
742	daf-2	1	57	0	
742	daf-2	1	57	0	
743	daf-2	1	59	0	
743	daf-2	1	59	0	
744	daf-2	1	59	0	
744	daf-2	1	59	0	
745	daf-2	1	59	0	
745	daf-2	1	59	0	
746	daf-2	1	59	0	
746	daf-2	1	59	0	
747	daf-2	1	59	0	
747	daf-2	1	59	0	
