strain	replicate	age.at.death	rupture	
strain	replicate	age.at.death	rupture	
1	N2	1	22	0
1	N2	1	22	0
2	N2	1	22	0
2	N2	1	22	0
3	N2	1	24	0
3	N2	1	24	0
4	N2	1	24	0
4	N2	1	24	0
5	N2	1	24	0
5	N2	1	24	0
6	N2	1	27	0
6	N2	1	27	0
7	N2	1	27	0
7	N2	1	27	0
8	N2	1	27	0
8	N2	1	27	0
9	N2	1	27	0
9	N2	1	27	0
10	N2	1	27	0
10	N2	1	27	0
11	N2	1	27	0
11	N2	1	27	0
12	N2	1	27	0
12	N2	1	27	0
13	N2	1	27	0
13	N2	1	27	0
14	N2	1	27	0
14	N2	1	27	0
15	N2	1	27	0
15	N2	1	27	0
16	N2	1	27	0
16	N2	1	27	0
17	N2	1	27	0
17	N2	1	27	0
18	N2	1	27	0
18	N2	1	27	0
19	N2	1	27	0
19	N2	1	27	0
20	N2	1	27	0
20	N2	1	27	0
21	N2	1	27	0
21	N2	1	27	0
22	N2	1	27	0
22	N2	1	27	0
23	N2	1	27	0
23	N2	1	27	0
24	N2	1	27	0
24	N2	1	27	0
25	N2	1	29	0
25	N2	1	29	0
26	N2	1	29	0
26	N2	1	29	0
27	N2	1	29	0
27	N2	1	29	0
28	N2	1	29	0
28	N2	1	29	0
29	N2	1	29	0
29	N2	1	29	0
30	N2	1	29	0
30	N2	1	29	0
31	N2	1	29	0
31	N2	1	29	0
32	N2	1	29	0
32	N2	1	29	0
33	N2	1	29	0
33	N2	1	29	0
34	N2	1	29	0
34	N2	1	29	0
35	N2	1	29	0
35	N2	1	29	0
36	N2	1	29	0
36	N2	1	29	0
37	N2	1	29	0
37	N2	1	29	0
38	N2	1	29	0
38	N2	1	29	0
39	N2	1	29	0
39	N2	1	29	0
40	N2	1	29	0
40	N2	1	29	0
41	N2	1	29	0
41	N2	1	29	0
42	N2	1	31	0
42	N2	1	31	0
43	N2	1	31	0
43	N2	1	31	0
44	N2	1	31	0
44	N2	1	31	0
45	N2	1	31	0
45	N2	1	31	0
46	N2	1	31	0
46	N2	1	31	0
47	N2	1	31	0
47	N2	1	31	0
48	N2	1	34	0
48	N2	1	34	0
49	N2	1	34	0
49	N2	1	34	0
50	N2	1	34	0
50	N2	1	34	0
51	N2	1	34	0
51	N2	1	34	0
52	N2	1	36	0
52	N2	1	36	0
53	N2	1	36	0
53	N2	1	36	0
54	N2	1	36	0
54	N2	1	36	0
55	N2	1	36	0
55	N2	1	36	0
56	N2	1	22	1
56	N2	1	22	1
57	N2	1	22	1
57	N2	1	22	1
58	N2	1	17	2
58	N2	1	17	2
59	N2	1	20	2
59	N2	1	20	2
60	N2	1	20	2
60	N2	1	20	2
61	N2	1	22	2
61	N2	1	22	2
62	N2	1	22	2
62	N2	1	22	2
63	N2	1	22	2
63	N2	1	22	2
64	N2	1	24	2
64	N2	1	24	2
65	N2	1	24	2
65	N2	1	24	2
66	N2	1	24	2
66	N2	1	24	2
67	N2	1	24	2
67	N2	1	24	2
68	N2	1	27	2
68	N2	1	27	2
69	N2	1	27	2
69	N2	1	27	2
70	N2	1	29	2
70	N2	1	29	2
71	N2	1	29	2
71	N2	1	29	2
72	N2	1	13	3
72	N2	1	13	3
73	N2	1	17	3
73	N2	1	17	3
74	N2	1	17	3
74	N2	1	17	3
75	N2	1	20	3
75	N2	1	20	3
76	N2	1	20	3
76	N2	1	20	3
77	N2	1	20	3
77	N2	1	20	3
78	N2	1	20	3
78	N2	1	20	3
79	N2	1	20	3
79	N2	1	20	3
80	N2	1	22	3
80	N2	1	22	3
81	N2	1	27	3
81	N2	1	27	3
82	N2	2	17	0
82	N2	2	17	0
83	N2	2	24	0
83	N2	2	24	0
84	N2	2	24	0
84	N2	2	24	0
85	N2	2	24	0
85	N2	2	24	0
86	N2	2	24	0
86	N2	2	24	0
87	N2	2	24	0
87	N2	2	24	0
88	N2	2	24	0
88	N2	2	24	0
89	N2	2	27	0
89	N2	2	27	0
90	N2	2	27	0
90	N2	2	27	0
91	N2	2	27	0
91	N2	2	27	0
92	N2	2	27	0
92	N2	2	27	0
93	N2	2	29	0
93	N2	2	29	0
94	N2	2	29	0
94	N2	2	29	0
95	N2	2	29	0
95	N2	2	29	0
96	N2	2	29	0
96	N2	2	29	0
97	N2	2	29	0
97	N2	2	29	0
98	N2	2	29	0
98	N2	2	29	0
99	N2	2	29	0
99	N2	2	29	0
100	N2	2	29	0
100	N2	2	29	0
101	N2	2	29	0
101	N2	2	29	0
102	N2	2	29	0
102	N2	2	29	0
103	N2	2	29	0
103	N2	2	29	0
104	N2	2	29	0
104	N2	2	29	0
105	N2	2	29	0
105	N2	2	29	0
106	N2	2	29	0
106	N2	2	29	0
107	N2	2	29	0
107	N2	2	29	0
108	N2	2	29	0
108	N2	2	29	0
109	N2	2	29	0
109	N2	2	29	0
110	N2	2	29	0
110	N2	2	29	0
111	N2	2	29	0
111	N2	2	29	0
112	N2	2	31	0
112	N2	2	31	0
113	N2	2	31	0
113	N2	2	31	0
114	N2	2	31	0
114	N2	2	31	0
115	N2	2	31	0
115	N2	2	31	0
116	N2	2	31	0
116	N2	2	31	0
117	N2	2	31	0
117	N2	2	31	0
118	N2	2	31	0
118	N2	2	31	0
119	N2	2	31	0
119	N2	2	31	0
120	N2	2	31	0
120	N2	2	31	0
121	N2	2	31	0
121	N2	2	31	0
122	N2	2	31	0
122	N2	2	31	0
123	N2	2	31	0
123	N2	2	31	0
124	N2	2	31	0
124	N2	2	31	0
125	N2	2	31	0
125	N2	2	31	0
126	N2	2	31	0
126	N2	2	31	0
127	N2	2	31	0
127	N2	2	31	0
128	N2	2	31	0
128	N2	2	31	0
129	N2	2	31	0
129	N2	2	31	0
130	N2	2	34	0
130	N2	2	34	0
131	N2	2	34	0
131	N2	2	34	0
132	N2	2	34	0
132	N2	2	34	0
133	N2	2	34	0
133	N2	2	34	0
134	N2	2	34	0
134	N2	2	34	0
135	N2	2	34	0
135	N2	2	34	0
136	N2	2	34	0
136	N2	2	34	0
137	N2	2	34	0
137	N2	2	34	0
138	N2	2	34	0
138	N2	2	34	0
139	N2	2	34	0
139	N2	2	34	0
140	N2	2	34	0
140	N2	2	34	0
141	N2	2	34	0
141	N2	2	34	0
142	N2	2	36	0
142	N2	2	36	0
143	N2	2	36	0
143	N2	2	36	0
144	N2	2	36	0
144	N2	2	36	0
145	N2	2	36	0
145	N2	2	36	0
146	N2	2	36	0
146	N2	2	36	0
147	N2	2	36	0
147	N2	2	36	0
148	N2	2	36	0
148	N2	2	36	0
149	N2	2	39	0
149	N2	2	39	0
150	N2	2	39	0
150	N2	2	39	0
151	N2	2	39	0
151	N2	2	39	0
152	N2	2	20	1
152	N2	2	20	1
153	N2	2	17	2
153	N2	2	17	2
154	N2	2	20	2
154	N2	2	20	2
155	N2	2	22	2
155	N2	2	22	2
156	N2	2	24	2
156	N2	2	24	2
157	N2	2	27	2
157	N2	2	27	2
158	N2	2	27	2
158	N2	2	27	2
159	N2	2	29	2
159	N2	2	29	2
160	N2	2	15	3
160	N2	2	15	3
161	N2	2	22	3
161	N2	2	22	3
162	N2.Hypoxia	1	24	0
162	N2.Hypoxia	1	24	0
163	N2.Hypoxia	1	24	0
163	N2.Hypoxia	1	24	0
164	N2.Hypoxia	1	24	0
164	N2.Hypoxia	1	24	0
165	N2.Hypoxia	1	24	0
165	N2.Hypoxia	1	24	0
166	N2.Hypoxia	1	27	0
166	N2.Hypoxia	1	27	0
167	N2.Hypoxia	1	27	0
167	N2.Hypoxia	1	27	0
168	N2.Hypoxia	1	27	0
168	N2.Hypoxia	1	27	0
169	N2.Hypoxia	1	27	0
169	N2.Hypoxia	1	27	0
170	N2.Hypoxia	1	27	0
170	N2.Hypoxia	1	27	0
171	N2.Hypoxia	1	29	0
171	N2.Hypoxia	1	29	0
172	N2.Hypoxia	1	29	0
172	N2.Hypoxia	1	29	0
173	N2.Hypoxia	1	29	0
173	N2.Hypoxia	1	29	0
174	N2.Hypoxia	1	29	0
174	N2.Hypoxia	1	29	0
175	N2.Hypoxia	1	29	0
175	N2.Hypoxia	1	29	0
176	N2.Hypoxia	1	29	0
176	N2.Hypoxia	1	29	0
177	N2.Hypoxia	1	29	0
177	N2.Hypoxia	1	29	0
178	N2.Hypoxia	1	29	0
178	N2.Hypoxia	1	29	0
179	N2.Hypoxia	1	29	0
179	N2.Hypoxia	1	29	0
180	N2.Hypoxia	1	29	0
180	N2.Hypoxia	1	29	0
181	N2.Hypoxia	1	31	0
181	N2.Hypoxia	1	31	0
182	N2.Hypoxia	1	31	0
182	N2.Hypoxia	1	31	0
183	N2.Hypoxia	1	31	0
183	N2.Hypoxia	1	31	0
184	N2.Hypoxia	1	31	0
184	N2.Hypoxia	1	31	0
185	N2.Hypoxia	1	31	0
185	N2.Hypoxia	1	31	0
186	N2.Hypoxia	1	31	0
186	N2.Hypoxia	1	31	0
187	N2.Hypoxia	1	34	0
187	N2.Hypoxia	1	34	0
188	N2.Hypoxia	1	34	0
188	N2.Hypoxia	1	34	0
189	N2.Hypoxia	1	34	0
189	N2.Hypoxia	1	34	0
190	N2.Hypoxia	1	34	0
190	N2.Hypoxia	1	34	0
191	N2.Hypoxia	1	34	0
191	N2.Hypoxia	1	34	0
192	N2.Hypoxia	1	34	0
192	N2.Hypoxia	1	34	0
193	N2.Hypoxia	1	34	0
193	N2.Hypoxia	1	34	0
194	N2.Hypoxia	1	34	0
194	N2.Hypoxia	1	34	0
195	N2.Hypoxia	1	36	0
195	N2.Hypoxia	1	36	0
196	N2.Hypoxia	1	36	0
196	N2.Hypoxia	1	36	0
197	N2.Hypoxia	1	36	0
197	N2.Hypoxia	1	36	0
198	N2.Hypoxia	1	36	0
198	N2.Hypoxia	1	36	0
199	N2.Hypoxia	1	39	0
199	N2.Hypoxia	1	39	0
200	N2.Hypoxia	1	39	0
200	N2.Hypoxia	1	39	0
201	N2.Hypoxia	1	39	0
201	N2.Hypoxia	1	39	0
202	N2.Hypoxia	1	39	0
202	N2.Hypoxia	1	39	0
203	N2.Hypoxia	1	42	0
203	N2.Hypoxia	1	42	0
204	N2.Hypoxia	1	42	0
204	N2.Hypoxia	1	42	0
205	N2.Hypoxia	1	42	0
205	N2.Hypoxia	1	42	0
206	N2.Hypoxia	1	29	2
206	N2.Hypoxia	1	29	2
207	N2.Hypoxia	1	31	2
207	N2.Hypoxia	1	31	2
208	N2.Hypoxia	1	31	2
208	N2.Hypoxia	1	31	2
209	N2.Hypoxia	1	20	3
209	N2.Hypoxia	1	20	3
210	N2.Hypoxia	1	22	3
210	N2.Hypoxia	1	22	3
211	N2.Hypoxia	1	22	3
211	N2.Hypoxia	1	22	3
212	N2.Hypoxia	1	22	3
212	N2.Hypoxia	1	22	3
213	N2.Hypoxia	1	22	3
213	N2.Hypoxia	1	22	3
214	N2.Hypoxia	1	22	3
214	N2.Hypoxia	1	22	3
215	N2.Hypoxia	1	27	3
215	N2.Hypoxia	1	27	3
216	N2.Hypoxia	1	27	3
216	N2.Hypoxia	1	27	3
217	N2.Hypoxia	1	27	3
217	N2.Hypoxia	1	27	3
218	N2.Hypoxia	1	27	3
218	N2.Hypoxia	1	27	3
219	N2.Hypoxia	1	27	3
219	N2.Hypoxia	1	27	3
220	N2.Hypoxia	1	27	3
220	N2.Hypoxia	1	27	3
221	N2.Hypoxia	1	27	3
221	N2.Hypoxia	1	27	3
222	N2.Hypoxia	1	29	3
222	N2.Hypoxia	1	29	3
223	N2.Hypoxia	2	24	0
223	N2.Hypoxia	2	24	0
224	N2.Hypoxia	2	27	0
224	N2.Hypoxia	2	27	0
225	N2.Hypoxia	2	27	0
225	N2.Hypoxia	2	27	0
226	N2.Hypoxia	2	27	0
226	N2.Hypoxia	2	27	0
227	N2.Hypoxia	2	27	0
227	N2.Hypoxia	2	27	0
228	N2.Hypoxia	2	27	0
228	N2.Hypoxia	2	27	0
229	N2.Hypoxia	2	27	0
229	N2.Hypoxia	2	27	0
230	N2.Hypoxia	2	27	0
230	N2.Hypoxia	2	27	0
231	N2.Hypoxia	2	29	0
231	N2.Hypoxia	2	29	0
232	N2.Hypoxia	2	29	0
232	N2.Hypoxia	2	29	0
233	N2.Hypoxia	2	29	0
233	N2.Hypoxia	2	29	0
234	N2.Hypoxia	2	29	0
234	N2.Hypoxia	2	29	0
235	N2.Hypoxia	2	29	0
235	N2.Hypoxia	2	29	0
236	N2.Hypoxia	2	29	0
236	N2.Hypoxia	2	29	0
237	N2.Hypoxia	2	31	0
237	N2.Hypoxia	2	31	0
238	N2.Hypoxia	2	31	0
238	N2.Hypoxia	2	31	0
239	N2.Hypoxia	2	31	0
239	N2.Hypoxia	2	31	0
240	N2.Hypoxia	2	31	0
240	N2.Hypoxia	2	31	0
241	N2.Hypoxia	2	31	0
241	N2.Hypoxia	2	31	0
242	N2.Hypoxia	2	31	0
242	N2.Hypoxia	2	31	0
243	N2.Hypoxia	2	34	0
243	N2.Hypoxia	2	34	0
244	N2.Hypoxia	2	34	0
244	N2.Hypoxia	2	34	0
245	N2.Hypoxia	2	34	0
245	N2.Hypoxia	2	34	0
246	N2.Hypoxia	2	34	0
246	N2.Hypoxia	2	34	0
247	N2.Hypoxia	2	34	0
247	N2.Hypoxia	2	34	0
248	N2.Hypoxia	2	34	0
248	N2.Hypoxia	2	34	0
249	N2.Hypoxia	2	34	0
249	N2.Hypoxia	2	34	0
250	N2.Hypoxia	2	34	0
250	N2.Hypoxia	2	34	0
251	N2.Hypoxia	2	34	0
251	N2.Hypoxia	2	34	0
252	N2.Hypoxia	2	36	0
252	N2.Hypoxia	2	36	0
253	N2.Hypoxia	2	36	0
253	N2.Hypoxia	2	36	0
254	N2.Hypoxia	2	36	0
254	N2.Hypoxia	2	36	0
255	N2.Hypoxia	2	36	0
255	N2.Hypoxia	2	36	0
256	N2.Hypoxia	2	36	0
256	N2.Hypoxia	2	36	0
257	N2.Hypoxia	2	36	0
257	N2.Hypoxia	2	36	0
258	N2.Hypoxia	2	39	0
258	N2.Hypoxia	2	39	0
259	N2.Hypoxia	2	39	0
259	N2.Hypoxia	2	39	0
260	N2.Hypoxia	2	39	0
260	N2.Hypoxia	2	39	0
261	N2.Hypoxia	2	39	0
261	N2.Hypoxia	2	39	0
262	N2.Hypoxia	2	39	0
262	N2.Hypoxia	2	39	0
263	N2.Hypoxia	2	39	0
263	N2.Hypoxia	2	39	0
264	N2.Hypoxia	2	39	0
264	N2.Hypoxia	2	39	0
265	N2.Hypoxia	2	39	0
265	N2.Hypoxia	2	39	0
266	N2.Hypoxia	2	42	0
266	N2.Hypoxia	2	42	0
267	N2.Hypoxia	2	42	0
267	N2.Hypoxia	2	42	0
268	N2.Hypoxia	2	42	0
268	N2.Hypoxia	2	42	0
269	N2.Hypoxia	2	44	0
269	N2.Hypoxia	2	44	0
270	N2.Hypoxia	2	46	0
270	N2.Hypoxia	2	46	0
271	N2.Hypoxia	2	48	0
271	N2.Hypoxia	2	48	0
272	N2.Hypoxia	2	22	2
272	N2.Hypoxia	2	22	2
273	N2.Hypoxia	2	22	2
273	N2.Hypoxia	2	22	2
274	N2.Hypoxia	2	24	2
274	N2.Hypoxia	2	24	2
275	N2.Hypoxia	2	27	2
275	N2.Hypoxia	2	27	2
276	N2.Hypoxia	2	27	2
276	N2.Hypoxia	2	27	2
277	N2.Hypoxia	2	27	2
277	N2.Hypoxia	2	27	2
278	N2.Hypoxia	2	29	2
278	N2.Hypoxia	2	29	2
279	N2.Hypoxia	2	29	2
279	N2.Hypoxia	2	29	2
280	N2.Hypoxia	2	31	2
280	N2.Hypoxia	2	31	2
281	N2.Hypoxia	2	31	2
281	N2.Hypoxia	2	31	2
282	N2.Hypoxia	2	20	3
282	N2.Hypoxia	2	20	3
283	N2.Hypoxia	2	22	3
283	N2.Hypoxia	2	22	3
284	N2.Hypoxia	2	22	3
284	N2.Hypoxia	2	22	3
285	N2.Hypoxia	2	22	3
285	N2.Hypoxia	2	22	3
286	N2.Hypoxia	2	22	3
286	N2.Hypoxia	2	22	3
287	N2.Hypoxia	2	22	3
287	N2.Hypoxia	2	22	3
288	N2.Hypoxia	2	24	3
288	N2.Hypoxia	2	24	3
289	N2.Hypoxia	2	24	3
289	N2.Hypoxia	2	24	3
290	N2.Hypoxia	2	24	3
290	N2.Hypoxia	2	24	3
291	N2.Hypoxia	2	24	3
291	N2.Hypoxia	2	24	3
292	N2.Hypoxia	2	24	3
292	N2.Hypoxia	2	24	3
293	N2.Hypoxia	2	24	3
293	N2.Hypoxia	2	24	3
294	N2.Hypoxia	2	24	3
294	N2.Hypoxia	2	24	3
295	N2.Hypoxia	2	24	3
295	N2.Hypoxia	2	24	3
296	N2.Hypoxia	2	27	3
296	N2.Hypoxia	2	27	3
297	N2.Hypoxia	2	27	3
297	N2.Hypoxia	2	27	3
298	N2.Hypoxia	2	27	3
298	N2.Hypoxia	2	27	3
299	N2.Hypoxia	2	27	3
299	N2.Hypoxia	2	27	3
300	N2.Hypoxia	2	27	3
300	N2.Hypoxia	2	27	3
301	N2.Hypoxia	2	29	3
301	N2.Hypoxia	2	29	3
302	N2.Hypoxia	2	31	3
302	N2.Hypoxia	2	31	3
303	eu-31	1	13	0
303	eu-31	1	13	0
304	eu-31	1	20	0
304	eu-31	1	20	0
305	eu-31	1	24	0
305	eu-31	1	24	0
306	eu-31	1	24	0
306	eu-31	1	24	0
307	eu-31	1	24	0
307	eu-31	1	24	0
308	eu-31	1	24	0
308	eu-31	1	24	0
309	eu-31	1	27	0
309	eu-31	1	27	0
310	eu-31	1	27	0
310	eu-31	1	27	0
311	eu-31	1	27	0
311	eu-31	1	27	0
312	eu-31	1	27	0
312	eu-31	1	27	0
313	eu-31	1	27	0
313	eu-31	1	27	0
314	eu-31	1	27	0
314	eu-31	1	27	0
315	eu-31	1	27	0
315	eu-31	1	27	0
316	eu-31	1	27	0
316	eu-31	1	27	0
317	eu-31	1	27	0
317	eu-31	1	27	0
318	eu-31	1	27	0
318	eu-31	1	27	0
319	eu-31	1	27	0
319	eu-31	1	27	0
320	eu-31	1	29	0
320	eu-31	1	29	0
321	eu-31	1	29	0
321	eu-31	1	29	0
322	eu-31	1	29	0
322	eu-31	1	29	0
323	eu-31	1	29	0
323	eu-31	1	29	0
324	eu-31	1	29	0
324	eu-31	1	29	0
325	eu-31	1	29	0
325	eu-31	1	29	0
326	eu-31	1	29	0
326	eu-31	1	29	0
327	eu-31	1	29	0
327	eu-31	1	29	0
328	eu-31	1	34	0
328	eu-31	1	34	0
329	eu-31	1	15	1
329	eu-31	1	15	1
330	eu-31	1	20	1
330	eu-31	1	20	1
331	eu-31	1	22	1
331	eu-31	1	22	1
332	eu-31	1	24	1
332	eu-31	1	24	1
333	eu-31	1	27	1
333	eu-31	1	27	1
334	eu-31	1	27	1
334	eu-31	1	27	1
335	eu-31	1	17	2
335	eu-31	1	17	2
336	eu-31	1	17	2
336	eu-31	1	17	2
337	eu-31	1	17	2
337	eu-31	1	17	2
338	eu-31	1	20	2
338	eu-31	1	20	2
339	eu-31	1	20	2
339	eu-31	1	20	2
340	eu-31	1	20	2
340	eu-31	1	20	2
341	eu-31	1	22	2
341	eu-31	1	22	2
342	eu-31	1	22	2
342	eu-31	1	22	2
343	eu-31	1	22	2
343	eu-31	1	22	2
344	eu-31	1	22	2
344	eu-31	1	22	2
345	eu-31	1	22	2
345	eu-31	1	22	2
346	eu-31	1	24	2
346	eu-31	1	24	2
347	eu-31	1	24	2
347	eu-31	1	24	2
348	eu-31	1	24	2
348	eu-31	1	24	2
349	eu-31	1	24	2
349	eu-31	1	24	2
350	eu-31	1	27	2
350	eu-31	1	27	2
351	eu-31	1	29	2
351	eu-31	1	29	2
352	eu-31	1	29	2
352	eu-31	1	29	2
353	eu-31	1	31	2
353	eu-31	1	31	2
354	eu-31	1	20	3
354	eu-31	1	20	3
355	eu-31	1	20	3
355	eu-31	1	20	3
356	eu-31	1	20	3
356	eu-31	1	20	3
357	eu-31	1	20	3
357	eu-31	1	20	3
358	eu-31	1	22	3
358	eu-31	1	22	3
359	eu-31	1	22	3
359	eu-31	1	22	3
360	eu-31	1	24	3
360	eu-31	1	24	3
361	eu-31	1	27	3
361	eu-31	1	27	3
362	eu-31	2	20	0
362	eu-31	2	20	0
363	eu-31	2	22	0
363	eu-31	2	22	0
364	eu-31	2	22	0
364	eu-31	2	22	0
365	eu-31	2	22	0
365	eu-31	2	22	0
366	eu-31	2	22	0
366	eu-31	2	22	0
367	eu-31	2	24	0
367	eu-31	2	24	0
368	eu-31	2	24	0
368	eu-31	2	24	0
369	eu-31	2	24	0
369	eu-31	2	24	0
370	eu-31	2	27	0
370	eu-31	2	27	0
371	eu-31	2	27	0
371	eu-31	2	27	0
372	eu-31	2	27	0
372	eu-31	2	27	0
373	eu-31	2	27	0
373	eu-31	2	27	0
374	eu-31	2	27	0
374	eu-31	2	27	0
375	eu-31	2	27	0
375	eu-31	2	27	0
376	eu-31	2	27	0
376	eu-31	2	27	0
377	eu-31	2	27	0
377	eu-31	2	27	0
378	eu-31	2	29	0
378	eu-31	2	29	0
379	eu-31	2	29	0
379	eu-31	2	29	0
380	eu-31	2	29	0
380	eu-31	2	29	0
381	eu-31	2	29	0
381	eu-31	2	29	0
382	eu-31	2	29	0
382	eu-31	2	29	0
383	eu-31	2	29	0
383	eu-31	2	29	0
384	eu-31	2	29	0
384	eu-31	2	29	0
385	eu-31	2	29	0
385	eu-31	2	29	0
386	eu-31	2	31	0
386	eu-31	2	31	0
387	eu-31	2	31	0
387	eu-31	2	31	0
388	eu-31	2	31	0
388	eu-31	2	31	0
389	eu-31	2	34	0
389	eu-31	2	34	0
390	eu-31	2	34	0
390	eu-31	2	34	0
391	eu-31	2	15	1
391	eu-31	2	15	1
392	eu-31	2	22	1
392	eu-31	2	22	1
393	eu-31	2	22	1
393	eu-31	2	22	1
394	eu-31	2	22	1
394	eu-31	2	22	1
395	eu-31	2	24	1
395	eu-31	2	24	1
396	eu-31	2	24	1
396	eu-31	2	24	1
397	eu-31	2	27	1
397	eu-31	2	27	1
398	eu-31	2	27	1
398	eu-31	2	27	1
399	eu-31	2	27	1
399	eu-31	2	27	1
400	eu-31	2	13	2
400	eu-31	2	13	2
401	eu-31	2	17	2
401	eu-31	2	17	2
402	eu-31	2	17	2
402	eu-31	2	17	2
403	eu-31	2	20	2
403	eu-31	2	20	2
404	eu-31	2	20	2
404	eu-31	2	20	2
405	eu-31	2	20	2
405	eu-31	2	20	2
406	eu-31	2	20	2
406	eu-31	2	20	2
407	eu-31	2	22	2
407	eu-31	2	22	2
408	eu-31	2	22	2
408	eu-31	2	22	2
409	eu-31	2	22	2
409	eu-31	2	22	2
410	eu-31	2	22	2
410	eu-31	2	22	2
411	eu-31	2	22	2
411	eu-31	2	22	2
412	eu-31	2	22	2
412	eu-31	2	22	2
413	eu-31	2	22	2
413	eu-31	2	22	2
414	eu-31	2	24	2
414	eu-31	2	24	2
415	eu-31	2	29	2
415	eu-31	2	29	2
416	eu-31	2	31	2
416	eu-31	2	31	2
417	eu-31	2	15	3
417	eu-31	2	15	3
418	eu-31	2	17	3
418	eu-31	2	17	3
419	eu-31	2	20	3
419	eu-31	2	20	3
420	eu-31	2	20	3
420	eu-31	2	20	3
421	eu-31	2	20	3
421	eu-31	2	20	3
422	eu-31	2	22	3
422	eu-31	2	22	3
423	rol-6	1	20	0
423	rol-6	1	20	0
424	rol-6	1	22	0
424	rol-6	1	22	0
425	rol-6	1	22	0
425	rol-6	1	22	0
426	rol-6	1	22	0
426	rol-6	1	22	0
427	rol-6	1	24	0
427	rol-6	1	24	0
428	rol-6	1	24	0
428	rol-6	1	24	0
429	rol-6	1	24	0
429	rol-6	1	24	0
430	rol-6	1	24	0
430	rol-6	1	24	0
431	rol-6	1	24	0
431	rol-6	1	24	0
432	rol-6	1	24	0
432	rol-6	1	24	0
433	rol-6	1	27	0
433	rol-6	1	27	0
434	rol-6	1	27	0
434	rol-6	1	27	0
435	rol-6	1	27	0
435	rol-6	1	27	0
436	rol-6	1	27	0
436	rol-6	1	27	0
437	rol-6	1	27	0
437	rol-6	1	27	0
438	rol-6	1	27	0
438	rol-6	1	27	0
439	rol-6	1	29	0
439	rol-6	1	29	0
440	rol-6	1	29	0
440	rol-6	1	29	0
441	rol-6	1	29	0
441	rol-6	1	29	0
442	rol-6	1	29	0
442	rol-6	1	29	0
443	rol-6	1	29	0
443	rol-6	1	29	0
444	rol-6	1	29	0
444	rol-6	1	29	0
445	rol-6	1	29	0
445	rol-6	1	29	0
446	rol-6	1	31	0
446	rol-6	1	31	0
447	rol-6	1	31	0
447	rol-6	1	31	0
448	rol-6	1	31	0
448	rol-6	1	31	0
449	rol-6	1	31	0
449	rol-6	1	31	0
450	rol-6	1	31	0
450	rol-6	1	31	0
451	rol-6	1	31	0
451	rol-6	1	31	0
452	rol-6	1	34	0
452	rol-6	1	34	0
453	rol-6	1	34	0
453	rol-6	1	34	0
454	rol-6	1	34	0
454	rol-6	1	34	0
455	rol-6	1	34	0
455	rol-6	1	34	0
456	rol-6	1	34	0
456	rol-6	1	34	0
457	rol-6	1	34	0
457	rol-6	1	34	0
458	rol-6	1	36	0
458	rol-6	1	36	0
459	rol-6	1	36	0
459	rol-6	1	36	0
460	rol-6	1	36	0
460	rol-6	1	36	0
461	rol-6	1	36	0
461	rol-6	1	36	0
462	rol-6	1	39	0
462	rol-6	1	39	0
463	rol-6	1	39	0
463	rol-6	1	39	0
464	rol-6	1	39	0
464	rol-6	1	39	0
465	rol-6	1	39	0
465	rol-6	1	39	0
466	rol-6	1	39	0
466	rol-6	1	39	0
467	rol-6	1	15	2
467	rol-6	1	15	2
468	rol-6	1	20	2
468	rol-6	1	20	2
469	rol-6	1	22	2
469	rol-6	1	22	2
470	rol-6	1	31	2
470	rol-6	1	31	2
471	rol-6	1	15	3
471	rol-6	1	15	3
472	rol-6	1	24	3
472	rol-6	1	24	3
473	rol-6	1	27	3
473	rol-6	1	27	3
474	rol-6	2	17	0
474	rol-6	2	17	0
475	rol-6	2	20	0
475	rol-6	2	20	0
476	rol-6	2	20	0
476	rol-6	2	20	0
477	rol-6	2	20	0
477	rol-6	2	20	0
478	rol-6	2	24	0
478	rol-6	2	24	0
479	rol-6	2	24	0
479	rol-6	2	24	0
480	rol-6	2	24	0
480	rol-6	2	24	0
481	rol-6	2	27	0
481	rol-6	2	27	0
482	rol-6	2	27	0
482	rol-6	2	27	0
483	rol-6	2	27	0
483	rol-6	2	27	0
484	rol-6	2	27	0
484	rol-6	2	27	0
485	rol-6	2	27	0
485	rol-6	2	27	0
486	rol-6	2	27	0
486	rol-6	2	27	0
487	rol-6	2	27	0
487	rol-6	2	27	0
488	rol-6	2	27	0
488	rol-6	2	27	0
489	rol-6	2	27	0
489	rol-6	2	27	0
490	rol-6	2	27	0
490	rol-6	2	27	0
491	rol-6	2	27	0
491	rol-6	2	27	0
492	rol-6	2	27	0
492	rol-6	2	27	0
493	rol-6	2	29	0
493	rol-6	2	29	0
494	rol-6	2	29	0
494	rol-6	2	29	0
495	rol-6	2	29	0
495	rol-6	2	29	0
496	rol-6	2	29	0
496	rol-6	2	29	0
497	rol-6	2	29	0
497	rol-6	2	29	0
498	rol-6	2	29	0
498	rol-6	2	29	0
499	rol-6	2	29	0
499	rol-6	2	29	0
500	rol-6	2	29	0
500	rol-6	2	29	0
501	rol-6	2	29	0
501	rol-6	2	29	0
502	rol-6	2	29	0
502	rol-6	2	29	0
503	rol-6	2	31	0
503	rol-6	2	31	0
504	rol-6	2	31	0
504	rol-6	2	31	0
505	rol-6	2	31	0
505	rol-6	2	31	0
506	rol-6	2	31	0
506	rol-6	2	31	0
507	rol-6	2	31	0
507	rol-6	2	31	0
508	rol-6	2	34	0
508	rol-6	2	34	0
509	rol-6	2	34	0
509	rol-6	2	34	0
510	rol-6	2	34	0
510	rol-6	2	34	0
511	rol-6	2	34	0
511	rol-6	2	34	0
512	rol-6	2	34	0
512	rol-6	2	34	0
513	rol-6	2	34	0
513	rol-6	2	34	0
514	rol-6	2	34	0
514	rol-6	2	34	0
515	rol-6	2	34	0
515	rol-6	2	34	0
516	rol-6	2	34	0
516	rol-6	2	34	0
517	rol-6	2	34	0
517	rol-6	2	34	0
518	rol-6	2	34	0
518	rol-6	2	34	0
519	rol-6	2	36	0
519	rol-6	2	36	0
520	rol-6	2	36	0
520	rol-6	2	36	0
521	rol-6	2	36	0
521	rol-6	2	36	0
522	rol-6	2	39	0
522	rol-6	2	39	0
523	rol-6	2	39	0
523	rol-6	2	39	0
524	rol-6	2	24	1
524	rol-6	2	24	1
525	rol-6	2	24	1
525	rol-6	2	24	1
526	rol-6	2	13	2
526	rol-6	2	13	2
527	rol-6	2	22	2
527	rol-6	2	22	2
528	rol-6	2	22	2
528	rol-6	2	22	2
529	rol-6	2	24	2
529	rol-6	2	24	2
530	SKN-1.OE	1	13	0
530	SKN-1.OE	1	13	0
531	SKN-1.OE	1	17	0
531	SKN-1.OE	1	17	0
532	SKN-1.OE	1	17	0
532	SKN-1.OE	1	17	0
533	SKN-1.OE	1	17	0
533	SKN-1.OE	1	17	0
534	SKN-1.OE	1	20	0
534	SKN-1.OE	1	20	0
535	SKN-1.OE	1	20	0
535	SKN-1.OE	1	20	0
536	SKN-1.OE	1	20	0
536	SKN-1.OE	1	20	0
537	SKN-1.OE	1	20	0
537	SKN-1.OE	1	20	0
538	SKN-1.OE	1	20	0
538	SKN-1.OE	1	20	0
539	SKN-1.OE	1	22	0
539	SKN-1.OE	1	22	0
540	SKN-1.OE	1	22	0
540	SKN-1.OE	1	22	0
541	SKN-1.OE	1	22	0
541	SKN-1.OE	1	22	0
542	SKN-1.OE	1	22	0
542	SKN-1.OE	1	22	0
543	SKN-1.OE	1	22	0
543	SKN-1.OE	1	22	0
544	SKN-1.OE	1	24	0
544	SKN-1.OE	1	24	0
545	SKN-1.OE	1	24	0
545	SKN-1.OE	1	24	0
546	SKN-1.OE	1	24	0
546	SKN-1.OE	1	24	0
547	SKN-1.OE	1	24	0
547	SKN-1.OE	1	24	0
548	SKN-1.OE	1	24	0
548	SKN-1.OE	1	24	0
549	SKN-1.OE	1	24	0
549	SKN-1.OE	1	24	0
550	SKN-1.OE	1	24	0
550	SKN-1.OE	1	24	0
551	SKN-1.OE	1	27	0
551	SKN-1.OE	1	27	0
552	SKN-1.OE	1	27	0
552	SKN-1.OE	1	27	0
553	SKN-1.OE	1	27	0
553	SKN-1.OE	1	27	0
554	SKN-1.OE	1	27	0
554	SKN-1.OE	1	27	0
555	SKN-1.OE	1	27	0
555	SKN-1.OE	1	27	0
556	SKN-1.OE	1	27	0
556	SKN-1.OE	1	27	0
557	SKN-1.OE	1	27	0
557	SKN-1.OE	1	27	0
558	SKN-1.OE	1	27	0
558	SKN-1.OE	1	27	0
559	SKN-1.OE	1	27	0
559	SKN-1.OE	1	27	0
560	SKN-1.OE	1	27	0
560	SKN-1.OE	1	27	0
561	SKN-1.OE	1	27	0
561	SKN-1.OE	1	27	0
562	SKN-1.OE	1	29	0
562	SKN-1.OE	1	29	0
563	SKN-1.OE	1	29	0
563	SKN-1.OE	1	29	0
564	SKN-1.OE	1	29	0
564	SKN-1.OE	1	29	0
565	SKN-1.OE	1	29	0
565	SKN-1.OE	1	29	0
566	SKN-1.OE	1	29	0
566	SKN-1.OE	1	29	0
567	SKN-1.OE	1	29	0
567	SKN-1.OE	1	29	0
568	SKN-1.OE	1	29	0
568	SKN-1.OE	1	29	0
569	SKN-1.OE	1	29	0
569	SKN-1.OE	1	29	0
570	SKN-1.OE	1	31	0
570	SKN-1.OE	1	31	0
571	SKN-1.OE	1	31	0
571	SKN-1.OE	1	31	0
572	SKN-1.OE	1	31	0
572	SKN-1.OE	1	31	0
573	SKN-1.OE	1	31	0
573	SKN-1.OE	1	31	0
574	SKN-1.OE	1	31	0
574	SKN-1.OE	1	31	0
575	SKN-1.OE	1	31	0
575	SKN-1.OE	1	31	0
576	SKN-1.OE	1	31	0
576	SKN-1.OE	1	31	0
577	SKN-1.OE	1	31	0
577	SKN-1.OE	1	31	0
578	SKN-1.OE	1	31	0
578	SKN-1.OE	1	31	0
579	SKN-1.OE	1	31	0
579	SKN-1.OE	1	31	0
580	SKN-1.OE	1	34	0
580	SKN-1.OE	1	34	0
581	SKN-1.OE	1	34	0
581	SKN-1.OE	1	34	0
582	SKN-1.OE	1	34	0
582	SKN-1.OE	1	34	0
583	SKN-1.OE	1	34	0
583	SKN-1.OE	1	34	0
584	SKN-1.OE	1	34	0
584	SKN-1.OE	1	34	0
585	SKN-1.OE	1	36	0
585	SKN-1.OE	1	36	0
586	SKN-1.OE	1	36	0
586	SKN-1.OE	1	36	0
587	SKN-1.OE	1	39	0
587	SKN-1.OE	1	39	0
588	SKN-1.OE	1	39	0
588	SKN-1.OE	1	39	0
589	SKN-1.OE	1	24	1
589	SKN-1.OE	1	24	1
590	SKN-1.OE	1	27	1
590	SKN-1.OE	1	27	1
591	SKN-1.OE	1	22	2
591	SKN-1.OE	1	22	2
592	SKN-1.OE	1	24	2
592	SKN-1.OE	1	24	2
593	SKN-1.OE	1	24	2
593	SKN-1.OE	1	24	2
594	SKN-1.OE	1	27	2
594	SKN-1.OE	1	27	2
595	SKN-1.OE	1	27	2
595	SKN-1.OE	1	27	2
596	SKN-1.OE	1	27	3
596	SKN-1.OE	1	27	3
597	SKN-1.OE	2	20	0
597	SKN-1.OE	2	20	0
598	SKN-1.OE	2	20	0
598	SKN-1.OE	2	20	0
599	SKN-1.OE	2	22	0
599	SKN-1.OE	2	22	0
600	SKN-1.OE	2	22	0
600	SKN-1.OE	2	22	0
601	SKN-1.OE	2	22	0
601	SKN-1.OE	2	22	0
602	SKN-1.OE	2	22	0
602	SKN-1.OE	2	22	0
603	SKN-1.OE	2	22	0
603	SKN-1.OE	2	22	0
604	SKN-1.OE	2	24	0
604	SKN-1.OE	2	24	0
605	SKN-1.OE	2	24	0
605	SKN-1.OE	2	24	0
606	SKN-1.OE	2	24	0
606	SKN-1.OE	2	24	0
607	SKN-1.OE	2	24	0
607	SKN-1.OE	2	24	0
608	SKN-1.OE	2	24	0
608	SKN-1.OE	2	24	0
609	SKN-1.OE	2	24	0
609	SKN-1.OE	2	24	0
610	SKN-1.OE	2	24	0
610	SKN-1.OE	2	24	0
611	SKN-1.OE	2	24	0
611	SKN-1.OE	2	24	0
612	SKN-1.OE	2	24	0
612	SKN-1.OE	2	24	0
613	SKN-1.OE	2	24	0
613	SKN-1.OE	2	24	0
614	SKN-1.OE	2	24	0
614	SKN-1.OE	2	24	0
615	SKN-1.OE	2	27	0
615	SKN-1.OE	2	27	0
616	SKN-1.OE	2	27	0
616	SKN-1.OE	2	27	0
617	SKN-1.OE	2	27	0
617	SKN-1.OE	2	27	0
618	SKN-1.OE	2	27	0
618	SKN-1.OE	2	27	0
619	SKN-1.OE	2	27	0
619	SKN-1.OE	2	27	0
620	SKN-1.OE	2	27	0
620	SKN-1.OE	2	27	0
621	SKN-1.OE	2	27	0
621	SKN-1.OE	2	27	0
622	SKN-1.OE	2	27	0
622	SKN-1.OE	2	27	0
623	SKN-1.OE	2	27	0
623	SKN-1.OE	2	27	0
624	SKN-1.OE	2	27	0
624	SKN-1.OE	2	27	0
625	SKN-1.OE	2	27	0
625	SKN-1.OE	2	27	0
626	SKN-1.OE	2	27	0
626	SKN-1.OE	2	27	0
627	SKN-1.OE	2	27	0
627	SKN-1.OE	2	27	0
628	SKN-1.OE	2	27	0
628	SKN-1.OE	2	27	0
629	SKN-1.OE	2	27	0
629	SKN-1.OE	2	27	0
630	SKN-1.OE	2	27	0
630	SKN-1.OE	2	27	0
631	SKN-1.OE	2	27	0
631	SKN-1.OE	2	27	0
632	SKN-1.OE	2	27	0
632	SKN-1.OE	2	27	0
633	SKN-1.OE	2	29	0
633	SKN-1.OE	2	29	0
634	SKN-1.OE	2	29	0
634	SKN-1.OE	2	29	0
635	SKN-1.OE	2	29	0
635	SKN-1.OE	2	29	0
636	SKN-1.OE	2	29	0
636	SKN-1.OE	2	29	0
637	SKN-1.OE	2	29	0
637	SKN-1.OE	2	29	0
638	SKN-1.OE	2	29	0
638	SKN-1.OE	2	29	0
639	SKN-1.OE	2	29	0
639	SKN-1.OE	2	29	0
640	SKN-1.OE	2	29	0
640	SKN-1.OE	2	29	0
641	SKN-1.OE	2	29	0
641	SKN-1.OE	2	29	0
642	SKN-1.OE	2	31	0
642	SKN-1.OE	2	31	0
643	SKN-1.OE	2	31	0
643	SKN-1.OE	2	31	0
644	SKN-1.OE	2	31	0
644	SKN-1.OE	2	31	0
645	SKN-1.OE	2	31	0
645	SKN-1.OE	2	31	0
646	SKN-1.OE	2	31	0
646	SKN-1.OE	2	31	0
647	SKN-1.OE	2	31	0
647	SKN-1.OE	2	31	0
648	SKN-1.OE	2	31	0
648	SKN-1.OE	2	31	0
649	SKN-1.OE	2	31	0
649	SKN-1.OE	2	31	0
650	SKN-1.OE	2	34	0
650	SKN-1.OE	2	34	0
651	SKN-1.OE	2	34	0
651	SKN-1.OE	2	34	0
652	SKN-1.OE	2	34	0
652	SKN-1.OE	2	34	0
653	SKN-1.OE	2	34	0
653	SKN-1.OE	2	34	0
654	SKN-1.OE	2	34	0
654	SKN-1.OE	2	34	0
655	SKN-1.OE	2	34	0
655	SKN-1.OE	2	34	0
656	SKN-1.OE	2	39	0
656	SKN-1.OE	2	39	0
657	SKN-1.OE	2	27	1
657	SKN-1.OE	2	27	1
658	SKN-1.OE	2	27	1
658	SKN-1.OE	2	27	1
659	SKN-1.OE	2	17	2
659	SKN-1.OE	2	17	2
660	SKN-1.OE	2	22	2
660	SKN-1.OE	2	22	2
661	SKN-1.OE	2	22	2
661	SKN-1.OE	2	22	2
662	SKN-1.OE	2	24	2
662	SKN-1.OE	2	24	2
663	cep-1	1	20	0
663	cep-1	1	20	0
664	cep-1	1	22	0
664	cep-1	1	22	0
665	cep-1	1	22	0
665	cep-1	1	22	0
666	cep-1	1	22	0
666	cep-1	1	22	0
667	cep-1	1	24	0
667	cep-1	1	24	0
668	cep-1	1	24	0
668	cep-1	1	24	0
669	cep-1	1	24	0
669	cep-1	1	24	0
670	cep-1	1	24	0
670	cep-1	1	24	0
671	cep-1	1	27	0
671	cep-1	1	27	0
672	cep-1	1	27	0
672	cep-1	1	27	0
673	cep-1	1	27	0
673	cep-1	1	27	0
674	cep-1	1	27	0
674	cep-1	1	27	0
675	cep-1	1	29	0
675	cep-1	1	29	0
676	cep-1	1	29	0
676	cep-1	1	29	0
677	cep-1	1	29	0
677	cep-1	1	29	0
678	cep-1	1	29	0
678	cep-1	1	29	0
679	cep-1	1	29	0
679	cep-1	1	29	0
680	cep-1	1	29	0
680	cep-1	1	29	0
681	cep-1	1	29	0
681	cep-1	1	29	0
682	cep-1	1	29	0
682	cep-1	1	29	0
683	cep-1	1	29	0
683	cep-1	1	29	0
684	cep-1	1	29	0
684	cep-1	1	29	0
685	cep-1	1	31	0
685	cep-1	1	31	0
686	cep-1	1	31	0
686	cep-1	1	31	0
687	cep-1	1	31	0
687	cep-1	1	31	0
688	cep-1	1	31	0
688	cep-1	1	31	0
689	cep-1	1	31	0
689	cep-1	1	31	0
690	cep-1	1	31	0
690	cep-1	1	31	0
691	cep-1	1	31	0
691	cep-1	1	31	0
692	cep-1	1	31	0
692	cep-1	1	31	0
693	cep-1	1	34	0
693	cep-1	1	34	0
694	cep-1	1	34	0
694	cep-1	1	34	0
695	cep-1	1	34	0
695	cep-1	1	34	0
696	cep-1	1	34	0
696	cep-1	1	34	0
697	cep-1	1	34	0
697	cep-1	1	34	0
698	cep-1	1	36	0
698	cep-1	1	36	0
699	cep-1	1	36	0
699	cep-1	1	36	0
700	cep-1	1	36	0
700	cep-1	1	36	0
701	cep-1	1	39	0
701	cep-1	1	39	0
702	cep-1	2	20	0
702	cep-1	2	20	0
703	cep-1	2	20	0
703	cep-1	2	20	0
704	cep-1	2	22	0
704	cep-1	2	22	0
705	cep-1	2	22	0
705	cep-1	2	22	0
706	cep-1	2	22	0
706	cep-1	2	22	0
707	cep-1	2	22	0
707	cep-1	2	22	0
708	cep-1	2	24	0
708	cep-1	2	24	0
709	cep-1	2	24	0
709	cep-1	2	24	0
710	cep-1	2	24	0
710	cep-1	2	24	0
711	cep-1	2	24	0
711	cep-1	2	24	0
712	cep-1	2	24	0
712	cep-1	2	24	0
713	cep-1	2	27	0
713	cep-1	2	27	0
714	cep-1	2	27	0
714	cep-1	2	27	0
715	cep-1	2	27	0
715	cep-1	2	27	0
716	cep-1	2	27	0
716	cep-1	2	27	0
717	cep-1	2	27	0
717	cep-1	2	27	0
718	cep-1	2	27	0
718	cep-1	2	27	0
719	cep-1	2	27	0
719	cep-1	2	27	0
720	cep-1	2	27	0
720	cep-1	2	27	0
721	cep-1	2	27	0
721	cep-1	2	27	0
722	cep-1	2	27	0
722	cep-1	2	27	0
723	cep-1	2	27	0
723	cep-1	2	27	0
724	cep-1	2	27	0
724	cep-1	2	27	0
725	cep-1	2	27	0
725	cep-1	2	27	0
726	cep-1	2	27	0
726	cep-1	2	27	0
727	cep-1	2	29	0
727	cep-1	2	29	0
728	cep-1	2	29	0
728	cep-1	2	29	0
729	cep-1	2	29	0
729	cep-1	2	29	0
730	cep-1	2	29	0
730	cep-1	2	29	0
731	cep-1	2	29	0
731	cep-1	2	29	0
732	cep-1	2	29	0
732	cep-1	2	29	0
733	cep-1	2	29	0
733	cep-1	2	29	0
734	cep-1	2	29	0
734	cep-1	2	29	0
735	cep-1	2	29	0
735	cep-1	2	29	0
736	cep-1	2	31	0
736	cep-1	2	31	0
737	cep-1	2	31	0
737	cep-1	2	31	0
738	cep-1	2	31	0
738	cep-1	2	31	0
739	cep-1	2	31	0
739	cep-1	2	31	0
740	cep-1	2	31	0
740	cep-1	2	31	0
741	cep-1	2	31	0
741	cep-1	2	31	0
742	cep-1	2	31	0
742	cep-1	2	31	0
743	cep-1	2	31	0
743	cep-1	2	31	0
744	cep-1	2	31	0
744	cep-1	2	31	0
745	cep-1	2	31	0
745	cep-1	2	31	0
746	cep-1	2	31	0
746	cep-1	2	31	0
747	cep-1	2	34	0
747	cep-1	2	34	0
748	cep-1	2	34	0
748	cep-1	2	34	0
749	cep-1	2	34	0
749	cep-1	2	34	0
750	cep-1	2	34	0
750	cep-1	2	34	0
751	cep-1	2	34	0
751	cep-1	2	34	0
752	cep-1	2	34	0
752	cep-1	2	34	0
753	cep-1	2	34	0
753	cep-1	2	34	0
754	cep-1	2	36	0
754	cep-1	2	36	0
755	cep-1	2	36	0
755	cep-1	2	36	0
756	cep-1	2	42	0
756	cep-1	2	42	0
757	cep-1	2	22	2
757	cep-1	2	22	2
758	cep-1	2	24	3
758	cep-1	2	24	3
759	rsks-1	1	20	0
759	rsks-1	1	20	0
760	rsks-1	1	20	0
760	rsks-1	1	20	0
761	rsks-1	1	22	0
761	rsks-1	1	22	0
762	rsks-1	1	27	0
762	rsks-1	1	27	0
763	rsks-1	1	29	0
763	rsks-1	1	29	0
764	rsks-1	1	29	0
764	rsks-1	1	29	0
765	rsks-1	1	29	0
765	rsks-1	1	29	0
766	rsks-1	1	29	0
766	rsks-1	1	29	0
767	rsks-1	1	31	0
767	rsks-1	1	31	0
768	rsks-1	1	31	0
768	rsks-1	1	31	0
769	rsks-1	1	34	0
769	rsks-1	1	34	0
770	rsks-1	1	36	0
770	rsks-1	1	36	0
771	rsks-1	1	24	1
771	rsks-1	1	24	1
772	rsks-1	1	24	1
772	rsks-1	1	24	1
773	rsks-1	1	27	1
773	rsks-1	1	27	1
774	rsks-1	1	34	1
774	rsks-1	1	34	1
775	rsks-1	1	17	2
775	rsks-1	1	17	2
776	rsks-1	1	20	2
776	rsks-1	1	20	2
777	rsks-1	1	20	2
777	rsks-1	1	20	2
778	rsks-1	1	20	2
778	rsks-1	1	20	2
779	rsks-1	1	22	2
779	rsks-1	1	22	2
780	rsks-1	1	22	2
780	rsks-1	1	22	2
781	rsks-1	1	22	2
781	rsks-1	1	22	2
782	rsks-1	1	22	2
782	rsks-1	1	22	2
783	rsks-1	1	22	2
783	rsks-1	1	22	2
784	rsks-1	1	24	2
784	rsks-1	1	24	2
785	rsks-1	1	24	2
785	rsks-1	1	24	2
786	rsks-1	1	24	2
786	rsks-1	1	24	2
787	rsks-1	1	24	2
787	rsks-1	1	24	2
788	rsks-1	1	24	2
788	rsks-1	1	24	2
789	rsks-1	1	24	2
789	rsks-1	1	24	2
790	rsks-1	1	27	2
790	rsks-1	1	27	2
791	rsks-1	1	27	2
791	rsks-1	1	27	2
792	rsks-1	1	27	2
792	rsks-1	1	27	2
793	rsks-1	1	27	2
793	rsks-1	1	27	2
794	rsks-1	1	27	2
794	rsks-1	1	27	2
795	rsks-1	1	27	2
795	rsks-1	1	27	2
796	rsks-1	1	27	2
796	rsks-1	1	27	2
797	rsks-1	1	27	2
797	rsks-1	1	27	2
798	rsks-1	1	27	2
798	rsks-1	1	27	2
799	rsks-1	1	31	2
799	rsks-1	1	31	2
800	rsks-1	1	27	3
800	rsks-1	1	27	3
801	rsks-1	2	17	0
801	rsks-1	2	17	0
802	rsks-1	2	17	0
802	rsks-1	2	17	0
803	rsks-1	2	20	0
803	rsks-1	2	20	0
804	rsks-1	2	20	0
804	rsks-1	2	20	0
805	rsks-1	2	20	0
805	rsks-1	2	20	0
806	rsks-1	2	20	0
806	rsks-1	2	20	0
807	rsks-1	2	20	0
807	rsks-1	2	20	0
808	rsks-1	2	20	0
808	rsks-1	2	20	0
809	rsks-1	2	22	0
809	rsks-1	2	22	0
810	rsks-1	2	22	0
810	rsks-1	2	22	0
811	rsks-1	2	24	0
811	rsks-1	2	24	0
812	rsks-1	2	27	0
812	rsks-1	2	27	0
813	rsks-1	2	27	0
813	rsks-1	2	27	0
814	rsks-1	2	27	0
814	rsks-1	2	27	0
815	rsks-1	2	27	0
815	rsks-1	2	27	0
816	rsks-1	2	27	0
816	rsks-1	2	27	0
817	rsks-1	2	27	0
817	rsks-1	2	27	0
818	rsks-1	2	27	0
818	rsks-1	2	27	0
819	rsks-1	2	27	0
819	rsks-1	2	27	0
820	rsks-1	2	29	0
820	rsks-1	2	29	0
821	rsks-1	2	29	0
821	rsks-1	2	29	0
822	rsks-1	2	29	0
822	rsks-1	2	29	0
823	rsks-1	2	36	0
823	rsks-1	2	36	0
824	rsks-1	2	17	1
824	rsks-1	2	17	1
825	rsks-1	2	17	1
825	rsks-1	2	17	1
826	rsks-1	2	20	1
826	rsks-1	2	20	1
827	rsks-1	2	20	1
827	rsks-1	2	20	1
828	rsks-1	2	20	1
828	rsks-1	2	20	1
829	rsks-1	2	20	1
829	rsks-1	2	20	1
830	rsks-1	2	20	1
830	rsks-1	2	20	1
831	rsks-1	2	20	1
831	rsks-1	2	20	1
832	rsks-1	2	22	1
832	rsks-1	2	22	1
833	rsks-1	2	22	1
833	rsks-1	2	22	1
834	rsks-1	2	22	1
834	rsks-1	2	22	1
835	rsks-1	2	22	1
835	rsks-1	2	22	1
836	rsks-1	2	22	1
836	rsks-1	2	22	1
837	rsks-1	2	22	1
837	rsks-1	2	22	1
838	rsks-1	2	22	1
838	rsks-1	2	22	1
839	rsks-1	2	22	1
839	rsks-1	2	22	1
840	rsks-1	2	24	1
840	rsks-1	2	24	1
841	rsks-1	2	24	1
841	rsks-1	2	24	1
842	rsks-1	2	24	1
842	rsks-1	2	24	1
843	rsks-1	2	17	2
843	rsks-1	2	17	2
844	rsks-1	2	17	2
844	rsks-1	2	17	2
845	rsks-1	2	20	2
845	rsks-1	2	20	2
846	rsks-1	2	20	2
846	rsks-1	2	20	2
847	rsks-1	2	22	2
847	rsks-1	2	22	2
848	rsks-1	2	22	2
848	rsks-1	2	22	2
849	rsks-1	2	22	2
849	rsks-1	2	22	2
850	rsks-1	2	22	2
850	rsks-1	2	22	2
851	rsks-1	2	22	2
851	rsks-1	2	22	2
852	rsks-1	2	22	2
852	rsks-1	2	22	2
853	rsks-1	2	22	2
853	rsks-1	2	22	2
854	rsks-1	2	24	2
854	rsks-1	2	24	2
855	rsks-1	2	24	2
855	rsks-1	2	24	2
856	rsks-1	2	24	2
856	rsks-1	2	24	2
857	rsks-1	2	24	2
857	rsks-1	2	24	2
858	rsks-1	2	24	2
858	rsks-1	2	24	2
859	rsks-1	2	24	2
859	rsks-1	2	24	2
860	rsks-1	2	27	2
860	rsks-1	2	27	2
861	rsks-1	2	27	2
861	rsks-1	2	27	2
862	rsks-1	2	27	2
862	rsks-1	2	27	2
863	rsks-1	2	27	2
863	rsks-1	2	27	2
864	rsks-1	2	27	2
864	rsks-1	2	27	2
865	rsks-1	2	31	2
865	rsks-1	2	31	2
866	rsks-1	2	34	2
866	rsks-1	2	34	2
867	rsks-1	2	17	3
867	rsks-1	2	17	3
868	rsks-1	2	22	3
868	rsks-1	2	22	3
869	atm-1	1	17	0
869	atm-1	1	17	0
870	atm-1	1	20	0
870	atm-1	1	20	0
871	atm-1	1	13	2
871	atm-1	1	13	2
872	atm-1	1	13	2
872	atm-1	1	13	2
873	atm-1	1	15	2
873	atm-1	1	15	2
874	atm-1	1	15	2
874	atm-1	1	15	2
875	atm-1	1	15	2
875	atm-1	1	15	2
876	atm-1	1	15	2
876	atm-1	1	15	2
877	atm-1	1	15	2
877	atm-1	1	15	2
878	atm-1	1	15	2
878	atm-1	1	15	2
879	atm-1	1	17	2
879	atm-1	1	17	2
880	atm-1	1	17	2
880	atm-1	1	17	2
881	atm-1	1	17	2
881	atm-1	1	17	2
882	atm-1	1	17	2
882	atm-1	1	17	2
883	atm-1	1	17	2
883	atm-1	1	17	2
884	atm-1	1	17	2
884	atm-1	1	17	2
885	atm-1	1	20	2
885	atm-1	1	20	2
886	atm-1	1	20	2
886	atm-1	1	20	2
887	atm-1	1	20	2
887	atm-1	1	20	2
888	atm-1	1	20	2
888	atm-1	1	20	2
889	atm-1	1	20	2
889	atm-1	1	20	2
890	atm-1	1	20	2
890	atm-1	1	20	2
891	atm-1	1	20	2
891	atm-1	1	20	2
892	atm-1	1	20	2
892	atm-1	1	20	2
893	atm-1	1	20	2
893	atm-1	1	20	2
894	atm-1	1	20	2
894	atm-1	1	20	2
895	atm-1	1	20	2
895	atm-1	1	20	2
896	atm-1	1	22	2
896	atm-1	1	22	2
897	atm-1	1	22	2
897	atm-1	1	22	2
898	atm-1	1	22	2
898	atm-1	1	22	2
899	atm-1	1	22	2
899	atm-1	1	22	2
900	atm-1	1	22	2
900	atm-1	1	22	2
901	atm-1	1	24	2
901	atm-1	1	24	2
902	atm-1	1	13	3
902	atm-1	1	13	3
903	atm-1	1	13	3
903	atm-1	1	13	3
904	atm-1	1	13	3
904	atm-1	1	13	3
905	atm-1	1	13	3
905	atm-1	1	13	3
906	atm-1	1	13	3
906	atm-1	1	13	3
907	atm-1	1	13	3
907	atm-1	1	13	3
908	atm-1	1	13	3
908	atm-1	1	13	3
909	atm-1	1	15	3
909	atm-1	1	15	3
910	atm-1	1	15	3
910	atm-1	1	15	3
911	atm-1	1	15	3
911	atm-1	1	15	3
912	atm-1	1	15	3
912	atm-1	1	15	3
913	atm-1	1	15	3
913	atm-1	1	15	3
914	atm-1	1	17	3
914	atm-1	1	17	3
915	atm-1	1	17	3
915	atm-1	1	17	3
916	atm-1	1	17	3
916	atm-1	1	17	3
917	atm-1	1	17	3
917	atm-1	1	17	3
918	atm-1	1	20	3
918	atm-1	1	20	3
919	atm-1	1	22	3
919	atm-1	1	22	3
920	atm-1	1	22	3
920	atm-1	1	22	3
921	atm-1	2	15	0
921	atm-1	2	15	0
922	atm-1	2	20	0
922	atm-1	2	20	0
923	atm-1	2	24	0
923	atm-1	2	24	0
924	atm-1	2	27	0
924	atm-1	2	27	0
925	atm-1	2	29	0
925	atm-1	2	29	0
926	atm-1	2	22	1
926	atm-1	2	22	1
927	atm-1	2	22	1
927	atm-1	2	22	1
928	atm-1	2	27	1
928	atm-1	2	27	1
929	atm-1	2	27	1
929	atm-1	2	27	1
930	atm-1	2	13	2
930	atm-1	2	13	2
931	atm-1	2	15	2
931	atm-1	2	15	2
932	atm-1	2	17	2
932	atm-1	2	17	2
933	atm-1	2	17	2
933	atm-1	2	17	2
934	atm-1	2	17	2
934	atm-1	2	17	2
935	atm-1	2	20	2
935	atm-1	2	20	2
936	atm-1	2	20	2
936	atm-1	2	20	2
937	atm-1	2	20	2
937	atm-1	2	20	2
938	atm-1	2	20	2
938	atm-1	2	20	2
939	atm-1	2	22	2
939	atm-1	2	22	2
940	atm-1	2	22	2
940	atm-1	2	22	2
941	atm-1	2	22	2
941	atm-1	2	22	2
942	atm-1	2	22	2
942	atm-1	2	22	2
943	atm-1	2	22	2
943	atm-1	2	22	2
944	atm-1	2	22	2
944	atm-1	2	22	2
945	atm-1	2	22	2
945	atm-1	2	22	2
946	atm-1	2	22	2
946	atm-1	2	22	2
947	atm-1	2	22	2
947	atm-1	2	22	2
948	atm-1	2	24	2
948	atm-1	2	24	2
949	atm-1	2	24	2
949	atm-1	2	24	2
950	atm-1	2	13	3
950	atm-1	2	13	3
951	atm-1	2	13	3
951	atm-1	2	13	3
952	atm-1	2	15	3
952	atm-1	2	15	3
953	atm-1	2	15	3
953	atm-1	2	15	3
954	atm-1	2	15	3
954	atm-1	2	15	3
955	atm-1	2	15	3
955	atm-1	2	15	3
956	atm-1	2	17	3
956	atm-1	2	17	3
957	atm-1	2	17	3
957	atm-1	2	17	3
958	atm-1	2	17	3
958	atm-1	2	17	3
959	atm-1	2	20	3
959	atm-1	2	20	3
960	atm-1	2	20	3
960	atm-1	2	20	3
961	atm-1	2	20	3
961	atm-1	2	20	3
962	atm-1	2	20	3
962	atm-1	2	20	3
963	atm-1	2	22	3
963	atm-1	2	22	3
964	atm-1	2	22	3
964	atm-1	2	22	3
965	atm-1	2	22	3
965	atm-1	2	22	3
