strain	replicate	age.at.death	rupture	
strain	replicate	age.at.death	rupture	
1	N2	1	21	0
1	N2	1	21	0
2	N2	1	21	0
2	N2	1	21	0
3	N2	1	23	0
3	N2	1	23	0
4	N2	1	23	0
4	N2	1	23	0
5	N2	1	23	0
5	N2	1	23	0
6	N2	1	25	0
6	N2	1	25	0
7	N2	1	25	0
7	N2	1	25	0
8	N2	1	25	0
8	N2	1	25	0
9	N2	1	25	0
9	N2	1	25	0
10	N2	1	25	0
10	N2	1	25	0
11	N2	1	25	0
11	N2	1	25	0
12	N2	1	25	0
12	N2	1	25	0
13	N2	1	25	0
13	N2	1	25	0
14	N2	1	25	0
14	N2	1	25	0
15	N2	1	25	0
15	N2	1	25	0
16	N2	1	25	0
16	N2	1	25	0
17	N2	1	28	0
17	N2	1	28	0
18	N2	1	28	0
18	N2	1	28	0
19	N2	1	28	0
19	N2	1	28	0
20	N2	1	28	0
20	N2	1	28	0
21	N2	1	28	0
21	N2	1	28	0
22	N2	1	28	0
22	N2	1	28	0
23	N2	1	28	0
23	N2	1	28	0
24	N2	1	28	0
24	N2	1	28	0
25	N2	1	28	0
25	N2	1	28	0
26	N2	1	28	0
26	N2	1	28	0
27	N2	1	28	0
27	N2	1	28	0
28	N2	1	28	0
28	N2	1	28	0
29	N2	1	28	0
29	N2	1	28	0
30	N2	1	28	0
30	N2	1	28	0
31	N2	1	28	0
31	N2	1	28	0
32	N2	1	30	0
32	N2	1	30	0
33	N2	1	30	0
33	N2	1	30	0
34	N2	1	30	0
34	N2	1	30	0
35	N2	1	30	0
35	N2	1	30	0
36	N2	1	32	0
36	N2	1	32	0
37	N2	1	32	0
37	N2	1	32	0
38	N2	1	32	0
38	N2	1	32	0
39	N2	1	32	0
39	N2	1	32	0
40	N2	1	32	0
40	N2	1	32	0
41	N2	1	34	0
41	N2	1	34	0
42	N2	1	34	0
42	N2	1	34	0
43	N2	1	34	0
43	N2	1	34	0
44	N2	1	34	0
44	N2	1	34	0
45	N2	1	34	0
45	N2	1	34	0
46	N2	1	34	0
46	N2	1	34	0
47	N2	1	16	2
47	N2	1	16	2
48	N2	1	16	2
48	N2	1	16	2
49	N2	1	18	2
49	N2	1	18	2
50	N2	1	18	2
50	N2	1	18	2
51	N2	1	18	2
51	N2	1	18	2
52	N2	1	18	2
52	N2	1	18	2
53	N2	1	21	2
53	N2	1	21	2
54	N2	1	21	2
54	N2	1	21	2
55	N2	1	21	2
55	N2	1	21	2
56	N2	1	21	2
56	N2	1	21	2
57	N2	1	21	2
57	N2	1	21	2
58	N2	1	23	2
58	N2	1	23	2
59	N2	1	23	2
59	N2	1	23	2
60	N2	1	23	2
60	N2	1	23	2
61	N2	1	28	2
61	N2	1	28	2
62	N2	1	28	2
62	N2	1	28	2
63	N2	2	21	0
63	N2	2	21	0
64	N2	2	21	0
64	N2	2	21	0
65	N2	2	23	0
65	N2	2	23	0
66	N2	2	23	0
66	N2	2	23	0
67	N2	2	23	0
67	N2	2	23	0
68	N2	2	25	0
68	N2	2	25	0
69	N2	2	25	0
69	N2	2	25	0
70	N2	2	25	0
70	N2	2	25	0
71	N2	2	25	0
71	N2	2	25	0
72	N2	2	25	0
72	N2	2	25	0
73	N2	2	28	0
73	N2	2	28	0
74	N2	2	28	0
74	N2	2	28	0
75	N2	2	28	0
75	N2	2	28	0
76	N2	2	28	0
76	N2	2	28	0
77	N2	2	28	0
77	N2	2	28	0
78	N2	2	28	0
78	N2	2	28	0
79	N2	2	28	0
79	N2	2	28	0
80	N2	2	28	0
80	N2	2	28	0
81	N2	2	28	0
81	N2	2	28	0
82	N2	2	28	0
82	N2	2	28	0
83	N2	2	28	0
83	N2	2	28	0
84	N2	2	28	0
84	N2	2	28	0
85	N2	2	28	0
85	N2	2	28	0
86	N2	2	28	0
86	N2	2	28	0
87	N2	2	30	0
87	N2	2	30	0
88	N2	2	30	0
88	N2	2	30	0
89	N2	2	30	0
89	N2	2	30	0
90	N2	2	30	0
90	N2	2	30	0
91	N2	2	32	0
91	N2	2	32	0
92	N2	2	32	0
92	N2	2	32	0
93	N2	2	32	0
93	N2	2	32	0
94	N2	2	32	0
94	N2	2	32	0
95	N2	2	32	0
95	N2	2	32	0
96	N2	2	32	0
96	N2	2	32	0
97	N2	2	32	0
97	N2	2	32	0
98	N2	2	32	0
98	N2	2	32	0
99	N2	2	32	0
99	N2	2	32	0
100	N2	2	32	0
100	N2	2	32	0
101	N2	2	32	0
101	N2	2	32	0
102	N2	2	34	0
102	N2	2	34	0
103	N2	2	34	0
103	N2	2	34	0
104	N2	2	34	0
104	N2	2	34	0
105	N2	2	14	2
105	N2	2	14	2
106	N2	2	14	2
106	N2	2	14	2
107	N2	2	16	2
107	N2	2	16	2
108	N2	2	16	2
108	N2	2	16	2
109	N2	2	16	2
109	N2	2	16	2
110	N2	2	16	2
110	N2	2	16	2
111	N2	2	18	2
111	N2	2	18	2
112	N2	2	18	2
112	N2	2	18	2
113	N2	2	18	2
113	N2	2	18	2
114	N2	2	18	2
114	N2	2	18	2
115	N2	2	21	2
115	N2	2	21	2
116	N2	2	21	2
116	N2	2	21	2
117	N2	2	21	2
117	N2	2	21	2
118	N2	2	21	2
118	N2	2	21	2
119	N2	2	23	2
119	N2	2	23	2
120	N2	2	23	2
120	N2	2	23	2
327	hif-1	1	21	0
327	hif-1	1	21	0
328	hif-1	1	21	0
328	hif-1	1	21	0
329	hif-1	1	21	0
329	hif-1	1	21	0
330	hif-1	1	21	0
330	hif-1	1	21	0
331	hif-1	1	25	0
331	hif-1	1	25	0
332	hif-1	1	25	0
332	hif-1	1	25	0
333	hif-1	1	28	0
333	hif-1	1	28	0
334	hif-1	1	28	0
334	hif-1	1	28	0
335	hif-1	1	28	0
335	hif-1	1	28	0
336	hif-1	1	28	0
336	hif-1	1	28	0
337	hif-1	1	28	0
337	hif-1	1	28	0
338	hif-1	1	32	0
338	hif-1	1	32	0
339	hif-1	1	32	0
339	hif-1	1	32	0
340	hif-1	1	38	0
340	hif-1	1	38	0
341	hif-1	1	14	2
341	hif-1	1	14	2
342	hif-1	1	14	2
342	hif-1	1	14	2
343	hif-1	1	14	2
343	hif-1	1	14	2
344	hif-1	1	14	2
344	hif-1	1	14	2
345	hif-1	1	16	2
345	hif-1	1	16	2
346	hif-1	1	16	2
346	hif-1	1	16	2
347	hif-1	1	16	2
347	hif-1	1	16	2
348	hif-1	1	16	2
348	hif-1	1	16	2
349	hif-1	1	16	2
349	hif-1	1	16	2
350	hif-1	1	16	2
350	hif-1	1	16	2
351	hif-1	1	16	2
351	hif-1	1	16	2
352	hif-1	1	16	2
352	hif-1	1	16	2
353	hif-1	1	16	2
353	hif-1	1	16	2
354	hif-1	1	16	2
354	hif-1	1	16	2
355	hif-1	1	16	2
355	hif-1	1	16	2
356	hif-1	1	16	2
356	hif-1	1	16	2
357	hif-1	1	16	2
357	hif-1	1	16	2
358	hif-1	1	16	2
358	hif-1	1	16	2
359	hif-1	1	18	2
359	hif-1	1	18	2
360	hif-1	1	18	2
360	hif-1	1	18	2
361	hif-1	1	18	2
361	hif-1	1	18	2
362	hif-1	1	18	2
362	hif-1	1	18	2
363	hif-1	1	21	2
363	hif-1	1	21	2
364	hif-1	1	21	2
364	hif-1	1	21	2
365	hif-1	1	21	2
365	hif-1	1	21	2
366	hif-1	1	21	2
366	hif-1	1	21	2
367	hif-1	1	21	2
367	hif-1	1	21	2
368	hif-1	1	21	2
368	hif-1	1	21	2
369	hif-1	1	23	2
369	hif-1	1	23	2
370	hif-1	1	23	2
370	hif-1	1	23	2
371	hif-1	1	23	2
371	hif-1	1	23	2
372	hif-1	1	25	2
372	hif-1	1	25	2
373	hif-1	1	25	2
373	hif-1	1	25	2
374	hif-1	1	28	2
374	hif-1	1	28	2
375	hif-1	2	18	0
375	hif-1	2	18	0
376	hif-1	2	21	0
376	hif-1	2	21	0
377	hif-1	2	21	0
377	hif-1	2	21	0
378	hif-1	2	21	0
378	hif-1	2	21	0
379	hif-1	2	23	0
379	hif-1	2	23	0
380	hif-1	2	23	0
380	hif-1	2	23	0
381	hif-1	2	25	0
381	hif-1	2	25	0
382	hif-1	2	28	0
382	hif-1	2	28	0
383	hif-1	2	30	0
383	hif-1	2	30	0
384	hif-1	2	30	0
384	hif-1	2	30	0
385	hif-1	2	30	0
385	hif-1	2	30	0
386	hif-1	2	30	0
386	hif-1	2	30	0
387	hif-1	2	34	0
387	hif-1	2	34	0
388	hif-1	2	14	2
388	hif-1	2	14	2
389	hif-1	2	14	2
389	hif-1	2	14	2
390	hif-1	2	16	2
390	hif-1	2	16	2
391	hif-1	2	16	2
391	hif-1	2	16	2
392	hif-1	2	16	2
392	hif-1	2	16	2
393	hif-1	2	16	2
393	hif-1	2	16	2
394	hif-1	2	16	2
394	hif-1	2	16	2
395	hif-1	2	16	2
395	hif-1	2	16	2
396	hif-1	2	18	2
396	hif-1	2	18	2
397	hif-1	2	18	2
397	hif-1	2	18	2
398	hif-1	2	18	2
398	hif-1	2	18	2
399	hif-1	2	18	2
399	hif-1	2	18	2
400	hif-1	2	18	2
400	hif-1	2	18	2
401	hif-1	2	18	2
401	hif-1	2	18	2
402	hif-1	2	18	2
402	hif-1	2	18	2
403	hif-1	2	18	2
403	hif-1	2	18	2
404	hif-1	2	18	2
404	hif-1	2	18	2
405	hif-1	2	21	2
405	hif-1	2	21	2
406	hif-1	2	21	2
406	hif-1	2	21	2
407	hif-1	2	21	2
407	hif-1	2	21	2
408	hif-1	2	21	2
408	hif-1	2	21	2
409	hif-1	2	21	2
409	hif-1	2	21	2
410	hif-1	2	21	2
410	hif-1	2	21	2
411	hif-1	2	21	2
411	hif-1	2	21	2
412	hif-1	2	21	2
412	hif-1	2	21	2
413	hif-1	2	21	2
413	hif-1	2	21	2
414	hif-1	2	21	2
414	hif-1	2	21	2
415	hif-1	2	21	2
415	hif-1	2	21	2
416	hif-1	2	21	2
416	hif-1	2	21	2
417	hif-1	2	23	2
417	hif-1	2	23	2
418	hif-1	2	23	2
418	hif-1	2	23	2
419	hif-1	2	23	2
419	hif-1	2	23	2
420	hif-1	2	23	2
420	hif-1	2	23	2
421	hif-1	2	23	2
421	hif-1	2	23	2
422	hif-1	2	23	2
422	hif-1	2	23	2
423	hif-1	2	23	2
423	hif-1	2	23	2
424	hif-1	2	23	2
424	hif-1	2	23	2
425	hif-1	2	23	2
425	hif-1	2	23	2
426	hif-1	2	23	2
426	hif-1	2	23	2
427	hif-1	2	23	2
427	hif-1	2	23	2
428	hif-1	2	25	2
428	hif-1	2	25	2
429	hif-1	2	25	2
429	hif-1	2	25	2
430	hif-1	2	28	2
430	hif-1	2	28	2
528	vhl-1	1	14	0
528	vhl-1	1	14	0
529	vhl-1	1	14	0
529	vhl-1	1	14	0
530	vhl-1	1	18	0
530	vhl-1	1	18	0
531	vhl-1	1	18	0
531	vhl-1	1	18	0
532	vhl-1	1	21	0
532	vhl-1	1	21	0
533	vhl-1	1	21	0
533	vhl-1	1	21	0
534	vhl-1	1	21	0
534	vhl-1	1	21	0
535	vhl-1	1	21	0
535	vhl-1	1	21	0
536	vhl-1	1	23	0
536	vhl-1	1	23	0
537	vhl-1	1	23	0
537	vhl-1	1	23	0
538	vhl-1	1	25	0
538	vhl-1	1	25	0
539	vhl-1	1	25	0
539	vhl-1	1	25	0
540	vhl-1	1	25	0
540	vhl-1	1	25	0
541	vhl-1	1	25	0
541	vhl-1	1	25	0
542	vhl-1	1	28	0
542	vhl-1	1	28	0
543	vhl-1	1	28	0
543	vhl-1	1	28	0
544	vhl-1	1	28	0
544	vhl-1	1	28	0
545	vhl-1	1	28	0
545	vhl-1	1	28	0
546	vhl-1	1	28	0
546	vhl-1	1	28	0
547	vhl-1	1	28	0
547	vhl-1	1	28	0
548	vhl-1	1	28	0
548	vhl-1	1	28	0
549	vhl-1	1	28	0
549	vhl-1	1	28	0
550	vhl-1	1	28	0
550	vhl-1	1	28	0
551	vhl-1	1	28	0
551	vhl-1	1	28	0
552	vhl-1	1	28	0
552	vhl-1	1	28	0
553	vhl-1	1	28	0
553	vhl-1	1	28	0
554	vhl-1	1	28	0
554	vhl-1	1	28	0
555	vhl-1	1	28	0
555	vhl-1	1	28	0
556	vhl-1	1	28	0
556	vhl-1	1	28	0
557	vhl-1	1	28	0
557	vhl-1	1	28	0
558	vhl-1	1	28	0
558	vhl-1	1	28	0
559	vhl-1	1	30	0
559	vhl-1	1	30	0
560	vhl-1	1	30	0
560	vhl-1	1	30	0
561	vhl-1	1	30	0
561	vhl-1	1	30	0
562	vhl-1	1	30	0
562	vhl-1	1	30	0
563	vhl-1	1	30	0
563	vhl-1	1	30	0
564	vhl-1	1	30	0
564	vhl-1	1	30	0
565	vhl-1	1	32	0
565	vhl-1	1	32	0
566	vhl-1	1	32	0
566	vhl-1	1	32	0
567	vhl-1	1	32	0
567	vhl-1	1	32	0
568	vhl-1	1	32	0
568	vhl-1	1	32	0
569	vhl-1	1	32	0
569	vhl-1	1	32	0
570	vhl-1	1	32	0
570	vhl-1	1	32	0
571	vhl-1	1	32	0
571	vhl-1	1	32	0
572	vhl-1	1	32	0
572	vhl-1	1	32	0
573	vhl-1	1	32	0
573	vhl-1	1	32	0
574	vhl-1	1	32	0
574	vhl-1	1	32	0
575	vhl-1	1	32	0
575	vhl-1	1	32	0
576	vhl-1	1	32	0
576	vhl-1	1	32	0
577	vhl-1	1	34	0
577	vhl-1	1	34	0
578	vhl-1	1	34	0
578	vhl-1	1	34	0
579	vhl-1	1	34	0
579	vhl-1	1	34	0
580	vhl-1	1	34	0
580	vhl-1	1	34	0
581	vhl-1	1	34	0
581	vhl-1	1	34	0
582	vhl-1	1	36	0
582	vhl-1	1	36	0
583	vhl-1	1	36	0
583	vhl-1	1	36	0
584	vhl-1	1	38	0
584	vhl-1	1	38	0
585	vhl-1	1	41	0
585	vhl-1	1	41	0
586	vhl-1	1	21	2
586	vhl-1	1	21	2
587	vhl-1	2	16	0
587	vhl-1	2	16	0
588	vhl-1	2	18	0
588	vhl-1	2	18	0
589	vhl-1	2	18	0
589	vhl-1	2	18	0
590	vhl-1	2	25	0
590	vhl-1	2	25	0
591	vhl-1	2	25	0
591	vhl-1	2	25	0
592	vhl-1	2	25	0
592	vhl-1	2	25	0
593	vhl-1	2	25	0
593	vhl-1	2	25	0
594	vhl-1	2	25	0
594	vhl-1	2	25	0
595	vhl-1	2	28	0
595	vhl-1	2	28	0
596	vhl-1	2	28	0
596	vhl-1	2	28	0
597	vhl-1	2	28	0
597	vhl-1	2	28	0
598	vhl-1	2	28	0
598	vhl-1	2	28	0
599	vhl-1	2	28	0
599	vhl-1	2	28	0
600	vhl-1	2	28	0
600	vhl-1	2	28	0
601	vhl-1	2	28	0
601	vhl-1	2	28	0
602	vhl-1	2	28	0
602	vhl-1	2	28	0
603	vhl-1	2	28	0
603	vhl-1	2	28	0
604	vhl-1	2	28	0
604	vhl-1	2	28	0
605	vhl-1	2	30	0
605	vhl-1	2	30	0
606	vhl-1	2	30	0
606	vhl-1	2	30	0
607	vhl-1	2	30	0
607	vhl-1	2	30	0
608	vhl-1	2	30	0
608	vhl-1	2	30	0
609	vhl-1	2	30	0
609	vhl-1	2	30	0
610	vhl-1	2	30	0
610	vhl-1	2	30	0
611	vhl-1	2	30	0
611	vhl-1	2	30	0
612	vhl-1	2	30	0
612	vhl-1	2	30	0
613	vhl-1	2	30	0
613	vhl-1	2	30	0
614	vhl-1	2	30	0
614	vhl-1	2	30	0
615	vhl-1	2	30	0
615	vhl-1	2	30	0
616	vhl-1	2	30	0
616	vhl-1	2	30	0
617	vhl-1	2	30	0
617	vhl-1	2	30	0
618	vhl-1	2	30	0
618	vhl-1	2	30	0
619	vhl-1	2	30	0
619	vhl-1	2	30	0
620	vhl-1	2	30	0
620	vhl-1	2	30	0
621	vhl-1	2	32	0
621	vhl-1	2	32	0
622	vhl-1	2	32	0
622	vhl-1	2	32	0
623	vhl-1	2	32	0
623	vhl-1	2	32	0
624	vhl-1	2	32	0
624	vhl-1	2	32	0
625	vhl-1	2	32	0
625	vhl-1	2	32	0
626	vhl-1	2	32	0
626	vhl-1	2	32	0
627	vhl-1	2	32	0
627	vhl-1	2	32	0
628	vhl-1	2	32	0
628	vhl-1	2	32	0
629	vhl-1	2	34	0
629	vhl-1	2	34	0
630	vhl-1	2	34	0
630	vhl-1	2	34	0
631	vhl-1	2	34	0
631	vhl-1	2	34	0
632	vhl-1	2	34	0
632	vhl-1	2	34	0
633	vhl-1	2	34	0
633	vhl-1	2	34	0
634	vhl-1	2	38	0
634	vhl-1	2	38	0
1016	daf-16	1	14	0
1016	daf-16	1	14	0
1017	daf-16	1	14	0
1017	daf-16	1	14	0
1018	daf-16	1	14	0
1018	daf-16	1	14	0
1019	daf-16	1	16	0
1019	daf-16	1	16	0
1020	daf-16	1	16	0
1020	daf-16	1	16	0
1021	daf-16	1	16	0
1021	daf-16	1	16	0
1022	daf-16	1	16	0
1022	daf-16	1	16	0
1023	daf-16	1	16	0
1023	daf-16	1	16	0
1024	daf-16	1	16	0
1024	daf-16	1	16	0
1025	daf-16	1	18	0
1025	daf-16	1	18	0
1026	daf-16	1	18	0
1026	daf-16	1	18	0
1027	daf-16	1	18	0
1027	daf-16	1	18	0
1028	daf-16	1	18	0
1028	daf-16	1	18	0
1029	daf-16	1	18	0
1029	daf-16	1	18	0
1030	daf-16	1	18	0
1030	daf-16	1	18	0
1031	daf-16	1	18	0
1031	daf-16	1	18	0
1032	daf-16	1	18	0
1032	daf-16	1	18	0
1033	daf-16	1	18	0
1033	daf-16	1	18	0
1034	daf-16	1	21	0
1034	daf-16	1	21	0
1035	daf-16	1	21	0
1035	daf-16	1	21	0
1036	daf-16	1	21	0
1036	daf-16	1	21	0
1037	daf-16	1	21	0
1037	daf-16	1	21	0
1038	daf-16	1	21	0
1038	daf-16	1	21	0
1039	daf-16	1	21	0
1039	daf-16	1	21	0
1040	daf-16	1	21	0
1040	daf-16	1	21	0
1041	daf-16	1	21	0
1041	daf-16	1	21	0
1042	daf-16	1	23	0
1042	daf-16	1	23	0
1043	daf-16	1	23	0
1043	daf-16	1	23	0
1044	daf-16	1	14	2
1044	daf-16	1	14	2
1045	daf-16	1	14	2
1045	daf-16	1	14	2
1046	daf-16	1	14	2
1046	daf-16	1	14	2
1047	daf-16	1	14	2
1047	daf-16	1	14	2
1048	daf-16	1	14	2
1048	daf-16	1	14	2
1049	daf-16	1	16	2
1049	daf-16	1	16	2
1050	daf-16	1	16	2
1050	daf-16	1	16	2
1051	daf-16	1	16	2
1051	daf-16	1	16	2
1052	daf-16	1	16	2
1052	daf-16	1	16	2
1053	daf-16	1	16	2
1053	daf-16	1	16	2
1054	daf-16	1	16	2
1054	daf-16	1	16	2
1055	daf-16	1	16	2
1055	daf-16	1	16	2
1056	daf-16	1	16	2
1056	daf-16	1	16	2
1057	daf-16	1	16	2
1057	daf-16	1	16	2
1058	daf-16	1	18	2
1058	daf-16	1	18	2
1059	daf-16	1	18	2
1059	daf-16	1	18	2
1060	daf-16	1	21	2
1060	daf-16	1	21	2
1061	daf-16	1	21	2
1061	daf-16	1	21	2
1062	daf-16	1	21	2
1062	daf-16	1	21	2
1063	daf-16	2	16	0
1063	daf-16	2	16	0
1064	daf-16	2	16	0
1064	daf-16	2	16	0
1065	daf-16	2	18	0
1065	daf-16	2	18	0
1066	daf-16	2	18	0
1066	daf-16	2	18	0
1067	daf-16	2	18	0
1067	daf-16	2	18	0
1068	daf-16	2	18	0
1068	daf-16	2	18	0
1069	daf-16	2	18	0
1069	daf-16	2	18	0
1070	daf-16	2	18	0
1070	daf-16	2	18	0
1071	daf-16	2	18	0
1071	daf-16	2	18	0
1072	daf-16	2	18	0
1072	daf-16	2	18	0
1073	daf-16	2	18	0
1073	daf-16	2	18	0
1074	daf-16	2	18	0
1074	daf-16	2	18	0
1075	daf-16	2	18	0
1075	daf-16	2	18	0
1076	daf-16	2	21	0
1076	daf-16	2	21	0
1077	daf-16	2	21	0
1077	daf-16	2	21	0
1078	daf-16	2	21	0
1078	daf-16	2	21	0
1079	daf-16	2	21	0
1079	daf-16	2	21	0
1080	daf-16	2	21	0
1080	daf-16	2	21	0
1081	daf-16	2	21	0
1081	daf-16	2	21	0
1082	daf-16	2	21	0
1082	daf-16	2	21	0
1083	daf-16	2	21	0
1083	daf-16	2	21	0
1084	daf-16	2	21	0
1084	daf-16	2	21	0
1085	daf-16	2	21	0
1085	daf-16	2	21	0
1086	daf-16	2	21	0
1086	daf-16	2	21	0
1087	daf-16	2	23	0
1087	daf-16	2	23	0
1088	daf-16	2	25	0
1088	daf-16	2	25	0
1089	daf-16	2	25	0
1089	daf-16	2	25	0
1090	daf-16	2	14	2
1090	daf-16	2	14	2
1091	daf-16	2	14	2
1091	daf-16	2	14	2
1092	daf-16	2	14	2
1092	daf-16	2	14	2
1093	daf-16	2	14	2
1093	daf-16	2	14	2
1094	daf-16	2	18	2
1094	daf-16	2	18	2
1095	daf-16	2	18	2
1095	daf-16	2	18	2
1096	daf-16	2	18	2
1096	daf-16	2	18	2
1097	daf-16	2	18	2
1097	daf-16	2	18	2
1098	daf-16	2	21	2
1098	daf-16	2	21	2
1454	sir2.1	1	14	0
1454	sir2.1	1	14	0
1455	sir2.1	1	18	0
1455	sir2.1	1	18	0
1456	sir2.1	1	18	0
1456	sir2.1	1	18	0
1457	sir2.1	1	21	0
1457	sir2.1	1	21	0
1458	sir2.1	1	21	0
1458	sir2.1	1	21	0
1459	sir2.1	1	21	0
1459	sir2.1	1	21	0
1460	sir2.1	1	21	0
1460	sir2.1	1	21	0
1461	sir2.1	1	21	0
1461	sir2.1	1	21	0
1462	sir2.1	1	21	0
1462	sir2.1	1	21	0
1463	sir2.1	1	21	0
1463	sir2.1	1	21	0
1464	sir2.1	1	23	0
1464	sir2.1	1	23	0
1465	sir2.1	1	23	0
1465	sir2.1	1	23	0
1466	sir2.1	1	25	0
1466	sir2.1	1	25	0
1467	sir2.1	1	25	0
1467	sir2.1	1	25	0
1468	sir2.1	1	25	0
1468	sir2.1	1	25	0
1469	sir2.1	1	25	0
1469	sir2.1	1	25	0
1470	sir2.1	1	25	0
1470	sir2.1	1	25	0
1471	sir2.1	1	25	0
1471	sir2.1	1	25	0
1472	sir2.1	1	25	0
1472	sir2.1	1	25	0
1473	sir2.1	1	25	0
1473	sir2.1	1	25	0
1474	sir2.1	1	25	0
1474	sir2.1	1	25	0
1475	sir2.1	1	25	0
1475	sir2.1	1	25	0
1476	sir2.1	1	25	0
1476	sir2.1	1	25	0
1477	sir2.1	1	25	0
1477	sir2.1	1	25	0
1478	sir2.1	1	25	0
1478	sir2.1	1	25	0
1479	sir2.1	1	25	0
1479	sir2.1	1	25	0
1480	sir2.1	1	25	0
1480	sir2.1	1	25	0
1481	sir2.1	1	28	0
1481	sir2.1	1	28	0
1482	sir2.1	1	28	0
1482	sir2.1	1	28	0
1483	sir2.1	1	28	0
1483	sir2.1	1	28	0
1484	sir2.1	1	28	0
1484	sir2.1	1	28	0
1485	sir2.1	1	28	0
1485	sir2.1	1	28	0
1486	sir2.1	1	28	0
1486	sir2.1	1	28	0
1487	sir2.1	1	28	0
1487	sir2.1	1	28	0
1488	sir2.1	1	28	0
1488	sir2.1	1	28	0
1489	sir2.1	1	28	0
1489	sir2.1	1	28	0
1490	sir2.1	1	28	0
1490	sir2.1	1	28	0
1491	sir2.1	1	28	0
1491	sir2.1	1	28	0
1492	sir2.1	1	28	0
1492	sir2.1	1	28	0
1493	sir2.1	1	30	0
1493	sir2.1	1	30	0
1494	sir2.1	1	30	0
1494	sir2.1	1	30	0
1495	sir2.1	1	30	0
1495	sir2.1	1	30	0
1496	sir2.1	1	30	0
1496	sir2.1	1	30	0
1497	sir2.1	1	30	0
1497	sir2.1	1	30	0
1498	sir2.1	1	30	0
1498	sir2.1	1	30	0
1499	sir2.1	1	32	0
1499	sir2.1	1	32	0
1500	sir2.1	1	16	2
1500	sir2.1	1	16	2
1501	sir2.1	1	16	2
1501	sir2.1	1	16	2
1502	sir2.1	1	18	2
1502	sir2.1	1	18	2
1503	sir2.1	1	18	2
1503	sir2.1	1	18	2
1504	sir2.1	1	18	2
1504	sir2.1	1	18	2
1505	sir2.1	1	18	2
1505	sir2.1	1	18	2
1506	sir2.1	1	21	2
1506	sir2.1	1	21	2
1507	sir2.1	1	21	2
1507	sir2.1	1	21	2
1508	sir2.1	1	25	2
1508	sir2.1	1	25	2
1509	sir2.1	2	14	0
1509	sir2.1	2	14	0
1510	sir2.1	2	14	0
1510	sir2.1	2	14	0
1511	sir2.1	2	14	0
1511	sir2.1	2	14	0
1512	sir2.1	2	16	0
1512	sir2.1	2	16	0
1513	sir2.1	2	16	0
1513	sir2.1	2	16	0
1514	sir2.1	2	18	0
1514	sir2.1	2	18	0
1515	sir2.1	2	18	0
1515	sir2.1	2	18	0
1516	sir2.1	2	18	0
1516	sir2.1	2	18	0
1517	sir2.1	2	18	0
1517	sir2.1	2	18	0
1518	sir2.1	2	18	0
1518	sir2.1	2	18	0
1519	sir2.1	2	18	0
1519	sir2.1	2	18	0
1520	sir2.1	2	18	0
1520	sir2.1	2	18	0
1521	sir2.1	2	21	0
1521	sir2.1	2	21	0
1522	sir2.1	2	21	0
1522	sir2.1	2	21	0
1523	sir2.1	2	21	0
1523	sir2.1	2	21	0
1524	sir2.1	2	21	0
1524	sir2.1	2	21	0
1525	sir2.1	2	21	0
1525	sir2.1	2	21	0
1526	sir2.1	2	21	0
1526	sir2.1	2	21	0
1527	sir2.1	2	21	0
1527	sir2.1	2	21	0
1528	sir2.1	2	21	0
1528	sir2.1	2	21	0
1529	sir2.1	2	21	0
1529	sir2.1	2	21	0
1530	sir2.1	2	21	0
1530	sir2.1	2	21	0
1531	sir2.1	2	21	0
1531	sir2.1	2	21	0
1532	sir2.1	2	21	0
1532	sir2.1	2	21	0
1533	sir2.1	2	23	0
1533	sir2.1	2	23	0
1534	sir2.1	2	23	0
1534	sir2.1	2	23	0
1535	sir2.1	2	25	0
1535	sir2.1	2	25	0
1536	sir2.1	2	25	0
1536	sir2.1	2	25	0
1537	sir2.1	2	25	0
1537	sir2.1	2	25	0
1538	sir2.1	2	25	0
1538	sir2.1	2	25	0
1539	sir2.1	2	25	0
1539	sir2.1	2	25	0
1540	sir2.1	2	25	0
1540	sir2.1	2	25	0
1541	sir2.1	2	25	0
1541	sir2.1	2	25	0
1542	sir2.1	2	25	0
1542	sir2.1	2	25	0
1543	sir2.1	2	25	0
1543	sir2.1	2	25	0
1544	sir2.1	2	25	0
1544	sir2.1	2	25	0
1545	sir2.1	2	25	0
1545	sir2.1	2	25	0
1546	sir2.1	2	25	0
1546	sir2.1	2	25	0
1547	sir2.1	2	25	0
1547	sir2.1	2	25	0
1548	sir2.1	2	25	0
1548	sir2.1	2	25	0
1549	sir2.1	2	25	0
1549	sir2.1	2	25	0
1550	sir2.1	2	25	0
1550	sir2.1	2	25	0
1551	sir2.1	2	25	0
1551	sir2.1	2	25	0
1552	sir2.1	2	28	0
1552	sir2.1	2	28	0
1553	sir2.1	2	28	0
1553	sir2.1	2	28	0
1554	sir2.1	2	28	0
1554	sir2.1	2	28	0
1555	sir2.1	2	28	0
1555	sir2.1	2	28	0
1556	sir2.1	2	28	0
1556	sir2.1	2	28	0
1557	sir2.1	2	28	0
1557	sir2.1	2	28	0
1558	sir2.1	2	28	0
1558	sir2.1	2	28	0
1559	sir2.1	2	28	0
1559	sir2.1	2	28	0
1560	sir2.1	2	30	0
1560	sir2.1	2	30	0
1561	sir2.1	2	14	2
1561	sir2.1	2	14	2
1562	sir2.1	2	14	2
1562	sir2.1	2	14	2
1563	sir2.1	2	14	2
1563	sir2.1	2	14	2
1564	sir2.1	2	16	2
1564	sir2.1	2	16	2
1565	sir2.1	2	18	2
1565	sir2.1	2	18	2
1566	sir2.1	2	18	2
1566	sir2.1	2	18	2
1567	sir2.1	2	18	2
1567	sir2.1	2	18	2
1568	sir2.1	2	21	2
1568	sir2.1	2	21	2
1569	sir2.1	2	21	2
1569	sir2.1	2	21	2
1570	sir2.1	2	23	2
1570	sir2.1	2	23	2
1662	SKN-1OE	1	14	0
1662	SKN-1OE	1	14	0
1663	SKN-1OE	1	14	0
1663	SKN-1OE	1	14	0
1664	SKN-1OE	1	14	0
1664	SKN-1OE	1	14	0
1665	SKN-1OE	1	16	0
1665	SKN-1OE	1	16	0
1666	SKN-1OE	1	16	0
1666	SKN-1OE	1	16	0
1667	SKN-1OE	1	16	0
1667	SKN-1OE	1	16	0
1668	SKN-1OE	1	18	0
1668	SKN-1OE	1	18	0
1669	SKN-1OE	1	18	0
1669	SKN-1OE	1	18	0
1670	SKN-1OE	1	18	0
1670	SKN-1OE	1	18	0
1671	SKN-1OE	1	21	0
1671	SKN-1OE	1	21	0
1672	SKN-1OE	1	21	0
1672	SKN-1OE	1	21	0
1673	SKN-1OE	1	21	0
1673	SKN-1OE	1	21	0
1674	SKN-1OE	1	21	0
1674	SKN-1OE	1	21	0
1675	SKN-1OE	1	21	0
1675	SKN-1OE	1	21	0
1676	SKN-1OE	1	21	0
1676	SKN-1OE	1	21	0
1677	SKN-1OE	1	21	0
1677	SKN-1OE	1	21	0
1678	SKN-1OE	1	23	0
1678	SKN-1OE	1	23	0
1679	SKN-1OE	1	23	0
1679	SKN-1OE	1	23	0
1680	SKN-1OE	1	23	0
1680	SKN-1OE	1	23	0
1681	SKN-1OE	1	23	0
1681	SKN-1OE	1	23	0
1682	SKN-1OE	1	23	0
1682	SKN-1OE	1	23	0
1683	SKN-1OE	1	23	0
1683	SKN-1OE	1	23	0
1684	SKN-1OE	1	23	0
1684	SKN-1OE	1	23	0
1685	SKN-1OE	1	23	0
1685	SKN-1OE	1	23	0
1686	SKN-1OE	1	25	0
1686	SKN-1OE	1	25	0
1687	SKN-1OE	1	25	0
1687	SKN-1OE	1	25	0
1688	SKN-1OE	1	25	0
1688	SKN-1OE	1	25	0
1689	SKN-1OE	1	25	0
1689	SKN-1OE	1	25	0
1690	SKN-1OE	1	25	0
1690	SKN-1OE	1	25	0
1691	SKN-1OE	1	25	0
1691	SKN-1OE	1	25	0
1692	SKN-1OE	1	25	0
1692	SKN-1OE	1	25	0
1693	SKN-1OE	1	25	0
1693	SKN-1OE	1	25	0
1694	SKN-1OE	1	25	0
1694	SKN-1OE	1	25	0
1695	SKN-1OE	1	25	0
1695	SKN-1OE	1	25	0
1696	SKN-1OE	1	25	0
1696	SKN-1OE	1	25	0
1697	SKN-1OE	1	25	0
1697	SKN-1OE	1	25	0
1698	SKN-1OE	1	25	0
1698	SKN-1OE	1	25	0
1699	SKN-1OE	1	25	0
1699	SKN-1OE	1	25	0
1700	SKN-1OE	1	25	0
1700	SKN-1OE	1	25	0
1701	SKN-1OE	1	25	0
1701	SKN-1OE	1	25	0
1702	SKN-1OE	1	25	0
1702	SKN-1OE	1	25	0
1703	SKN-1OE	1	28	0
1703	SKN-1OE	1	28	0
1704	SKN-1OE	1	28	0
1704	SKN-1OE	1	28	0
1705	SKN-1OE	1	28	0
1705	SKN-1OE	1	28	0
1706	SKN-1OE	1	28	0
1706	SKN-1OE	1	28	0
1707	SKN-1OE	1	28	0
1707	SKN-1OE	1	28	0
1708	SKN-1OE	1	28	0
1708	SKN-1OE	1	28	0
1709	SKN-1OE	1	28	0
1709	SKN-1OE	1	28	0
1710	SKN-1OE	1	28	0
1710	SKN-1OE	1	28	0
1711	SKN-1OE	1	28	0
1711	SKN-1OE	1	28	0
1712	SKN-1OE	1	28	0
1712	SKN-1OE	1	28	0
1713	SKN-1OE	1	28	0
1713	SKN-1OE	1	28	0
1714	SKN-1OE	1	28	0
1714	SKN-1OE	1	28	0
1715	SKN-1OE	1	28	0
1715	SKN-1OE	1	28	0
1716	SKN-1OE	1	28	0
1716	SKN-1OE	1	28	0
1717	SKN-1OE	1	28	0
1717	SKN-1OE	1	28	0
1718	SKN-1OE	1	28	0
1718	SKN-1OE	1	28	0
1719	SKN-1OE	1	28	0
1719	SKN-1OE	1	28	0
1720	SKN-1OE	1	28	0
1720	SKN-1OE	1	28	0
1721	SKN-1OE	1	28	0
1721	SKN-1OE	1	28	0
1722	SKN-1OE	1	28	0
1722	SKN-1OE	1	28	0
1723	SKN-1OE	1	28	0
1723	SKN-1OE	1	28	0
1724	SKN-1OE	1	28	0
1724	SKN-1OE	1	28	0
1725	SKN-1OE	1	28	0
1725	SKN-1OE	1	28	0
1726	SKN-1OE	1	28	0
1726	SKN-1OE	1	28	0
1727	SKN-1OE	1	30	0
1727	SKN-1OE	1	30	0
1728	SKN-1OE	1	30	0
1728	SKN-1OE	1	30	0
1729	SKN-1OE	1	32	0
1729	SKN-1OE	1	32	0
1730	SKN-1OE	1	32	0
1730	SKN-1OE	1	32	0
1731	SKN-1OE	1	32	0
1731	SKN-1OE	1	32	0
1732	SKN-1OE	1	34	0
1732	SKN-1OE	1	34	0
1733	SKN-1OE	1	34	0
1733	SKN-1OE	1	34	0
1734	SKN-1OE	1	34	0
1734	SKN-1OE	1	34	0
1735	SKN-1OE	1	34	0
1735	SKN-1OE	1	34	0
1736	SKN-1OE	1	36	0
1736	SKN-1OE	1	36	0
1737	SKN-1OE	1	36	0
1737	SKN-1OE	1	36	0
1738	SKN-1OE	1	21	2
1738	SKN-1OE	1	21	2
1739	SKN-1OE	1	23	2
1739	SKN-1OE	1	23	2
1740	SKN-1OE	2	14	0
1740	SKN-1OE	2	14	0
1741	SKN-1OE	2	14	0
1741	SKN-1OE	2	14	0
1742	SKN-1OE	2	16	0
1742	SKN-1OE	2	16	0
1743	SKN-1OE	2	16	0
1743	SKN-1OE	2	16	0
1744	SKN-1OE	2	16	0
1744	SKN-1OE	2	16	0
1745	SKN-1OE	2	16	0
1745	SKN-1OE	2	16	0
1746	SKN-1OE	2	16	0
1746	SKN-1OE	2	16	0
1747	SKN-1OE	2	16	0
1747	SKN-1OE	2	16	0
1748	SKN-1OE	2	16	0
1748	SKN-1OE	2	16	0
1749	SKN-1OE	2	16	0
1749	SKN-1OE	2	16	0
1750	SKN-1OE	2	16	0
1750	SKN-1OE	2	16	0
1751	SKN-1OE	2	16	0
1751	SKN-1OE	2	16	0
1752	SKN-1OE	2	21	0
1752	SKN-1OE	2	21	0
1753	SKN-1OE	2	21	0
1753	SKN-1OE	2	21	0
1754	SKN-1OE	2	21	0
1754	SKN-1OE	2	21	0
1755	SKN-1OE	2	21	0
1755	SKN-1OE	2	21	0
1756	SKN-1OE	2	21	0
1756	SKN-1OE	2	21	0
1757	SKN-1OE	2	21	0
1757	SKN-1OE	2	21	0
1758	SKN-1OE	2	21	0
1758	SKN-1OE	2	21	0
1759	SKN-1OE	2	21	0
1759	SKN-1OE	2	21	0
1760	SKN-1OE	2	21	0
1760	SKN-1OE	2	21	0
1761	SKN-1OE	2	23	0
1761	SKN-1OE	2	23	0
1762	SKN-1OE	2	23	0
1762	SKN-1OE	2	23	0
1763	SKN-1OE	2	23	0
1763	SKN-1OE	2	23	0
1764	SKN-1OE	2	23	0
1764	SKN-1OE	2	23	0
1765	SKN-1OE	2	23	0
1765	SKN-1OE	2	23	0
1766	SKN-1OE	2	23	0
1766	SKN-1OE	2	23	0
1767	SKN-1OE	2	23	0
1767	SKN-1OE	2	23	0
1768	SKN-1OE	2	23	0
1768	SKN-1OE	2	23	0
1769	SKN-1OE	2	23	0
1769	SKN-1OE	2	23	0
1770	SKN-1OE	2	23	0
1770	SKN-1OE	2	23	0
1771	SKN-1OE	2	23	0
1771	SKN-1OE	2	23	0
1772	SKN-1OE	2	23	0
1772	SKN-1OE	2	23	0
1773	SKN-1OE	2	23	0
1773	SKN-1OE	2	23	0
1774	SKN-1OE	2	23	0
1774	SKN-1OE	2	23	0
1775	SKN-1OE	2	25	0
1775	SKN-1OE	2	25	0
1776	SKN-1OE	2	25	0
1776	SKN-1OE	2	25	0
1777	SKN-1OE	2	25	0
1777	SKN-1OE	2	25	0
1778	SKN-1OE	2	25	0
1778	SKN-1OE	2	25	0
1779	SKN-1OE	2	25	0
1779	SKN-1OE	2	25	0
1780	SKN-1OE	2	25	0
1780	SKN-1OE	2	25	0
1781	SKN-1OE	2	25	0
1781	SKN-1OE	2	25	0
1782	SKN-1OE	2	25	0
1782	SKN-1OE	2	25	0
1783	SKN-1OE	2	25	0
1783	SKN-1OE	2	25	0
1784	SKN-1OE	2	25	0
1784	SKN-1OE	2	25	0
1785	SKN-1OE	2	25	0
1785	SKN-1OE	2	25	0
1786	SKN-1OE	2	25	0
1786	SKN-1OE	2	25	0
1787	SKN-1OE	2	25	0
1787	SKN-1OE	2	25	0
1788	SKN-1OE	2	25	0
1788	SKN-1OE	2	25	0
1789	SKN-1OE	2	25	0
1789	SKN-1OE	2	25	0
1790	SKN-1OE	2	25	0
1790	SKN-1OE	2	25	0
1791	SKN-1OE	2	25	0
1791	SKN-1OE	2	25	0
1792	SKN-1OE	2	25	0
1792	SKN-1OE	2	25	0
1793	SKN-1OE	2	25	0
1793	SKN-1OE	2	25	0
1794	SKN-1OE	2	25	0
1794	SKN-1OE	2	25	0
1795	SKN-1OE	2	25	0
1795	SKN-1OE	2	25	0
1796	SKN-1OE	2	25	0
1796	SKN-1OE	2	25	0
1797	SKN-1OE	2	28	0
1797	SKN-1OE	2	28	0
1798	SKN-1OE	2	28	0
1798	SKN-1OE	2	28	0
1799	SKN-1OE	2	28	0
1799	SKN-1OE	2	28	0
1800	SKN-1OE	2	28	0
1800	SKN-1OE	2	28	0
1801	SKN-1OE	2	28	0
1801	SKN-1OE	2	28	0
1802	SKN-1OE	2	28	0
1802	SKN-1OE	2	28	0
1803	SKN-1OE	2	28	0
1803	SKN-1OE	2	28	0
1804	SKN-1OE	2	28	0
1804	SKN-1OE	2	28	0
1805	SKN-1OE	2	28	0
1805	SKN-1OE	2	28	0
1806	SKN-1OE	2	28	0
1806	SKN-1OE	2	28	0
1807	SKN-1OE	2	28	0
1807	SKN-1OE	2	28	0
1808	SKN-1OE	2	28	0
1808	SKN-1OE	2	28	0
1809	SKN-1OE	2	28	0
1809	SKN-1OE	2	28	0
1810	SKN-1OE	2	28	0
1810	SKN-1OE	2	28	0
1811	SKN-1OE	2	28	0
1811	SKN-1OE	2	28	0
1812	SKN-1OE	2	28	0
1812	SKN-1OE	2	28	0
1813	SKN-1OE	2	28	0
1813	SKN-1OE	2	28	0
1814	SKN-1OE	2	28	0
1814	SKN-1OE	2	28	0
1815	SKN-1OE	2	30	0
1815	SKN-1OE	2	30	0
1816	SKN-1OE	2	30	0
1816	SKN-1OE	2	30	0
1817	SKN-1OE	2	30	0
1817	SKN-1OE	2	30	0
1818	SKN-1OE	2	30	0
1818	SKN-1OE	2	30	0
1819	SKN-1OE	2	30	0
1819	SKN-1OE	2	30	0
1820	SKN-1OE	2	32	0
1820	SKN-1OE	2	32	0
1821	SKN-1OE	2	18	2
1821	SKN-1OE	2	18	2
1822	SKN-1OE	2	23	2
1822	SKN-1OE	2	23	2
1823	SKN-1OE	2	23	2
1823	SKN-1OE	2	23	2
2018	cep-1	1	16	0
2018	cep-1	1	16	0
2019	cep-1	1	18	0
2019	cep-1	1	18	0
2020	cep-1	1	21	0
2020	cep-1	1	21	0
2021	cep-1	1	21	0
2021	cep-1	1	21	0
2022	cep-1	1	21	0
2022	cep-1	1	21	0
2023	cep-1	1	21	0
2023	cep-1	1	21	0
2024	cep-1	1	21	0
2024	cep-1	1	21	0
2025	cep-1	1	21	0
2025	cep-1	1	21	0
2026	cep-1	1	21	0
2026	cep-1	1	21	0
2027	cep-1	1	21	0
2027	cep-1	1	21	0
2028	cep-1	1	21	0
2028	cep-1	1	21	0
2029	cep-1	1	21	0
2029	cep-1	1	21	0
2030	cep-1	1	21	0
2030	cep-1	1	21	0
2031	cep-1	1	23	0
2031	cep-1	1	23	0
2032	cep-1	1	23	0
2032	cep-1	1	23	0
2033	cep-1	1	23	0
2033	cep-1	1	23	0
2034	cep-1	1	23	0
2034	cep-1	1	23	0
2035	cep-1	1	23	0
2035	cep-1	1	23	0
2036	cep-1	1	23	0
2036	cep-1	1	23	0
2037	cep-1	1	23	0
2037	cep-1	1	23	0
2038	cep-1	1	23	0
2038	cep-1	1	23	0
2039	cep-1	1	23	0
2039	cep-1	1	23	0
2040	cep-1	1	23	0
2040	cep-1	1	23	0
2041	cep-1	1	23	0
2041	cep-1	1	23	0
2042	cep-1	1	23	0
2042	cep-1	1	23	0
2043	cep-1	1	23	0
2043	cep-1	1	23	0
2044	cep-1	1	23	0
2044	cep-1	1	23	0
2045	cep-1	1	23	0
2045	cep-1	1	23	0
2046	cep-1	1	25	0
2046	cep-1	1	25	0
2047	cep-1	1	25	0
2047	cep-1	1	25	0
2048	cep-1	1	25	0
2048	cep-1	1	25	0
2049	cep-1	1	25	0
2049	cep-1	1	25	0
2050	cep-1	1	25	0
2050	cep-1	1	25	0
2051	cep-1	1	25	0
2051	cep-1	1	25	0
2052	cep-1	1	25	0
2052	cep-1	1	25	0
2053	cep-1	1	25	0
2053	cep-1	1	25	0
2054	cep-1	1	25	0
2054	cep-1	1	25	0
2055	cep-1	1	28	0
2055	cep-1	1	28	0
2056	cep-1	1	28	0
2056	cep-1	1	28	0
2057	cep-1	1	28	0
2057	cep-1	1	28	0
2058	cep-1	1	28	0
2058	cep-1	1	28	0
2059	cep-1	1	28	0
2059	cep-1	1	28	0
2060	cep-1	1	28	0
2060	cep-1	1	28	0
2061	cep-1	1	28	0
2061	cep-1	1	28	0
2062	cep-1	1	28	0
2062	cep-1	1	28	0
2063	cep-1	1	28	0
2063	cep-1	1	28	0
2064	cep-1	1	28	0
2064	cep-1	1	28	0
2065	cep-1	1	28	0
2065	cep-1	1	28	0
2066	cep-1	1	28	0
2066	cep-1	1	28	0
2067	cep-1	1	28	0
2067	cep-1	1	28	0
2068	cep-1	1	28	0
2068	cep-1	1	28	0
2069	cep-1	1	28	0
2069	cep-1	1	28	0
2070	cep-1	1	30	0
2070	cep-1	1	30	0
2071	cep-1	1	30	0
2071	cep-1	1	30	0
2072	cep-1	1	30	0
2072	cep-1	1	30	0
2073	cep-1	1	30	0
2073	cep-1	1	30	0
2074	cep-1	1	21	2
2074	cep-1	1	21	2
2075	cep-1	1	21	2
2075	cep-1	1	21	2
2076	cep-1	2	14	0
2076	cep-1	2	14	0
2077	cep-1	2	18	0
2077	cep-1	2	18	0
2078	cep-1	2	18	0
2078	cep-1	2	18	0
2079	cep-1	2	18	0
2079	cep-1	2	18	0
2080	cep-1	2	18	0
2080	cep-1	2	18	0
2081	cep-1	2	21	0
2081	cep-1	2	21	0
2082	cep-1	2	21	0
2082	cep-1	2	21	0
2083	cep-1	2	21	0
2083	cep-1	2	21	0
2084	cep-1	2	21	0
2084	cep-1	2	21	0
2085	cep-1	2	21	0
2085	cep-1	2	21	0
2086	cep-1	2	21	0
2086	cep-1	2	21	0
2087	cep-1	2	21	0
2087	cep-1	2	21	0
2088	cep-1	2	23	0
2088	cep-1	2	23	0
2089	cep-1	2	23	0
2089	cep-1	2	23	0
2090	cep-1	2	23	0
2090	cep-1	2	23	0
2091	cep-1	2	23	0
2091	cep-1	2	23	0
2092	cep-1	2	23	0
2092	cep-1	2	23	0
2093	cep-1	2	23	0
2093	cep-1	2	23	0
2094	cep-1	2	23	0
2094	cep-1	2	23	0
2095	cep-1	2	23	0
2095	cep-1	2	23	0
2096	cep-1	2	23	0
2096	cep-1	2	23	0
2097	cep-1	2	23	0
2097	cep-1	2	23	0
2098	cep-1	2	23	0
2098	cep-1	2	23	0
2099	cep-1	2	23	0
2099	cep-1	2	23	0
2100	cep-1	2	23	0
2100	cep-1	2	23	0
2101	cep-1	2	23	0
2101	cep-1	2	23	0
2102	cep-1	2	23	0
2102	cep-1	2	23	0
2103	cep-1	2	23	0
2103	cep-1	2	23	0
2104	cep-1	2	23	0
2104	cep-1	2	23	0
2105	cep-1	2	25	0
2105	cep-1	2	25	0
2106	cep-1	2	25	0
2106	cep-1	2	25	0
2107	cep-1	2	25	0
2107	cep-1	2	25	0
2108	cep-1	2	25	0
2108	cep-1	2	25	0
2109	cep-1	2	25	0
2109	cep-1	2	25	0
2110	cep-1	2	25	0
2110	cep-1	2	25	0
2111	cep-1	2	25	0
2111	cep-1	2	25	0
2112	cep-1	2	25	0
2112	cep-1	2	25	0
2113	cep-1	2	25	0
2113	cep-1	2	25	0
2114	cep-1	2	25	0
2114	cep-1	2	25	0
2115	cep-1	2	28	0
2115	cep-1	2	28	0
2116	cep-1	2	28	0
2116	cep-1	2	28	0
2117	cep-1	2	28	0
2117	cep-1	2	28	0
2118	cep-1	2	28	0
2118	cep-1	2	28	0
2119	cep-1	2	28	0
2119	cep-1	2	28	0
2120	cep-1	2	28	0
2120	cep-1	2	28	0
2121	cep-1	2	28	0
2121	cep-1	2	28	0
2122	cep-1	2	28	0
2122	cep-1	2	28	0
2123	cep-1	2	28	0
2123	cep-1	2	28	0
2124	cep-1	2	28	0
2124	cep-1	2	28	0
2125	cep-1	2	28	0
2125	cep-1	2	28	0
2126	cep-1	2	28	0
2126	cep-1	2	28	0
2127	cep-1	2	28	0
2127	cep-1	2	28	0
2128	cep-1	2	28	0
2128	cep-1	2	28	0
2129	cep-1	2	28	0
2129	cep-1	2	28	0
2130	cep-1	2	28	0
2130	cep-1	2	28	0
2131	cep-1	2	28	0
2131	cep-1	2	28	0
2132	cep-1	2	28	0
2132	cep-1	2	28	0
2133	cep-1	2	30	0
2133	cep-1	2	30	0
2134	cep-1	2	30	0
2134	cep-1	2	30	0
2135	cep-1	2	32	0
2135	cep-1	2	32	0
2136	cep-1	2	32	0
2136	cep-1	2	32	0
2137	cep-1	2	32	0
2137	cep-1	2	32	0
2138	cep-1	2	21	2
2138	cep-1	2	21	2
2250	eu-31	1	18	0
2250	eu-31	1	18	0
2251	eu-31	1	23	0
2251	eu-31	1	23	0
2252	eu-31	1	14	2
2252	eu-31	1	14	2
2253	eu-31	1	14	2
2253	eu-31	1	14	2
2254	eu-31	1	14	2
2254	eu-31	1	14	2
2255	eu-31	1	14	2
2255	eu-31	1	14	2
2256	eu-31	1	14	2
2256	eu-31	1	14	2
2257	eu-31	1	14	2
2257	eu-31	1	14	2
2258	eu-31	1	14	2
2258	eu-31	1	14	2
2259	eu-31	1	14	2
2259	eu-31	1	14	2
2260	eu-31	1	14	2
2260	eu-31	1	14	2
2261	eu-31	1	14	2
2261	eu-31	1	14	2
2262	eu-31	1	14	2
2262	eu-31	1	14	2
2263	eu-31	1	14	2
2263	eu-31	1	14	2
2264	eu-31	1	14	2
2264	eu-31	1	14	2
2265	eu-31	1	14	2
2265	eu-31	1	14	2
2266	eu-31	1	14	2
2266	eu-31	1	14	2
2267	eu-31	1	16	2
2267	eu-31	1	16	2
2268	eu-31	1	16	2
2268	eu-31	1	16	2
2269	eu-31	1	16	2
2269	eu-31	1	16	2
2270	eu-31	1	16	2
2270	eu-31	1	16	2
2271	eu-31	1	16	2
2271	eu-31	1	16	2
2272	eu-31	1	16	2
2272	eu-31	1	16	2
2273	eu-31	1	16	2
2273	eu-31	1	16	2
2274	eu-31	1	16	2
2274	eu-31	1	16	2
2275	eu-31	1	16	2
2275	eu-31	1	16	2
2276	eu-31	1	16	2
2276	eu-31	1	16	2
2277	eu-31	1	16	2
2277	eu-31	1	16	2
2278	eu-31	1	16	2
2278	eu-31	1	16	2
2279	eu-31	1	18	2
2279	eu-31	1	18	2
2280	eu-31	1	18	2
2280	eu-31	1	18	2
2281	eu-31	1	18	2
2281	eu-31	1	18	2
2282	eu-31	1	18	2
2282	eu-31	1	18	2
2283	eu-31	1	18	2
2283	eu-31	1	18	2
2284	eu-31	1	18	2
2284	eu-31	1	18	2
2285	eu-31	1	18	2
2285	eu-31	1	18	2
2286	eu-31	1	18	2
2286	eu-31	1	18	2
2287	eu-31	1	18	2
2287	eu-31	1	18	2
2288	eu-31	1	21	2
2288	eu-31	1	21	2
2289	eu-31	1	21	2
2289	eu-31	1	21	2
2290	eu-31	1	21	2
2290	eu-31	1	21	2
2291	eu-31	1	21	2
2291	eu-31	1	21	2
2292	eu-31	1	21	2
2292	eu-31	1	21	2
2293	eu-31	1	21	2
2293	eu-31	1	21	2
2294	eu-31	2	18	0
2294	eu-31	2	18	0
2295	eu-31	2	23	0
2295	eu-31	2	23	0
2296	eu-31	2	14	2
2296	eu-31	2	14	2
2297	eu-31	2	14	2
2297	eu-31	2	14	2
2298	eu-31	2	14	2
2298	eu-31	2	14	2
2299	eu-31	2	14	2
2299	eu-31	2	14	2
2300	eu-31	2	14	2
2300	eu-31	2	14	2
2301	eu-31	2	14	2
2301	eu-31	2	14	2
2302	eu-31	2	14	2
2302	eu-31	2	14	2
2303	eu-31	2	14	2
2303	eu-31	2	14	2
2304	eu-31	2	14	2
2304	eu-31	2	14	2
2305	eu-31	2	14	2
2305	eu-31	2	14	2
2306	eu-31	2	14	2
2306	eu-31	2	14	2
2307	eu-31	2	14	2
2307	eu-31	2	14	2
2308	eu-31	2	16	2
2308	eu-31	2	16	2
2309	eu-31	2	16	2
2309	eu-31	2	16	2
2310	eu-31	2	16	2
2310	eu-31	2	16	2
2311	eu-31	2	16	2
2311	eu-31	2	16	2
2312	eu-31	2	16	2
2312	eu-31	2	16	2
2313	eu-31	2	16	2
2313	eu-31	2	16	2
2314	eu-31	2	16	2
2314	eu-31	2	16	2
2315	eu-31	2	16	2
2315	eu-31	2	16	2
2316	eu-31	2	16	2
2316	eu-31	2	16	2
2317	eu-31	2	16	2
2317	eu-31	2	16	2
2318	eu-31	2	16	2
2318	eu-31	2	16	2
2319	eu-31	2	16	2
2319	eu-31	2	16	2
2320	eu-31	2	18	2
2320	eu-31	2	18	2
2321	eu-31	2	18	2
2321	eu-31	2	18	2
2322	eu-31	2	18	2
2322	eu-31	2	18	2
2323	eu-31	2	18	2
2323	eu-31	2	18	2
2324	eu-31	2	18	2
2324	eu-31	2	18	2
2325	eu-31	2	18	2
2325	eu-31	2	18	2
2326	eu-31	2	18	2
2326	eu-31	2	18	2
2327	eu-31	2	18	2
2327	eu-31	2	18	2
2328	eu-31	2	18	2
2328	eu-31	2	18	2
2329	eu-31	2	18	2
2329	eu-31	2	18	2
