strain	replicate	age.at.death	rupture	
strain	replicate	age.at.death	rupture	
1	aak-2	1	14	0
1	aak-2	1	14	0
2	aak-2	1	21	0
2	aak-2	1	21	0
3	aak-2	1	21	0
3	aak-2	1	21	0
4	aak-2	1	21	0
4	aak-2	1	21	0
5	aak-2	1	21	0
5	aak-2	1	21	0
6	aak-2	1	21	0
6	aak-2	1	21	0
7	aak-2	1	21	0
7	aak-2	1	21	0
8	aak-2	1	24	0
8	aak-2	1	24	0
9	aak-2	1	24	0
9	aak-2	1	24	0
10	aak-2	1	24	0
10	aak-2	1	24	0
11	aak-2	1	24	0
11	aak-2	1	24	0
12	aak-2	1	24	0
12	aak-2	1	24	0
13	aak-2	1	24	0
13	aak-2	1	24	0
14	aak-2	1	27	0
14	aak-2	1	27	0
15	aak-2	1	27	0
15	aak-2	1	27	0
16	aak-2	1	27	0
16	aak-2	1	27	0
17	aak-2	1	27	0
17	aak-2	1	27	0
18	aak-2	1	27	0
18	aak-2	1	27	0
19	aak-2	1	29	0
19	aak-2	1	29	0
20	aak-2	1	29	0
20	aak-2	1	29	0
21	aak-2	1	29	0
21	aak-2	1	29	0
22	aak-2	1	29	0
22	aak-2	1	29	0
23	aak-2	1	29	0
23	aak-2	1	29	0
24	aak-2	1	29	0
24	aak-2	1	29	0
25	aak-2	1	29	0
25	aak-2	1	29	0
26	aak-2	1	29	0
26	aak-2	1	29	0
27	aak-2	1	29	0
27	aak-2	1	29	0
28	aak-2	1	29	0
28	aak-2	1	29	0
29	aak-2	1	29	0
29	aak-2	1	29	0
30	aak-2	1	29	0
30	aak-2	1	29	0
31	aak-2	1	29	0
31	aak-2	1	29	0
32	aak-2	1	29	0
32	aak-2	1	29	0
33	aak-2	1	29	0
33	aak-2	1	29	0
34	aak-2	1	29	0
34	aak-2	1	29	0
35	aak-2	1	29	0
35	aak-2	1	29	0
36	aak-2	1	29	0
36	aak-2	1	29	0
37	aak-2	1	29	0
37	aak-2	1	29	0
38	aak-2	1	31	0
38	aak-2	1	31	0
39	aak-2	1	31	0
39	aak-2	1	31	0
40	aak-2	1	31	0
40	aak-2	1	31	0
41	aak-2	1	31	0
41	aak-2	1	31	0
42	aak-2	1	31	0
42	aak-2	1	31	0
43	aak-2	1	31	0
43	aak-2	1	31	0
44	aak-2	1	31	0
44	aak-2	1	31	0
45	aak-2	1	31	0
45	aak-2	1	31	0
46	aak-2	1	31	0
46	aak-2	1	31	0
47	aak-2	1	34	0
47	aak-2	1	34	0
48	aak-2	1	34	0
48	aak-2	1	34	0
49	aak-2	1	34	0
49	aak-2	1	34	0
50	aak-2	1	34	0
50	aak-2	1	34	0
51	aak-2	1	34	0
51	aak-2	1	34	0
52	aak-2	1	34	0
52	aak-2	1	34	0
53	aak-2	1	34	0
53	aak-2	1	34	0
54	aak-2	1	34	0
54	aak-2	1	34	0
55	aak-2	1	34	0
55	aak-2	1	34	0
56	aak-2	1	36	0
56	aak-2	1	36	0
57	aak-2	1	36	0
57	aak-2	1	36	0
58	aak-2	1	36	0
58	aak-2	1	36	0
59	aak-2	1	38	0
59	aak-2	1	38	0
60	aak-2	1	38	0
60	aak-2	1	38	0
61	aak-2	1	41	0
61	aak-2	1	41	0
62	aak-2	1	43	0
62	aak-2	1	43	0
63	aak-2	1	14	2
63	aak-2	1	14	2
64	aak-2	1	21	2
64	aak-2	1	21	2
65	aak-2	1	24	2
65	aak-2	1	24	2
66	aak-2	1	27	2
66	aak-2	1	27	2
67	aak-2	1	17	3
67	aak-2	1	17	3
68	aak-2	1	17	3
68	aak-2	1	17	3
69	aak-2	1	17	3
69	aak-2	1	17	3
70	aak-2	2	14	0
70	aak-2	2	14	0
71	aak-2	2	17	0
71	aak-2	2	17	0
72	aak-2	2	21	0
72	aak-2	2	21	0
73	aak-2	2	21	0
73	aak-2	2	21	0
74	aak-2	2	24	0
74	aak-2	2	24	0
75	aak-2	2	24	0
75	aak-2	2	24	0
76	aak-2	2	24	0
76	aak-2	2	24	0
77	aak-2	2	24	0
77	aak-2	2	24	0
78	aak-2	2	27	0
78	aak-2	2	27	0
79	aak-2	2	27	0
79	aak-2	2	27	0
80	aak-2	2	27	0
80	aak-2	2	27	0
81	aak-2	2	27	0
81	aak-2	2	27	0
82	aak-2	2	27	0
82	aak-2	2	27	0
83	aak-2	2	27	0
83	aak-2	2	27	0
84	aak-2	2	27	0
84	aak-2	2	27	0
85	aak-2	2	27	0
85	aak-2	2	27	0
86	aak-2	2	29	0
86	aak-2	2	29	0
87	aak-2	2	29	0
87	aak-2	2	29	0
88	aak-2	2	29	0
88	aak-2	2	29	0
89	aak-2	2	29	0
89	aak-2	2	29	0
90	aak-2	2	29	0
90	aak-2	2	29	0
91	aak-2	2	29	0
91	aak-2	2	29	0
92	aak-2	2	29	0
92	aak-2	2	29	0
93	aak-2	2	29	0
93	aak-2	2	29	0
94	aak-2	2	29	0
94	aak-2	2	29	0
95	aak-2	2	29	0
95	aak-2	2	29	0
96	aak-2	2	29	0
96	aak-2	2	29	0
97	aak-2	2	29	0
97	aak-2	2	29	0
98	aak-2	2	29	0
98	aak-2	2	29	0
99	aak-2	2	29	0
99	aak-2	2	29	0
100	aak-2	2	29	0
100	aak-2	2	29	0
101	aak-2	2	29	0
101	aak-2	2	29	0
102	aak-2	2	29	0
102	aak-2	2	29	0
103	aak-2	2	29	0
103	aak-2	2	29	0
104	aak-2	2	29	0
104	aak-2	2	29	0
105	aak-2	2	29	0
105	aak-2	2	29	0
106	aak-2	2	29	0
106	aak-2	2	29	0
107	aak-2	2	29	0
107	aak-2	2	29	0
108	aak-2	2	29	0
108	aak-2	2	29	0
109	aak-2	2	29	0
109	aak-2	2	29	0
110	aak-2	2	31	0
110	aak-2	2	31	0
111	aak-2	2	31	0
111	aak-2	2	31	0
112	aak-2	2	31	0
112	aak-2	2	31	0
113	aak-2	2	31	0
113	aak-2	2	31	0
114	aak-2	2	34	0
114	aak-2	2	34	0
115	aak-2	2	34	0
115	aak-2	2	34	0
116	aak-2	2	34	0
116	aak-2	2	34	0
117	aak-2	2	34	0
117	aak-2	2	34	0
118	aak-2	2	34	0
118	aak-2	2	34	0
119	aak-2	2	34	0
119	aak-2	2	34	0
120	aak-2	2	34	0
120	aak-2	2	34	0
121	aak-2	2	34	0
121	aak-2	2	34	0
122	aak-2	2	34	0
122	aak-2	2	34	0
123	aak-2	2	34	0
123	aak-2	2	34	0
124	aak-2	2	36	0
124	aak-2	2	36	0
125	aak-2	2	17	2
125	aak-2	2	17	2
126	aak-2	2	17	2
126	aak-2	2	17	2
127	aak-2	2	21	2
127	aak-2	2	21	2
128	aak-2	2	21	2
128	aak-2	2	21	2
129	aak-2	2	21	2
129	aak-2	2	21	2
130	aak-2	2	21	2
130	aak-2	2	21	2
131	aak-2	2	21	2
131	aak-2	2	21	2
132	aak-2	2	21	2
132	aak-2	2	21	2
133	aak-2	2	24	2
133	aak-2	2	24	2
134	aak-2	2	24	2
134	aak-2	2	24	2
135	aak-2	2	27	2
135	aak-2	2	27	2
136	aak-2	2	29	2
136	aak-2	2	29	2
137	aak-2	2	17	3
137	aak-2	2	17	3
138	aak-2	2	17	3
138	aak-2	2	17	3
139	aak-2	2	17	3
139	aak-2	2	17	3
140	aak-2	2	17	3
140	aak-2	2	17	3
141	aak-2	2	17	3
141	aak-2	2	17	3
142	sir2.1	1	14	0
142	sir2.1	1	14	0
143	sir2.1	1	17	0
143	sir2.1	1	17	0
144	sir2.1	1	17	0
144	sir2.1	1	17	0
145	sir2.1	1	21	0
145	sir2.1	1	21	0
146	sir2.1	1	21	0
146	sir2.1	1	21	0
147	sir2.1	1	21	0
147	sir2.1	1	21	0
148	sir2.1	1	24	0
148	sir2.1	1	24	0
149	sir2.1	1	24	0
149	sir2.1	1	24	0
150	sir2.1	1	24	0
150	sir2.1	1	24	0
151	sir2.1	1	27	0
151	sir2.1	1	27	0
152	sir2.1	1	27	0
152	sir2.1	1	27	0
153	sir2.1	1	27	0
153	sir2.1	1	27	0
154	sir2.1	1	27	0
154	sir2.1	1	27	0
155	sir2.1	1	27	0
155	sir2.1	1	27	0
156	sir2.1	1	27	0
156	sir2.1	1	27	0
157	sir2.1	1	27	0
157	sir2.1	1	27	0
158	sir2.1	1	27	0
158	sir2.1	1	27	0
159	sir2.1	1	29	0
159	sir2.1	1	29	0
160	sir2.1	1	29	0
160	sir2.1	1	29	0
161	sir2.1	1	29	0
161	sir2.1	1	29	0
162	sir2.1	1	29	0
162	sir2.1	1	29	0
163	sir2.1	1	29	0
163	sir2.1	1	29	0
164	sir2.1	1	29	0
164	sir2.1	1	29	0
165	sir2.1	1	29	0
165	sir2.1	1	29	0
166	sir2.1	1	29	0
166	sir2.1	1	29	0
167	sir2.1	1	29	0
167	sir2.1	1	29	0
168	sir2.1	1	29	0
168	sir2.1	1	29	0
169	sir2.1	1	29	0
169	sir2.1	1	29	0
170	sir2.1	1	29	0
170	sir2.1	1	29	0
171	sir2.1	1	29	0
171	sir2.1	1	29	0
172	sir2.1	1	29	0
172	sir2.1	1	29	0
173	sir2.1	1	29	0
173	sir2.1	1	29	0
174	sir2.1	1	29	0
174	sir2.1	1	29	0
175	sir2.1	1	31	0
175	sir2.1	1	31	0
176	sir2.1	1	31	0
176	sir2.1	1	31	0
177	sir2.1	1	31	0
177	sir2.1	1	31	0
178	sir2.1	1	31	0
178	sir2.1	1	31	0
179	sir2.1	1	31	0
179	sir2.1	1	31	0
180	sir2.1	1	31	0
180	sir2.1	1	31	0
181	sir2.1	1	31	0
181	sir2.1	1	31	0
182	sir2.1	1	34	0
182	sir2.1	1	34	0
183	sir2.1	1	34	0
183	sir2.1	1	34	0
184	sir2.1	1	34	0
184	sir2.1	1	34	0
185	sir2.1	1	34	0
185	sir2.1	1	34	0
186	sir2.1	1	34	0
186	sir2.1	1	34	0
187	sir2.1	1	34	0
187	sir2.1	1	34	0
188	sir2.1	1	34	0
188	sir2.1	1	34	0
189	sir2.1	1	34	0
189	sir2.1	1	34	0
190	sir2.1	1	34	0
190	sir2.1	1	34	0
191	sir2.1	1	36	0
191	sir2.1	1	36	0
192	sir2.1	1	17	2
192	sir2.1	1	17	2
193	sir2.1	1	21	2
193	sir2.1	1	21	2
194	sir2.1	1	24	2
194	sir2.1	1	24	2
195	sir2.1	1	27	2
195	sir2.1	1	27	2
196	sir2.1	1	29	2
196	sir2.1	1	29	2
197	sir2.1	1	17	3
197	sir2.1	1	17	3
198	sir2.1	2	17	0
198	sir2.1	2	17	0
199	sir2.1	2	21	0
199	sir2.1	2	21	0
200	sir2.1	2	21	0
200	sir2.1	2	21	0
201	sir2.1	2	21	0
201	sir2.1	2	21	0
202	sir2.1	2	24	0
202	sir2.1	2	24	0
203	sir2.1	2	24	0
203	sir2.1	2	24	0
204	sir2.1	2	24	0
204	sir2.1	2	24	0
205	sir2.1	2	24	0
205	sir2.1	2	24	0
206	sir2.1	2	24	0
206	sir2.1	2	24	0
207	sir2.1	2	27	0
207	sir2.1	2	27	0
208	sir2.1	2	27	0
208	sir2.1	2	27	0
209	sir2.1	2	27	0
209	sir2.1	2	27	0
210	sir2.1	2	27	0
210	sir2.1	2	27	0
211	sir2.1	2	27	0
211	sir2.1	2	27	0
212	sir2.1	2	27	0
212	sir2.1	2	27	0
213	sir2.1	2	27	0
213	sir2.1	2	27	0
214	sir2.1	2	29	0
214	sir2.1	2	29	0
215	sir2.1	2	29	0
215	sir2.1	2	29	0
216	sir2.1	2	29	0
216	sir2.1	2	29	0
217	sir2.1	2	29	0
217	sir2.1	2	29	0
218	sir2.1	2	29	0
218	sir2.1	2	29	0
219	sir2.1	2	29	0
219	sir2.1	2	29	0
220	sir2.1	2	29	0
220	sir2.1	2	29	0
221	sir2.1	2	29	0
221	sir2.1	2	29	0
222	sir2.1	2	29	0
222	sir2.1	2	29	0
223	sir2.1	2	29	0
223	sir2.1	2	29	0
224	sir2.1	2	29	0
224	sir2.1	2	29	0
225	sir2.1	2	29	0
225	sir2.1	2	29	0
226	sir2.1	2	29	0
226	sir2.1	2	29	0
227	sir2.1	2	29	0
227	sir2.1	2	29	0
228	sir2.1	2	29	0
228	sir2.1	2	29	0
229	sir2.1	2	29	0
229	sir2.1	2	29	0
230	sir2.1	2	31	0
230	sir2.1	2	31	0
231	sir2.1	2	31	0
231	sir2.1	2	31	0
232	sir2.1	2	31	0
232	sir2.1	2	31	0
233	sir2.1	2	31	0
233	sir2.1	2	31	0
234	sir2.1	2	31	0
234	sir2.1	2	31	0
235	sir2.1	2	31	0
235	sir2.1	2	31	0
236	sir2.1	2	31	0
236	sir2.1	2	31	0
237	sir2.1	2	34	0
237	sir2.1	2	34	0
238	sir2.1	2	34	0
238	sir2.1	2	34	0
239	sir2.1	2	34	0
239	sir2.1	2	34	0
240	sir2.1	2	34	0
240	sir2.1	2	34	0
241	sir2.1	2	34	0
241	sir2.1	2	34	0
242	sir2.1	2	21	2
242	sir2.1	2	21	2
243	sir2.1	2	27	2
243	sir2.1	2	27	2
244	sir2.1	2	17	3
244	sir2.1	2	17	3
245	SKN-1OE	1	17	0
245	SKN-1OE	1	17	0
246	SKN-1OE	1	17	0
246	SKN-1OE	1	17	0
247	SKN-1OE	1	17	0
247	SKN-1OE	1	17	0
248	SKN-1OE	1	21	0
248	SKN-1OE	1	21	0
249	SKN-1OE	1	21	0
249	SKN-1OE	1	21	0
250	SKN-1OE	1	21	0
250	SKN-1OE	1	21	0
251	SKN-1OE	1	21	0
251	SKN-1OE	1	21	0
252	SKN-1OE	1	24	0
252	SKN-1OE	1	24	0
253	SKN-1OE	1	24	0
253	SKN-1OE	1	24	0
254	SKN-1OE	1	24	0
254	SKN-1OE	1	24	0
255	SKN-1OE	1	24	0
255	SKN-1OE	1	24	0
256	SKN-1OE	1	24	0
256	SKN-1OE	1	24	0
257	SKN-1OE	1	24	0
257	SKN-1OE	1	24	0
258	SKN-1OE	1	27	0
258	SKN-1OE	1	27	0
259	SKN-1OE	1	27	0
259	SKN-1OE	1	27	0
260	SKN-1OE	1	27	0
260	SKN-1OE	1	27	0
261	SKN-1OE	1	27	0
261	SKN-1OE	1	27	0
262	SKN-1OE	1	27	0
262	SKN-1OE	1	27	0
263	SKN-1OE	1	27	0
263	SKN-1OE	1	27	0
264	SKN-1OE	1	27	0
264	SKN-1OE	1	27	0
265	SKN-1OE	1	27	0
265	SKN-1OE	1	27	0
266	SKN-1OE	1	27	0
266	SKN-1OE	1	27	0
267	SKN-1OE	1	27	0
267	SKN-1OE	1	27	0
268	SKN-1OE	1	27	0
268	SKN-1OE	1	27	0
269	SKN-1OE	1	29	0
269	SKN-1OE	1	29	0
270	SKN-1OE	1	29	0
270	SKN-1OE	1	29	0
271	SKN-1OE	1	29	0
271	SKN-1OE	1	29	0
272	SKN-1OE	1	29	0
272	SKN-1OE	1	29	0
273	SKN-1OE	1	29	0
273	SKN-1OE	1	29	0
274	SKN-1OE	1	29	0
274	SKN-1OE	1	29	0
275	SKN-1OE	1	29	0
275	SKN-1OE	1	29	0
276	SKN-1OE	1	29	0
276	SKN-1OE	1	29	0
277	SKN-1OE	1	29	0
277	SKN-1OE	1	29	0
278	SKN-1OE	1	29	0
278	SKN-1OE	1	29	0
279	SKN-1OE	1	29	0
279	SKN-1OE	1	29	0
280	SKN-1OE	1	29	0
280	SKN-1OE	1	29	0
281	SKN-1OE	1	29	0
281	SKN-1OE	1	29	0
282	SKN-1OE	1	29	0
282	SKN-1OE	1	29	0
283	SKN-1OE	1	31	0
283	SKN-1OE	1	31	0
284	SKN-1OE	1	31	0
284	SKN-1OE	1	31	0
285	SKN-1OE	1	31	0
285	SKN-1OE	1	31	0
286	SKN-1OE	1	31	0
286	SKN-1OE	1	31	0
287	SKN-1OE	1	31	0
287	SKN-1OE	1	31	0
288	SKN-1OE	1	31	0
288	SKN-1OE	1	31	0
289	SKN-1OE	1	31	0
289	SKN-1OE	1	31	0
290	SKN-1OE	1	31	0
290	SKN-1OE	1	31	0
291	SKN-1OE	1	31	0
291	SKN-1OE	1	31	0
292	SKN-1OE	1	31	0
292	SKN-1OE	1	31	0
293	SKN-1OE	1	34	0
293	SKN-1OE	1	34	0
294	SKN-1OE	1	34	0
294	SKN-1OE	1	34	0
295	SKN-1OE	1	34	0
295	SKN-1OE	1	34	0
296	SKN-1OE	1	34	0
296	SKN-1OE	1	34	0
297	SKN-1OE	1	34	0
297	SKN-1OE	1	34	0
298	SKN-1OE	1	34	0
298	SKN-1OE	1	34	0
299	SKN-1OE	1	34	0
299	SKN-1OE	1	34	0
300	SKN-1OE	1	34	0
300	SKN-1OE	1	34	0
301	SKN-1OE	1	34	0
301	SKN-1OE	1	34	0
302	SKN-1OE	1	34	0
302	SKN-1OE	1	34	0
303	SKN-1OE	1	36	0
303	SKN-1OE	1	36	0
304	SKN-1OE	1	36	0
304	SKN-1OE	1	36	0
305	SKN-1OE	1	36	0
305	SKN-1OE	1	36	0
306	SKN-1OE	1	36	0
306	SKN-1OE	1	36	0
307	SKN-1OE	1	36	0
307	SKN-1OE	1	36	0
308	SKN-1OE	1	36	0
308	SKN-1OE	1	36	0
309	SKN-1OE	1	36	0
309	SKN-1OE	1	36	0
310	SKN-1OE	1	38	0
310	SKN-1OE	1	38	0
311	SKN-1OE	1	38	0
311	SKN-1OE	1	38	0
312	SKN-1OE	1	38	0
312	SKN-1OE	1	38	0
313	SKN-1OE	1	38	0
313	SKN-1OE	1	38	0
314	SKN-1OE	1	41	0
314	SKN-1OE	1	41	0
315	SKN-1OE	1	41	0
315	SKN-1OE	1	41	0
316	SKN-1OE	1	24	2
316	SKN-1OE	1	24	2
317	SKN-1OE	1	24	2
317	SKN-1OE	1	24	2
318	SKN-1OE	1	29	2
318	SKN-1OE	1	29	2
319	SKN-1OE	2	14	0
319	SKN-1OE	2	14	0
320	SKN-1OE	2	14	0
320	SKN-1OE	2	14	0
321	SKN-1OE	2	14	0
321	SKN-1OE	2	14	0
322	SKN-1OE	2	14	0
322	SKN-1OE	2	14	0
323	SKN-1OE	2	14	0
323	SKN-1OE	2	14	0
324	SKN-1OE	2	17	0
324	SKN-1OE	2	17	0
325	SKN-1OE	2	17	0
325	SKN-1OE	2	17	0
326	SKN-1OE	2	17	0
326	SKN-1OE	2	17	0
327	SKN-1OE	2	17	0
327	SKN-1OE	2	17	0
328	SKN-1OE	2	21	0
328	SKN-1OE	2	21	0
329	SKN-1OE	2	21	0
329	SKN-1OE	2	21	0
330	SKN-1OE	2	21	0
330	SKN-1OE	2	21	0
331	SKN-1OE	2	21	0
331	SKN-1OE	2	21	0
332	SKN-1OE	2	21	0
332	SKN-1OE	2	21	0
333	SKN-1OE	2	21	0
333	SKN-1OE	2	21	0
334	SKN-1OE	2	21	0
334	SKN-1OE	2	21	0
335	SKN-1OE	2	21	0
335	SKN-1OE	2	21	0
336	SKN-1OE	2	21	0
336	SKN-1OE	2	21	0
337	SKN-1OE	2	21	0
337	SKN-1OE	2	21	0
338	SKN-1OE	2	21	0
338	SKN-1OE	2	21	0
339	SKN-1OE	2	21	0
339	SKN-1OE	2	21	0
340	SKN-1OE	2	21	0
340	SKN-1OE	2	21	0
341	SKN-1OE	2	21	0
341	SKN-1OE	2	21	0
342	SKN-1OE	2	24	0
342	SKN-1OE	2	24	0
343	SKN-1OE	2	24	0
343	SKN-1OE	2	24	0
344	SKN-1OE	2	24	0
344	SKN-1OE	2	24	0
345	SKN-1OE	2	24	0
345	SKN-1OE	2	24	0
346	SKN-1OE	2	24	0
346	SKN-1OE	2	24	0
347	SKN-1OE	2	24	0
347	SKN-1OE	2	24	0
348	SKN-1OE	2	24	0
348	SKN-1OE	2	24	0
349	SKN-1OE	2	24	0
349	SKN-1OE	2	24	0
350	SKN-1OE	2	24	0
350	SKN-1OE	2	24	0
351	SKN-1OE	2	24	0
351	SKN-1OE	2	24	0
352	SKN-1OE	2	24	0
352	SKN-1OE	2	24	0
353	SKN-1OE	2	24	0
353	SKN-1OE	2	24	0
354	SKN-1OE	2	24	0
354	SKN-1OE	2	24	0
355	SKN-1OE	2	24	0
355	SKN-1OE	2	24	0
356	SKN-1OE	2	24	0
356	SKN-1OE	2	24	0
357	SKN-1OE	2	24	0
357	SKN-1OE	2	24	0
358	SKN-1OE	2	24	0
358	SKN-1OE	2	24	0
359	SKN-1OE	2	24	0
359	SKN-1OE	2	24	0
360	SKN-1OE	2	24	0
360	SKN-1OE	2	24	0
361	SKN-1OE	2	24	0
361	SKN-1OE	2	24	0
362	SKN-1OE	2	24	0
362	SKN-1OE	2	24	0
363	SKN-1OE	2	24	0
363	SKN-1OE	2	24	0
364	SKN-1OE	2	24	0
364	SKN-1OE	2	24	0
365	SKN-1OE	2	24	0
365	SKN-1OE	2	24	0
366	SKN-1OE	2	24	0
366	SKN-1OE	2	24	0
367	SKN-1OE	2	27	0
367	SKN-1OE	2	27	0
368	SKN-1OE	2	27	0
368	SKN-1OE	2	27	0
369	SKN-1OE	2	27	0
369	SKN-1OE	2	27	0
370	SKN-1OE	2	27	0
370	SKN-1OE	2	27	0
371	SKN-1OE	2	27	0
371	SKN-1OE	2	27	0
372	SKN-1OE	2	27	0
372	SKN-1OE	2	27	0
373	SKN-1OE	2	27	0
373	SKN-1OE	2	27	0
374	SKN-1OE	2	27	0
374	SKN-1OE	2	27	0
375	SKN-1OE	2	27	0
375	SKN-1OE	2	27	0
376	SKN-1OE	2	27	0
376	SKN-1OE	2	27	0
377	SKN-1OE	2	27	0
377	SKN-1OE	2	27	0
378	SKN-1OE	2	27	0
378	SKN-1OE	2	27	0
379	SKN-1OE	2	27	0
379	SKN-1OE	2	27	0
380	SKN-1OE	2	27	0
380	SKN-1OE	2	27	0
381	SKN-1OE	2	27	0
381	SKN-1OE	2	27	0
382	SKN-1OE	2	27	0
382	SKN-1OE	2	27	0
383	SKN-1OE	2	27	0
383	SKN-1OE	2	27	0
384	SKN-1OE	2	27	0
384	SKN-1OE	2	27	0
385	SKN-1OE	2	27	0
385	SKN-1OE	2	27	0
386	SKN-1OE	2	27	0
386	SKN-1OE	2	27	0
387	SKN-1OE	2	27	0
387	SKN-1OE	2	27	0
388	SKN-1OE	2	27	0
388	SKN-1OE	2	27	0
389	SKN-1OE	2	27	0
389	SKN-1OE	2	27	0
390	SKN-1OE	2	27	0
390	SKN-1OE	2	27	0
391	SKN-1OE	2	27	0
391	SKN-1OE	2	27	0
392	SKN-1OE	2	27	0
392	SKN-1OE	2	27	0
393	SKN-1OE	2	27	0
393	SKN-1OE	2	27	0
394	SKN-1OE	2	27	0
394	SKN-1OE	2	27	0
395	SKN-1OE	2	27	0
395	SKN-1OE	2	27	0
396	SKN-1OE	2	27	0
396	SKN-1OE	2	27	0
397	SKN-1OE	2	27	0
397	SKN-1OE	2	27	0
398	SKN-1OE	2	27	0
398	SKN-1OE	2	27	0
399	SKN-1OE	2	27	0
399	SKN-1OE	2	27	0
400	SKN-1OE	2	27	0
400	SKN-1OE	2	27	0
401	SKN-1OE	2	27	0
401	SKN-1OE	2	27	0
402	SKN-1OE	2	27	0
402	SKN-1OE	2	27	0
403	SKN-1OE	2	27	0
403	SKN-1OE	2	27	0
404	SKN-1OE	2	27	0
404	SKN-1OE	2	27	0
405	SKN-1OE	2	27	0
405	SKN-1OE	2	27	0
406	SKN-1OE	2	27	0
406	SKN-1OE	2	27	0
407	SKN-1OE	2	27	0
407	SKN-1OE	2	27	0
408	SKN-1OE	2	27	0
408	SKN-1OE	2	27	0
409	SKN-1OE	2	27	0
409	SKN-1OE	2	27	0
410	SKN-1OE	2	27	0
410	SKN-1OE	2	27	0
411	SKN-1OE	2	27	0
411	SKN-1OE	2	27	0
412	SKN-1OE	2	27	0
412	SKN-1OE	2	27	0
413	SKN-1OE	2	27	0
413	SKN-1OE	2	27	0
414	SKN-1OE	2	29	0
414	SKN-1OE	2	29	0
415	SKN-1OE	2	29	0
415	SKN-1OE	2	29	0
416	SKN-1OE	2	29	0
416	SKN-1OE	2	29	0
417	SKN-1OE	2	29	0
417	SKN-1OE	2	29	0
418	SKN-1OE	2	29	0
418	SKN-1OE	2	29	0
419	SKN-1OE	2	29	0
419	SKN-1OE	2	29	0
420	SKN-1OE	2	29	0
420	SKN-1OE	2	29	0
421	SKN-1OE	2	29	0
421	SKN-1OE	2	29	0
422	SKN-1OE	2	29	0
422	SKN-1OE	2	29	0
423	SKN-1OE	2	29	0
423	SKN-1OE	2	29	0
424	SKN-1OE	2	29	0
424	SKN-1OE	2	29	0
425	SKN-1OE	2	29	0
425	SKN-1OE	2	29	0
426	SKN-1OE	2	29	0
426	SKN-1OE	2	29	0
427	SKN-1OE	2	29	0
427	SKN-1OE	2	29	0
428	SKN-1OE	2	29	0
428	SKN-1OE	2	29	0
429	SKN-1OE	2	29	0
429	SKN-1OE	2	29	0
430	SKN-1OE	2	29	0
430	SKN-1OE	2	29	0
431	SKN-1OE	2	29	0
431	SKN-1OE	2	29	0
432	SKN-1OE	2	29	0
432	SKN-1OE	2	29	0
433	SKN-1OE	2	29	0
433	SKN-1OE	2	29	0
434	SKN-1OE	2	29	0
434	SKN-1OE	2	29	0
435	SKN-1OE	2	29	0
435	SKN-1OE	2	29	0
436	SKN-1OE	2	29	0
436	SKN-1OE	2	29	0
437	SKN-1OE	2	29	0
437	SKN-1OE	2	29	0
438	SKN-1OE	2	29	0
438	SKN-1OE	2	29	0
439	SKN-1OE	2	29	0
439	SKN-1OE	2	29	0
440	SKN-1OE	2	29	0
440	SKN-1OE	2	29	0
441	SKN-1OE	2	29	0
441	SKN-1OE	2	29	0
442	SKN-1OE	2	29	0
442	SKN-1OE	2	29	0
443	SKN-1OE	2	29	0
443	SKN-1OE	2	29	0
444	SKN-1OE	2	29	0
444	SKN-1OE	2	29	0
445	SKN-1OE	2	29	0
445	SKN-1OE	2	29	0
446	SKN-1OE	2	29	0
446	SKN-1OE	2	29	0
447	SKN-1OE	2	29	0
447	SKN-1OE	2	29	0
448	SKN-1OE	2	29	0
448	SKN-1OE	2	29	0
449	SKN-1OE	2	29	0
449	SKN-1OE	2	29	0
450	SKN-1OE	2	29	0
450	SKN-1OE	2	29	0
451	SKN-1OE	2	29	0
451	SKN-1OE	2	29	0
452	SKN-1OE	2	29	0
452	SKN-1OE	2	29	0
453	SKN-1OE	2	29	0
453	SKN-1OE	2	29	0
454	SKN-1OE	2	29	0
454	SKN-1OE	2	29	0
455	SKN-1OE	2	29	0
455	SKN-1OE	2	29	0
456	SKN-1OE	2	29	0
456	SKN-1OE	2	29	0
457	SKN-1OE	2	29	0
457	SKN-1OE	2	29	0
458	SKN-1OE	2	29	0
458	SKN-1OE	2	29	0
459	SKN-1OE	2	29	0
459	SKN-1OE	2	29	0
460	SKN-1OE	2	29	0
460	SKN-1OE	2	29	0
461	SKN-1OE	2	29	0
461	SKN-1OE	2	29	0
462	SKN-1OE	2	29	0
462	SKN-1OE	2	29	0
463	SKN-1OE	2	29	0
463	SKN-1OE	2	29	0
464	SKN-1OE	2	29	0
464	SKN-1OE	2	29	0
465	SKN-1OE	2	29	0
465	SKN-1OE	2	29	0
466	SKN-1OE	2	29	0
466	SKN-1OE	2	29	0
467	SKN-1OE	2	29	0
467	SKN-1OE	2	29	0
468	SKN-1OE	2	29	0
468	SKN-1OE	2	29	0
469	SKN-1OE	2	29	0
469	SKN-1OE	2	29	0
470	SKN-1OE	2	29	0
470	SKN-1OE	2	29	0
471	SKN-1OE	2	29	0
471	SKN-1OE	2	29	0
472	SKN-1OE	2	29	0
472	SKN-1OE	2	29	0
473	SKN-1OE	2	29	0
473	SKN-1OE	2	29	0
474	SKN-1OE	2	29	0
474	SKN-1OE	2	29	0
475	SKN-1OE	2	29	0
475	SKN-1OE	2	29	0
476	SKN-1OE	2	29	0
476	SKN-1OE	2	29	0
477	SKN-1OE	2	29	0
477	SKN-1OE	2	29	0
478	SKN-1OE	2	29	0
478	SKN-1OE	2	29	0
479	SKN-1OE	2	29	0
479	SKN-1OE	2	29	0
480	SKN-1OE	2	29	0
480	SKN-1OE	2	29	0
481	SKN-1OE	2	29	0
481	SKN-1OE	2	29	0
482	SKN-1OE	2	29	0
482	SKN-1OE	2	29	0
483	SKN-1OE	2	29	0
483	SKN-1OE	2	29	0
484	SKN-1OE	2	29	0
484	SKN-1OE	2	29	0
485	SKN-1OE	2	31	0
485	SKN-1OE	2	31	0
486	SKN-1OE	2	31	0
486	SKN-1OE	2	31	0
487	SKN-1OE	2	31	0
487	SKN-1OE	2	31	0
488	SKN-1OE	2	31	0
488	SKN-1OE	2	31	0
489	SKN-1OE	2	31	0
489	SKN-1OE	2	31	0
490	SKN-1OE	2	31	0
490	SKN-1OE	2	31	0
491	SKN-1OE	2	31	0
491	SKN-1OE	2	31	0
492	SKN-1OE	2	31	0
492	SKN-1OE	2	31	0
493	SKN-1OE	2	31	0
493	SKN-1OE	2	31	0
494	SKN-1OE	2	31	0
494	SKN-1OE	2	31	0
495	SKN-1OE	2	31	0
495	SKN-1OE	2	31	0
496	SKN-1OE	2	31	0
496	SKN-1OE	2	31	0
497	SKN-1OE	2	31	0
497	SKN-1OE	2	31	0
498	SKN-1OE	2	31	0
498	SKN-1OE	2	31	0
499	SKN-1OE	2	31	0
499	SKN-1OE	2	31	0
500	SKN-1OE	2	31	0
500	SKN-1OE	2	31	0
501	SKN-1OE	2	31	0
501	SKN-1OE	2	31	0
502	SKN-1OE	2	31	0
502	SKN-1OE	2	31	0
503	SKN-1OE	2	31	0
503	SKN-1OE	2	31	0
504	SKN-1OE	2	31	0
504	SKN-1OE	2	31	0
505	SKN-1OE	2	31	0
505	SKN-1OE	2	31	0
506	SKN-1OE	2	31	0
506	SKN-1OE	2	31	0
507	SKN-1OE	2	31	0
507	SKN-1OE	2	31	0
508	SKN-1OE	2	31	0
508	SKN-1OE	2	31	0
509	SKN-1OE	2	31	0
509	SKN-1OE	2	31	0
510	SKN-1OE	2	31	0
510	SKN-1OE	2	31	0
511	SKN-1OE	2	31	0
511	SKN-1OE	2	31	0
512	SKN-1OE	2	31	0
512	SKN-1OE	2	31	0
513	SKN-1OE	2	31	0
513	SKN-1OE	2	31	0
514	SKN-1OE	2	31	0
514	SKN-1OE	2	31	0
515	SKN-1OE	2	31	0
515	SKN-1OE	2	31	0
516	SKN-1OE	2	31	0
516	SKN-1OE	2	31	0
517	SKN-1OE	2	31	0
517	SKN-1OE	2	31	0
518	SKN-1OE	2	31	0
518	SKN-1OE	2	31	0
519	SKN-1OE	2	31	0
519	SKN-1OE	2	31	0
520	SKN-1OE	2	31	0
520	SKN-1OE	2	31	0
521	SKN-1OE	2	31	0
521	SKN-1OE	2	31	0
522	SKN-1OE	2	31	0
522	SKN-1OE	2	31	0
523	SKN-1OE	2	31	0
523	SKN-1OE	2	31	0
524	SKN-1OE	2	31	0
524	SKN-1OE	2	31	0
525	SKN-1OE	2	31	0
525	SKN-1OE	2	31	0
526	SKN-1OE	2	31	0
526	SKN-1OE	2	31	0
527	SKN-1OE	2	31	0
527	SKN-1OE	2	31	0
528	SKN-1OE	2	31	0
528	SKN-1OE	2	31	0
529	SKN-1OE	2	31	0
529	SKN-1OE	2	31	0
530	SKN-1OE	2	31	0
530	SKN-1OE	2	31	0
531	SKN-1OE	2	31	0
531	SKN-1OE	2	31	0
532	SKN-1OE	2	31	0
532	SKN-1OE	2	31	0
533	SKN-1OE	2	31	0
533	SKN-1OE	2	31	0
534	SKN-1OE	2	31	0
534	SKN-1OE	2	31	0
535	SKN-1OE	2	31	0
535	SKN-1OE	2	31	0
536	SKN-1OE	2	31	0
536	SKN-1OE	2	31	0
537	SKN-1OE	2	31	0
537	SKN-1OE	2	31	0
538	SKN-1OE	2	31	0
538	SKN-1OE	2	31	0
539	SKN-1OE	2	31	0
539	SKN-1OE	2	31	0
540	SKN-1OE	2	31	0
540	SKN-1OE	2	31	0
541	SKN-1OE	2	31	0
541	SKN-1OE	2	31	0
542	SKN-1OE	2	31	0
542	SKN-1OE	2	31	0
543	SKN-1OE	2	31	0
543	SKN-1OE	2	31	0
544	SKN-1OE	2	31	0
544	SKN-1OE	2	31	0
545	SKN-1OE	2	31	0
545	SKN-1OE	2	31	0
546	SKN-1OE	2	31	0
546	SKN-1OE	2	31	0
547	SKN-1OE	2	31	0
547	SKN-1OE	2	31	0
548	SKN-1OE	2	31	0
548	SKN-1OE	2	31	0
549	SKN-1OE	2	31	0
549	SKN-1OE	2	31	0
550	SKN-1OE	2	31	0
550	SKN-1OE	2	31	0
551	SKN-1OE	2	31	0
551	SKN-1OE	2	31	0
552	SKN-1OE	2	31	0
552	SKN-1OE	2	31	0
553	SKN-1OE	2	31	0
553	SKN-1OE	2	31	0
554	SKN-1OE	2	31	0
554	SKN-1OE	2	31	0
555	SKN-1OE	2	31	0
555	SKN-1OE	2	31	0
556	SKN-1OE	2	34	0
556	SKN-1OE	2	34	0
557	SKN-1OE	2	34	0
557	SKN-1OE	2	34	0
558	SKN-1OE	2	34	0
558	SKN-1OE	2	34	0
559	SKN-1OE	2	34	0
559	SKN-1OE	2	34	0
560	SKN-1OE	2	34	0
560	SKN-1OE	2	34	0
561	SKN-1OE	2	34	0
561	SKN-1OE	2	34	0
562	SKN-1OE	2	34	0
562	SKN-1OE	2	34	0
563	SKN-1OE	2	34	0
563	SKN-1OE	2	34	0
564	SKN-1OE	2	34	0
564	SKN-1OE	2	34	0
565	SKN-1OE	2	34	0
565	SKN-1OE	2	34	0
566	SKN-1OE	2	34	0
566	SKN-1OE	2	34	0
567	SKN-1OE	2	34	0
567	SKN-1OE	2	34	0
568	SKN-1OE	2	34	0
568	SKN-1OE	2	34	0
569	SKN-1OE	2	34	0
569	SKN-1OE	2	34	0
570	SKN-1OE	2	34	0
570	SKN-1OE	2	34	0
571	SKN-1OE	2	34	0
571	SKN-1OE	2	34	0
572	SKN-1OE	2	34	0
572	SKN-1OE	2	34	0
573	SKN-1OE	2	34	0
573	SKN-1OE	2	34	0
574	SKN-1OE	2	34	0
574	SKN-1OE	2	34	0
575	SKN-1OE	2	34	0
575	SKN-1OE	2	34	0
576	SKN-1OE	2	34	0
576	SKN-1OE	2	34	0
577	SKN-1OE	2	34	0
577	SKN-1OE	2	34	0
578	SKN-1OE	2	34	0
578	SKN-1OE	2	34	0
579	SKN-1OE	2	34	0
579	SKN-1OE	2	34	0
580	SKN-1OE	2	34	0
580	SKN-1OE	2	34	0
581	SKN-1OE	2	34	0
581	SKN-1OE	2	34	0
582	SKN-1OE	2	34	0
582	SKN-1OE	2	34	0
583	SKN-1OE	2	34	0
583	SKN-1OE	2	34	0
584	SKN-1OE	2	34	0
584	SKN-1OE	2	34	0
585	SKN-1OE	2	34	0
585	SKN-1OE	2	34	0
586	SKN-1OE	2	34	0
586	SKN-1OE	2	34	0
587	SKN-1OE	2	34	0
587	SKN-1OE	2	34	0
588	SKN-1OE	2	34	0
588	SKN-1OE	2	34	0
589	SKN-1OE	2	34	0
589	SKN-1OE	2	34	0
590	SKN-1OE	2	34	0
590	SKN-1OE	2	34	0
591	SKN-1OE	2	34	0
591	SKN-1OE	2	34	0
592	SKN-1OE	2	34	0
592	SKN-1OE	2	34	0
593	SKN-1OE	2	34	0
593	SKN-1OE	2	34	0
594	SKN-1OE	2	34	0
594	SKN-1OE	2	34	0
595	SKN-1OE	2	34	0
595	SKN-1OE	2	34	0
596	SKN-1OE	2	34	0
596	SKN-1OE	2	34	0
597	SKN-1OE	2	34	0
597	SKN-1OE	2	34	0
598	SKN-1OE	2	34	0
598	SKN-1OE	2	34	0
599	SKN-1OE	2	34	0
599	SKN-1OE	2	34	0
600	SKN-1OE	2	34	0
600	SKN-1OE	2	34	0
601	SKN-1OE	2	34	0
601	SKN-1OE	2	34	0
602	SKN-1OE	2	34	0
602	SKN-1OE	2	34	0
603	SKN-1OE	2	34	0
603	SKN-1OE	2	34	0
604	SKN-1OE	2	34	0
604	SKN-1OE	2	34	0
605	SKN-1OE	2	34	0
605	SKN-1OE	2	34	0
606	SKN-1OE	2	34	0
606	SKN-1OE	2	34	0
607	SKN-1OE	2	34	0
607	SKN-1OE	2	34	0
608	SKN-1OE	2	34	0
608	SKN-1OE	2	34	0
609	SKN-1OE	2	34	0
609	SKN-1OE	2	34	0
610	SKN-1OE	2	34	0
610	SKN-1OE	2	34	0
611	SKN-1OE	2	34	0
611	SKN-1OE	2	34	0
612	SKN-1OE	2	34	0
612	SKN-1OE	2	34	0
613	SKN-1OE	2	34	0
613	SKN-1OE	2	34	0
614	SKN-1OE	2	34	0
614	SKN-1OE	2	34	0
615	SKN-1OE	2	34	0
615	SKN-1OE	2	34	0
616	SKN-1OE	2	34	0
616	SKN-1OE	2	34	0
617	SKN-1OE	2	34	0
617	SKN-1OE	2	34	0
618	SKN-1OE	2	34	0
618	SKN-1OE	2	34	0
619	SKN-1OE	2	34	0
619	SKN-1OE	2	34	0
620	SKN-1OE	2	34	0
620	SKN-1OE	2	34	0
621	SKN-1OE	2	34	0
621	SKN-1OE	2	34	0
622	SKN-1OE	2	34	0
622	SKN-1OE	2	34	0
623	SKN-1OE	2	34	0
623	SKN-1OE	2	34	0
624	SKN-1OE	2	34	0
624	SKN-1OE	2	34	0
625	SKN-1OE	2	34	0
625	SKN-1OE	2	34	0
626	SKN-1OE	2	34	0
626	SKN-1OE	2	34	0
627	SKN-1OE	2	34	0
627	SKN-1OE	2	34	0
628	SKN-1OE	2	34	0
628	SKN-1OE	2	34	0
629	SKN-1OE	2	34	0
629	SKN-1OE	2	34	0
630	SKN-1OE	2	34	0
630	SKN-1OE	2	34	0
631	SKN-1OE	2	34	0
631	SKN-1OE	2	34	0
632	SKN-1OE	2	34	0
632	SKN-1OE	2	34	0
633	SKN-1OE	2	34	0
633	SKN-1OE	2	34	0
634	SKN-1OE	2	34	0
634	SKN-1OE	2	34	0
635	SKN-1OE	2	34	0
635	SKN-1OE	2	34	0
636	SKN-1OE	2	36	0
636	SKN-1OE	2	36	0
637	SKN-1OE	2	36	0
637	SKN-1OE	2	36	0
638	SKN-1OE	2	36	0
638	SKN-1OE	2	36	0
639	SKN-1OE	2	36	0
639	SKN-1OE	2	36	0
640	SKN-1OE	2	36	0
640	SKN-1OE	2	36	0
641	SKN-1OE	2	36	0
641	SKN-1OE	2	36	0
642	SKN-1OE	2	36	0
642	SKN-1OE	2	36	0
643	SKN-1OE	2	36	0
643	SKN-1OE	2	36	0
644	SKN-1OE	2	36	0
644	SKN-1OE	2	36	0
645	SKN-1OE	2	36	0
645	SKN-1OE	2	36	0
646	SKN-1OE	2	36	0
646	SKN-1OE	2	36	0
647	SKN-1OE	2	36	0
647	SKN-1OE	2	36	0
648	SKN-1OE	2	36	0
648	SKN-1OE	2	36	0
649	SKN-1OE	2	36	0
649	SKN-1OE	2	36	0
650	SKN-1OE	2	36	0
650	SKN-1OE	2	36	0
651	SKN-1OE	2	36	0
651	SKN-1OE	2	36	0
652	SKN-1OE	2	36	0
652	SKN-1OE	2	36	0
653	SKN-1OE	2	36	0
653	SKN-1OE	2	36	0
654	SKN-1OE	2	36	0
654	SKN-1OE	2	36	0
655	SKN-1OE	2	36	0
655	SKN-1OE	2	36	0
656	SKN-1OE	2	36	0
656	SKN-1OE	2	36	0
657	SKN-1OE	2	36	0
657	SKN-1OE	2	36	0
658	SKN-1OE	2	36	0
658	SKN-1OE	2	36	0
659	SKN-1OE	2	36	0
659	SKN-1OE	2	36	0
660	SKN-1OE	2	36	0
660	SKN-1OE	2	36	0
661	SKN-1OE	2	36	0
661	SKN-1OE	2	36	0
662	SKN-1OE	2	36	0
662	SKN-1OE	2	36	0
663	SKN-1OE	2	36	0
663	SKN-1OE	2	36	0
664	SKN-1OE	2	36	0
664	SKN-1OE	2	36	0
665	SKN-1OE	2	36	0
665	SKN-1OE	2	36	0
666	SKN-1OE	2	36	0
666	SKN-1OE	2	36	0
667	SKN-1OE	2	36	0
667	SKN-1OE	2	36	0
668	SKN-1OE	2	36	0
668	SKN-1OE	2	36	0
669	SKN-1OE	2	36	0
669	SKN-1OE	2	36	0
670	SKN-1OE	2	36	0
670	SKN-1OE	2	36	0
671	SKN-1OE	2	36	0
671	SKN-1OE	2	36	0
672	SKN-1OE	2	36	0
672	SKN-1OE	2	36	0
673	SKN-1OE	2	36	0
673	SKN-1OE	2	36	0
674	SKN-1OE	2	36	0
674	SKN-1OE	2	36	0
675	SKN-1OE	2	36	0
675	SKN-1OE	2	36	0
676	SKN-1OE	2	36	0
676	SKN-1OE	2	36	0
677	SKN-1OE	2	36	0
677	SKN-1OE	2	36	0
678	SKN-1OE	2	36	0
678	SKN-1OE	2	36	0
679	SKN-1OE	2	36	0
679	SKN-1OE	2	36	0
680	SKN-1OE	2	36	0
680	SKN-1OE	2	36	0
681	SKN-1OE	2	36	0
681	SKN-1OE	2	36	0
682	SKN-1OE	2	36	0
682	SKN-1OE	2	36	0
683	SKN-1OE	2	36	0
683	SKN-1OE	2	36	0
684	SKN-1OE	2	36	0
684	SKN-1OE	2	36	0
685	SKN-1OE	2	36	0
685	SKN-1OE	2	36	0
686	SKN-1OE	2	36	0
686	SKN-1OE	2	36	0
687	SKN-1OE	2	36	0
687	SKN-1OE	2	36	0
688	SKN-1OE	2	36	0
688	SKN-1OE	2	36	0
689	SKN-1OE	2	36	0
689	SKN-1OE	2	36	0
690	SKN-1OE	2	36	0
690	SKN-1OE	2	36	0
691	SKN-1OE	2	36	0
691	SKN-1OE	2	36	0
692	SKN-1OE	2	36	0
692	SKN-1OE	2	36	0
693	SKN-1OE	2	36	0
693	SKN-1OE	2	36	0
694	SKN-1OE	2	36	0
694	SKN-1OE	2	36	0
695	SKN-1OE	2	36	0
695	SKN-1OE	2	36	0
696	SKN-1OE	2	36	0
696	SKN-1OE	2	36	0
697	SKN-1OE	2	38	0
697	SKN-1OE	2	38	0
698	SKN-1OE	2	38	0
698	SKN-1OE	2	38	0
699	SKN-1OE	2	38	0
699	SKN-1OE	2	38	0
700	SKN-1OE	2	38	0
700	SKN-1OE	2	38	0
701	SKN-1OE	2	38	0
701	SKN-1OE	2	38	0
702	SKN-1OE	2	38	0
702	SKN-1OE	2	38	0
703	SKN-1OE	2	38	0
703	SKN-1OE	2	38	0
704	SKN-1OE	2	38	0
704	SKN-1OE	2	38	0
705	SKN-1OE	2	38	0
705	SKN-1OE	2	38	0
706	SKN-1OE	2	38	0
706	SKN-1OE	2	38	0
707	SKN-1OE	2	38	0
707	SKN-1OE	2	38	0
708	SKN-1OE	2	38	0
708	SKN-1OE	2	38	0
709	SKN-1OE	2	38	0
709	SKN-1OE	2	38	0
710	SKN-1OE	2	38	0
710	SKN-1OE	2	38	0
711	SKN-1OE	2	38	0
711	SKN-1OE	2	38	0
712	SKN-1OE	2	38	0
712	SKN-1OE	2	38	0
713	SKN-1OE	2	38	0
713	SKN-1OE	2	38	0
714	SKN-1OE	2	38	0
714	SKN-1OE	2	38	0
715	SKN-1OE	2	38	0
715	SKN-1OE	2	38	0
716	SKN-1OE	2	38	0
716	SKN-1OE	2	38	0
717	SKN-1OE	2	38	0
717	SKN-1OE	2	38	0
718	SKN-1OE	2	38	0
718	SKN-1OE	2	38	0
719	SKN-1OE	2	38	0
719	SKN-1OE	2	38	0
720	SKN-1OE	2	38	0
720	SKN-1OE	2	38	0
721	SKN-1OE	2	38	0
721	SKN-1OE	2	38	0
722	SKN-1OE	2	38	0
722	SKN-1OE	2	38	0
723	SKN-1OE	2	38	0
723	SKN-1OE	2	38	0
724	SKN-1OE	2	38	0
724	SKN-1OE	2	38	0
725	SKN-1OE	2	38	0
725	SKN-1OE	2	38	0
726	SKN-1OE	2	38	0
726	SKN-1OE	2	38	0
727	SKN-1OE	2	38	0
727	SKN-1OE	2	38	0
728	SKN-1OE	2	38	0
728	SKN-1OE	2	38	0
729	SKN-1OE	2	38	0
729	SKN-1OE	2	38	0
730	SKN-1OE	2	38	0
730	SKN-1OE	2	38	0
731	SKN-1OE	2	38	0
731	SKN-1OE	2	38	0
732	SKN-1OE	2	38	0
732	SKN-1OE	2	38	0
733	SKN-1OE	2	38	0
733	SKN-1OE	2	38	0
734	SKN-1OE	2	38	0
734	SKN-1OE	2	38	0
735	SKN-1OE	2	38	0
735	SKN-1OE	2	38	0
736	SKN-1OE	2	38	0
736	SKN-1OE	2	38	0
737	SKN-1OE	2	38	0
737	SKN-1OE	2	38	0
738	SKN-1OE	2	38	0
738	SKN-1OE	2	38	0
739	SKN-1OE	2	38	0
739	SKN-1OE	2	38	0
740	SKN-1OE	2	38	0
740	SKN-1OE	2	38	0
741	SKN-1OE	2	38	0
741	SKN-1OE	2	38	0
742	SKN-1OE	2	41	0
742	SKN-1OE	2	41	0
743	SKN-1OE	2	41	0
743	SKN-1OE	2	41	0
744	SKN-1OE	2	41	0
744	SKN-1OE	2	41	0
745	SKN-1OE	2	41	0
745	SKN-1OE	2	41	0
746	SKN-1OE	2	41	0
746	SKN-1OE	2	41	0
747	SKN-1OE	2	41	0
747	SKN-1OE	2	41	0
748	SKN-1OE	2	17	2
748	SKN-1OE	2	17	2
749	SKN-1OE	2	21	2
749	SKN-1OE	2	21	2
750	SKN-1OE	2	21	2
750	SKN-1OE	2	21	2
751	SKN-1OE	2	21	2
751	SKN-1OE	2	21	2
752	SKN-1OE	2	21	2
752	SKN-1OE	2	21	2
753	SKN-1OE	2	24	2
753	SKN-1OE	2	24	2
754	SKN-1OE	2	24	2
754	SKN-1OE	2	24	2
755	SKN-1OE	2	24	2
755	SKN-1OE	2	24	2
756	SKN-1OE	2	29	2
756	SKN-1OE	2	29	2
757	SKN-1OE	2	17	3
757	SKN-1OE	2	17	3
758	SKN-1OE	2	17	3
758	SKN-1OE	2	17	3
759	SKN-1OE	2	24	3
759	SKN-1OE	2	24	3
760	SKN-1OE	2	29	3
760	SKN-1OE	2	29	3
761	EU-31	1	14	0
761	EU-31	1	14	0
762	EU-31	1	17	0
762	EU-31	1	17	0
763	EU-31	1	21	0
763	EU-31	1	21	0
764	EU-31	1	24	0
764	EU-31	1	24	0
765	EU-31	1	24	0
765	EU-31	1	24	0
766	EU-31	1	24	0
766	EU-31	1	24	0
767	EU-31	1	24	0
767	EU-31	1	24	0
768	EU-31	1	24	0
768	EU-31	1	24	0
769	EU-31	1	24	0
769	EU-31	1	24	0
770	EU-31	1	24	0
770	EU-31	1	24	0
771	EU-31	1	27	0
771	EU-31	1	27	0
772	EU-31	1	27	0
772	EU-31	1	27	0
773	EU-31	1	27	0
773	EU-31	1	27	0
774	EU-31	1	27	0
774	EU-31	1	27	0
775	EU-31	1	27	0
775	EU-31	1	27	0
776	EU-31	1	27	0
776	EU-31	1	27	0
777	EU-31	1	27	0
777	EU-31	1	27	0
778	EU-31	1	27	0
778	EU-31	1	27	0
779	EU-31	1	27	0
779	EU-31	1	27	0
780	EU-31	1	27	0
780	EU-31	1	27	0
781	EU-31	1	27	0
781	EU-31	1	27	0
782	EU-31	1	27	0
782	EU-31	1	27	0
783	EU-31	1	27	0
783	EU-31	1	27	0
784	EU-31	1	27	0
784	EU-31	1	27	0
785	EU-31	1	27	0
785	EU-31	1	27	0
786	EU-31	1	27	0
786	EU-31	1	27	0
787	EU-31	1	27	0
787	EU-31	1	27	0
788	EU-31	1	27	0
788	EU-31	1	27	0
789	EU-31	1	27	0
789	EU-31	1	27	0
790	EU-31	1	27	0
790	EU-31	1	27	0
791	EU-31	1	29	0
791	EU-31	1	29	0
792	EU-31	1	29	0
792	EU-31	1	29	0
793	EU-31	1	29	0
793	EU-31	1	29	0
794	EU-31	1	29	0
794	EU-31	1	29	0
795	EU-31	1	29	0
795	EU-31	1	29	0
796	EU-31	1	29	0
796	EU-31	1	29	0
797	EU-31	1	29	0
797	EU-31	1	29	0
798	EU-31	1	29	0
798	EU-31	1	29	0
799	EU-31	1	29	0
799	EU-31	1	29	0
800	EU-31	1	29	0
800	EU-31	1	29	0
801	EU-31	1	29	0
801	EU-31	1	29	0
802	EU-31	1	29	0
802	EU-31	1	29	0
803	EU-31	1	29	0
803	EU-31	1	29	0
804	EU-31	1	29	0
804	EU-31	1	29	0
805	EU-31	1	29	0
805	EU-31	1	29	0
806	EU-31	1	29	0
806	EU-31	1	29	0
807	EU-31	1	29	0
807	EU-31	1	29	0
808	EU-31	1	29	0
808	EU-31	1	29	0
809	EU-31	1	31	0
809	EU-31	1	31	0
810	EU-31	1	31	0
810	EU-31	1	31	0
811	EU-31	1	31	0
811	EU-31	1	31	0
812	EU-31	1	31	0
812	EU-31	1	31	0
813	EU-31	1	31	0
813	EU-31	1	31	0
814	EU-31	1	31	0
814	EU-31	1	31	0
815	EU-31	1	31	0
815	EU-31	1	31	0
816	EU-31	1	31	0
816	EU-31	1	31	0
817	EU-31	1	34	0
817	EU-31	1	34	0
818	EU-31	1	34	0
818	EU-31	1	34	0
819	EU-31	1	34	0
819	EU-31	1	34	0
820	EU-31	1	34	0
820	EU-31	1	34	0
821	EU-31	1	34	0
821	EU-31	1	34	0
822	EU-31	1	34	0
822	EU-31	1	34	0
823	EU-31	1	34	0
823	EU-31	1	34	0
824	EU-31	1	34	0
824	EU-31	1	34	0
825	EU-31	1	34	0
825	EU-31	1	34	0
826	EU-31	1	34	0
826	EU-31	1	34	0
827	EU-31	1	34	0
827	EU-31	1	34	0
828	EU-31	1	34	0
828	EU-31	1	34	0
829	EU-31	1	34	0
829	EU-31	1	34	0
830	EU-31	1	34	0
830	EU-31	1	34	0
831	EU-31	1	34	0
831	EU-31	1	34	0
832	EU-31	1	34	0
832	EU-31	1	34	0
833	EU-31	1	34	0
833	EU-31	1	34	0
834	EU-31	1	34	0
834	EU-31	1	34	0
835	EU-31	1	34	0
835	EU-31	1	34	0
836	EU-31	1	34	0
836	EU-31	1	34	0
837	EU-31	1	34	0
837	EU-31	1	34	0
838	EU-31	1	34	0
838	EU-31	1	34	0
839	EU-31	1	34	0
839	EU-31	1	34	0
840	EU-31	1	34	0
840	EU-31	1	34	0
841	EU-31	1	34	0
841	EU-31	1	34	0
842	EU-31	1	34	0
842	EU-31	1	34	0
843	EU-31	1	34	0
843	EU-31	1	34	0
844	EU-31	1	36	0
844	EU-31	1	36	0
845	EU-31	1	36	0
845	EU-31	1	36	0
846	EU-31	1	36	0
846	EU-31	1	36	0
847	EU-31	1	36	0
847	EU-31	1	36	0
848	EU-31	1	36	0
848	EU-31	1	36	0
849	EU-31	1	36	0
849	EU-31	1	36	0
850	EU-31	1	36	0
850	EU-31	1	36	0
851	EU-31	1	36	0
851	EU-31	1	36	0
852	EU-31	1	36	0
852	EU-31	1	36	0
853	EU-31	1	38	0
853	EU-31	1	38	0
854	EU-31	1	38	0
854	EU-31	1	38	0
855	EU-31	1	38	0
855	EU-31	1	38	0
856	EU-31	1	38	0
856	EU-31	1	38	0
857	EU-31	1	41	0
857	EU-31	1	41	0
858	EU-31	1	41	0
858	EU-31	1	41	0
859	EU-31	1	41	0
859	EU-31	1	41	0
860	EU-31	1	41	0
860	EU-31	1	41	0
861	EU-31	1	41	0
861	EU-31	1	41	0
862	EU-31	1	17	2
862	EU-31	1	17	2
863	EU-31	1	21	2
863	EU-31	1	21	2
864	EU-31	1	21	2
864	EU-31	1	21	2
865	EU-31	1	21	2
865	EU-31	1	21	2
866	EU-31	1	21	2
866	EU-31	1	21	2
867	EU-31	1	21	2
867	EU-31	1	21	2
868	EU-31	1	21	2
868	EU-31	1	21	2
869	EU-31	1	21	2
869	EU-31	1	21	2
870	EU-31	1	24	2
870	EU-31	1	24	2
871	EU-31	1	24	2
871	EU-31	1	24	2
872	EU-31	1	24	2
872	EU-31	1	24	2
873	EU-31	1	24	2
873	EU-31	1	24	2
874	EU-31	1	24	2
874	EU-31	1	24	2
875	EU-31	1	24	2
875	EU-31	1	24	2
876	EU-31	1	27	2
876	EU-31	1	27	2
877	EU-31	1	27	2
877	EU-31	1	27	2
878	EU-31	1	27	2
878	EU-31	1	27	2
879	EU-31	1	27	2
879	EU-31	1	27	2
880	EU-31	1	27	2
880	EU-31	1	27	2
881	EU-31	1	27	2
881	EU-31	1	27	2
882	EU-31	1	27	2
882	EU-31	1	27	2
883	EU-31	1	27	2
883	EU-31	1	27	2
884	EU-31	1	27	2
884	EU-31	1	27	2
885	EU-31	1	29	2
885	EU-31	1	29	2
886	EU-31	1	29	2
886	EU-31	1	29	2
887	EU-31	1	31	2
887	EU-31	1	31	2
888	EU-31	1	31	2
888	EU-31	1	31	2
889	EU-31	1	34	2
889	EU-31	1	34	2
890	EU-31	1	34	2
890	EU-31	1	34	2
891	EU-31	1	17	3
891	EU-31	1	17	3
892	EU-31	1	17	3
892	EU-31	1	17	3
893	EU-31	1	17	3
893	EU-31	1	17	3
894	EU-31	1	17	3
894	EU-31	1	17	3
895	EU-31	1	17	3
895	EU-31	1	17	3
896	EU-31	1	17	3
896	EU-31	1	17	3
897	EU-31	1	17	3
897	EU-31	1	17	3
898	EU-31	1	21	3
898	EU-31	1	21	3
899	EU-31	1	21	3
899	EU-31	1	21	3
900	EU-31	1	21	3
900	EU-31	1	21	3
901	EU-31	1	21	3
901	EU-31	1	21	3
902	EU-31	1	21	3
902	EU-31	1	21	3
903	EU-31	1	21	3
903	EU-31	1	21	3
904	EU-31	1	21	3
904	EU-31	1	21	3
905	EU-31	1	24	3
905	EU-31	1	24	3
906	EU-31	1	24	3
906	EU-31	1	24	3
907	EU-31	1	24	3
907	EU-31	1	24	3
908	EU-31	1	24	3
908	EU-31	1	24	3
909	EU-31	1	24	3
909	EU-31	1	24	3
910	EU-31	1	24	3
910	EU-31	1	24	3
911	EU-31	1	24	3
911	EU-31	1	24	3
912	EU-31	1	24	3
912	EU-31	1	24	3
913	EU-31	1	24	3
913	EU-31	1	24	3
914	EU-31	1	24	3
914	EU-31	1	24	3
915	EU-31	1	24	3
915	EU-31	1	24	3
916	EU-31	1	24	3
916	EU-31	1	24	3
917	EU-31	1	24	3
917	EU-31	1	24	3
918	EU-31	1	24	3
918	EU-31	1	24	3
919	EU-31	1	24	3
919	EU-31	1	24	3
920	EU-31	1	24	3
920	EU-31	1	24	3
921	EU-31	1	24	3
921	EU-31	1	24	3
922	EU-31	1	24	3
922	EU-31	1	24	3
923	EU-31	1	24	3
923	EU-31	1	24	3
924	EU-31	1	24	3
924	EU-31	1	24	3
925	EU-31	1	27	3
925	EU-31	1	27	3
926	EU-31	1	27	3
926	EU-31	1	27	3
927	EU-31	1	27	3
927	EU-31	1	27	3
928	EU-31	1	27	3
928	EU-31	1	27	3
929	EU-31	1	27	3
929	EU-31	1	27	3
930	EU-31	1	27	3
930	EU-31	1	27	3
931	EU-31	1	27	3
931	EU-31	1	27	3
932	EU-31	1	29	3
932	EU-31	1	29	3
933	EU-31	1	29	3
933	EU-31	1	29	3
934	EU-31	2	21	0
934	EU-31	2	21	0
935	EU-31	2	21	0
935	EU-31	2	21	0
936	EU-31	2	29	0
936	EU-31	2	29	0
937	EU-31	2	29	0
937	EU-31	2	29	0
938	EU-31	2	21	2
938	EU-31	2	21	2
939	EU-31	2	21	2
939	EU-31	2	21	2
940	EU-31	2	21	2
940	EU-31	2	21	2
941	EU-31	2	24	2
941	EU-31	2	24	2
942	EU-31	2	24	2
942	EU-31	2	24	2
943	EU-31	2	24	2
943	EU-31	2	24	2
944	EU-31	2	24	2
944	EU-31	2	24	2
945	EU-31	2	24	2
945	EU-31	2	24	2
946	EU-31	2	24	2
946	EU-31	2	24	2
947	EU-31	2	27	2
947	EU-31	2	27	2
948	EU-31	2	27	2
948	EU-31	2	27	2
949	EU-31	2	27	2
949	EU-31	2	27	2
950	EU-31	2	17	3
950	EU-31	2	17	3
951	EU-31	2	17	3
951	EU-31	2	17	3
952	EU-31	2	17	3
952	EU-31	2	17	3
953	EU-31	2	17	3
953	EU-31	2	17	3
954	EU-31	2	24	3
954	EU-31	2	24	3
955	EU-31	2	24	3
955	EU-31	2	24	3
956	EU-31	2	24	3
956	EU-31	2	24	3
957	EU-31	2	24	3
957	EU-31	2	24	3
958	EU-31	2	24	3
958	EU-31	2	24	3
959	EU-31	2	24	3
959	EU-31	2	24	3
960	N2	1	17	0
960	N2	1	17	0
961	N2	1	24	0
961	N2	1	24	0
962	N2	1	24	0
962	N2	1	24	0
963	N2	1	24	0
963	N2	1	24	0
964	N2	1	27	0
964	N2	1	27	0
965	N2	1	27	0
965	N2	1	27	0
966	N2	1	27	0
966	N2	1	27	0
967	N2	1	27	0
967	N2	1	27	0
968	N2	1	27	0
968	N2	1	27	0
969	N2	1	29	0
969	N2	1	29	0
970	N2	1	29	0
970	N2	1	29	0
971	N2	1	29	0
971	N2	1	29	0
972	N2	1	29	0
972	N2	1	29	0
973	N2	1	29	0
973	N2	1	29	0
974	N2	1	31	0
974	N2	1	31	0
975	N2	1	31	0
975	N2	1	31	0
976	N2	1	31	0
976	N2	1	31	0
977	N2	1	34	0
977	N2	1	34	0
978	N2	1	34	0
978	N2	1	34	0
979	N2	1	34	0
979	N2	1	34	0
980	N2	1	34	0
980	N2	1	34	0
981	N2	1	34	0
981	N2	1	34	0
982	N2	1	34	0
982	N2	1	34	0
983	N2	1	36	0
983	N2	1	36	0
984	N2	1	36	0
984	N2	1	36	0
985	N2	1	38	0
985	N2	1	38	0
986	N2	1	41	0
986	N2	1	41	0
987	N2	1	14	2
987	N2	1	14	2
988	N2	1	17	2
988	N2	1	17	2
989	N2	1	17	2
989	N2	1	17	2
990	N2	1	21	2
990	N2	1	21	2
991	N2	1	21	2
991	N2	1	21	2
992	N2	1	24	2
992	N2	1	24	2
993	N2	1	27	2
993	N2	1	27	2
994	N2	1	27	2
994	N2	1	27	2
995	N2	1	27	2
995	N2	1	27	2
996	N2	1	29	2
996	N2	1	29	2
997	N2	1	29	2
997	N2	1	29	2
998	N2	1	29	2
998	N2	1	29	2
999	N2	1	29	2
999	N2	1	29	2
1000	N2	1	21	3
1000	N2	1	21	3
1001	N2	1	21	3
1001	N2	1	21	3
1002	N2	1	24	3
1002	N2	1	24	3
1003	N2	1	24	3
1003	N2	1	24	3
1004	N2	1	24	3
1004	N2	1	24	3
1005	N2	1	24	3
1005	N2	1	24	3
1006	N2	1	24	3
1006	N2	1	24	3
1007	N2	1	24	3
1007	N2	1	24	3
1008	N2	1	24	3
1008	N2	1	24	3
1009	N2	2	14	0
1009	N2	2	14	0
1010	N2	2	17	0
1010	N2	2	17	0
1011	N2	2	21	0
1011	N2	2	21	0
1012	N2	2	21	0
1012	N2	2	21	0
1013	N2	2	21	0
1013	N2	2	21	0
1014	N2	2	24	0
1014	N2	2	24	0
1015	N2	2	24	0
1015	N2	2	24	0
1016	N2	2	24	0
1016	N2	2	24	0
1017	N2	2	24	0
1017	N2	2	24	0
1018	N2	2	24	0
1018	N2	2	24	0
1019	N2	2	24	0
1019	N2	2	24	0
1020	N2	2	24	0
1020	N2	2	24	0
1021	N2	2	24	0
1021	N2	2	24	0
1022	N2	2	24	0
1022	N2	2	24	0
1023	N2	2	24	0
1023	N2	2	24	0
1024	N2	2	24	0
1024	N2	2	24	0
1025	N2	2	24	0
1025	N2	2	24	0
1026	N2	2	24	0
1026	N2	2	24	0
1027	N2	2	24	0
1027	N2	2	24	0
1028	N2	2	27	0
1028	N2	2	27	0
1029	N2	2	27	0
1029	N2	2	27	0
1030	N2	2	27	0
1030	N2	2	27	0
1031	N2	2	27	0
1031	N2	2	27	0
1032	N2	2	27	0
1032	N2	2	27	0
1033	N2	2	27	0
1033	N2	2	27	0
1034	N2	2	27	0
1034	N2	2	27	0
1035	N2	2	27	0
1035	N2	2	27	0
1036	N2	2	27	0
1036	N2	2	27	0
1037	N2	2	27	0
1037	N2	2	27	0
1038	N2	2	29	0
1038	N2	2	29	0
1039	N2	2	29	0
1039	N2	2	29	0
1040	N2	2	29	0
1040	N2	2	29	0
1041	N2	2	29	0
1041	N2	2	29	0
1042	N2	2	29	0
1042	N2	2	29	0
1043	N2	2	29	0
1043	N2	2	29	0
1044	N2	2	29	0
1044	N2	2	29	0
1045	N2	2	29	0
1045	N2	2	29	0
1046	N2	2	29	0
1046	N2	2	29	0
1047	N2	2	29	0
1047	N2	2	29	0
1048	N2	2	29	0
1048	N2	2	29	0
1049	N2	2	29	0
1049	N2	2	29	0
1050	N2	2	29	0
1050	N2	2	29	0
1051	N2	2	29	0
1051	N2	2	29	0
1052	N2	2	29	0
1052	N2	2	29	0
1053	N2	2	29	0
1053	N2	2	29	0
1054	N2	2	29	0
1054	N2	2	29	0
1055	N2	2	29	0
1055	N2	2	29	0
1056	N2	2	29	0
1056	N2	2	29	0
1057	N2	2	29	0
1057	N2	2	29	0
1058	N2	2	29	0
1058	N2	2	29	0
1059	N2	2	29	0
1059	N2	2	29	0
1060	N2	2	29	0
1060	N2	2	29	0
1061	N2	2	31	0
1061	N2	2	31	0
1062	N2	2	31	0
1062	N2	2	31	0
1063	N2	2	31	0
1063	N2	2	31	0
1064	N2	2	31	0
1064	N2	2	31	0
1065	N2	2	31	0
1065	N2	2	31	0
1066	N2	2	31	0
1066	N2	2	31	0
1067	N2	2	31	0
1067	N2	2	31	0
1068	N2	2	31	0
1068	N2	2	31	0
1069	N2	2	34	0
1069	N2	2	34	0
1070	N2	2	34	0
1070	N2	2	34	0
1071	N2	2	34	0
1071	N2	2	34	0
1072	N2	2	34	0
1072	N2	2	34	0
1073	N2	2	34	0
1073	N2	2	34	0
1074	N2	2	34	0
1074	N2	2	34	0
1075	N2	2	34	0
1075	N2	2	34	0
1076	N2	2	34	0
1076	N2	2	34	0
1077	N2	2	34	0
1077	N2	2	34	0
1078	N2	2	34	0
1078	N2	2	34	0
1079	N2	2	34	0
1079	N2	2	34	0
1080	N2	2	34	0
1080	N2	2	34	0
1081	N2	2	34	0
1081	N2	2	34	0
1082	N2	2	34	0
1082	N2	2	34	0
1083	N2	2	34	0
1083	N2	2	34	0
1084	N2	2	34	0
1084	N2	2	34	0
1085	N2	2	34	0
1085	N2	2	34	0
1086	N2	2	34	0
1086	N2	2	34	0
1087	N2	2	34	0
1087	N2	2	34	0
1088	N2	2	34	0
1088	N2	2	34	0
1089	N2	2	34	0
1089	N2	2	34	0
1090	N2	2	36	0
1090	N2	2	36	0
1091	N2	2	36	0
1091	N2	2	36	0
1092	N2	2	36	0
1092	N2	2	36	0
1093	N2	2	36	0
1093	N2	2	36	0
1094	N2	2	36	0
1094	N2	2	36	0
1095	N2	2	36	0
1095	N2	2	36	0
1096	N2	2	36	0
1096	N2	2	36	0
1097	N2	2	36	0
1097	N2	2	36	0
1098	N2	2	38	0
1098	N2	2	38	0
1099	N2	2	38	0
1099	N2	2	38	0
1100	N2	2	38	0
1100	N2	2	38	0
1101	N2	2	38	0
1101	N2	2	38	0
1102	N2	2	38	0
1102	N2	2	38	0
1103	N2	2	38	0
1103	N2	2	38	0
1104	N2	2	38	0
1104	N2	2	38	0
1105	N2	2	38	0
1105	N2	2	38	0
1106	N2	2	38	0
1106	N2	2	38	0
1107	N2	2	38	0
1107	N2	2	38	0
1108	N2	2	38	0
1108	N2	2	38	0
1109	N2	2	38	0
1109	N2	2	38	0
1110	N2	2	38	0
1110	N2	2	38	0
1111	N2	2	38	0
1111	N2	2	38	0
1112	N2	2	38	0
1112	N2	2	38	0
1113	N2	2	38	0
1113	N2	2	38	0
1114	N2	2	38	0
1114	N2	2	38	0
1115	N2	2	41	0
1115	N2	2	41	0
1116	N2	2	41	0
1116	N2	2	41	0
1117	N2	2	41	0
1117	N2	2	41	0
1118	N2	2	41	0
1118	N2	2	41	0
1119	N2	2	41	0
1119	N2	2	41	0
1120	N2	2	41	0
1120	N2	2	41	0
1121	N2	2	41	0
1121	N2	2	41	0
1122	N2	2	43	0
1122	N2	2	43	0
1123	N2	2	43	0
1123	N2	2	43	0
1124	N2	2	43	0
1124	N2	2	43	0
1125	N2	2	43	0
1125	N2	2	43	0
1126	N2	2	45	0
1126	N2	2	45	0
1127	N2	2	17	2
1127	N2	2	17	2
1128	N2	2	21	2
1128	N2	2	21	2
1129	N2	2	24	2
1129	N2	2	24	2
1130	N2	2	27	2
1130	N2	2	27	2
1131	N2	2	27	2
1131	N2	2	27	2
1132	N2	2	27	2
1132	N2	2	27	2
1133	N2	2	27	2
1133	N2	2	27	2
1134	N2	2	27	2
1134	N2	2	27	2
1135	N2	2	27	2
1135	N2	2	27	2
1136	N2	2	27	2
1136	N2	2	27	2
1137	N2	2	27	2
1137	N2	2	27	2
1138	N2	2	27	2
1138	N2	2	27	2
1139	N2	2	27	2
1139	N2	2	27	2
1140	N2	2	29	2
1140	N2	2	29	2
1141	N2	2	29	2
1141	N2	2	29	2
1142	N2	2	29	2
1142	N2	2	29	2
1143	N2	2	29	2
1143	N2	2	29	2
1144	N2	2	29	2
1144	N2	2	29	2
1145	N2	2	29	2
1145	N2	2	29	2
1146	N2	2	31	2
1146	N2	2	31	2
1147	N2	2	31	2
1147	N2	2	31	2
1148	N2	2	31	2
1148	N2	2	31	2
1149	N2	2	31	2
1149	N2	2	31	2
1150	N2	2	34	2
1150	N2	2	34	2
1151	N2	2	34	2
1151	N2	2	34	2
1152	N2	2	34	2
1152	N2	2	34	2
1153	N2	2	34	2
1153	N2	2	34	2
1154	N2	2	34	2
1154	N2	2	34	2
1155	N2	2	34	2
1155	N2	2	34	2
1156	N2	2	34	2
1156	N2	2	34	2
1157	N2	2	34	2
1157	N2	2	34	2
1158	N2	2	34	2
1158	N2	2	34	2
1159	N2	2	34	2
1159	N2	2	34	2
1160	N2	2	14	3
1160	N2	2	14	3
1161	N2	2	14	3
1161	N2	2	14	3
1162	N2	2	14	3
1162	N2	2	14	3
1163	N2	2	14	3
1163	N2	2	14	3
1164	N2	2	17	3
1164	N2	2	17	3
1165	N2	2	17	3
1165	N2	2	17	3
1166	N2	2	17	3
1166	N2	2	17	3
1167	N2	2	17	3
1167	N2	2	17	3
1168	N2	2	17	3
1168	N2	2	17	3
1169	N2	2	17	3
1169	N2	2	17	3
1170	N2	2	21	3
1170	N2	2	21	3
1171	N2	2	21	3
1171	N2	2	21	3
1172	N2	2	21	3
1172	N2	2	21	3
1173	N2	2	21	3
1173	N2	2	21	3
1174	N2	2	21	3
1174	N2	2	21	3
1175	N2	2	24	3
1175	N2	2	24	3
1176	N2	2	24	3
1176	N2	2	24	3
1177	N2	2	24	3
1177	N2	2	24	3
1178	N2	2	24	3
1178	N2	2	24	3
1179	N2	2	24	3
1179	N2	2	24	3
1180	N2	2	24	3
1180	N2	2	24	3
1181	N2	2	24	3
1181	N2	2	24	3
1182	N2	2	24	3
1182	N2	2	24	3
1183	N2	2	24	3
1183	N2	2	24	3
1184	N2	2	24	3
1184	N2	2	24	3
1185	N2	2	24	3
1185	N2	2	24	3
1186	N2	2	24	3
1186	N2	2	24	3
1187	N2	2	24	3
1187	N2	2	24	3
1188	N2	2	24	3
1188	N2	2	24	3
1189	N2	2	24	3
1189	N2	2	24	3
1190	N2	2	24	3
1190	N2	2	24	3
1191	N2	2	24	3
1191	N2	2	24	3
1192	N2	2	27	3
1192	N2	2	27	3
1193	N2	2	27	3
1193	N2	2	27	3
1194	N2	2	27	3
1194	N2	2	27	3
1195	N2	2	27	3
1195	N2	2	27	3
1196	N2	2	27	3
1196	N2	2	27	3
1197	N2	2	27	3
1197	N2	2	27	3
1198	N2	2	27	3
1198	N2	2	27	3
1199	N2	2	27	3
1199	N2	2	27	3
1200	N2	2	27	3
1200	N2	2	27	3
1201	N2	2	27	3
1201	N2	2	27	3
1202	N2	2	27	3
1202	N2	2	27	3
1203	N2	2	29	3
1203	N2	2	29	3
1204	N2	2	29	3
1204	N2	2	29	3
1205	N2	2	29	3
1205	N2	2	29	3
1206	N2	2	29	3
1206	N2	2	29	3
1207	N2	2	29	3
1207	N2	2	29	3
1208	N2	2	29	3
1208	N2	2	29	3
1209	N2	2	31	3
1209	N2	2	31	3
1210	cep-1	1	24	0
1210	cep-1	1	24	0
1211	cep-1	1	24	0
1211	cep-1	1	24	0
1212	cep-1	1	24	0
1212	cep-1	1	24	0
1213	cep-1	1	27	0
1213	cep-1	1	27	0
1214	cep-1	1	29	0
1214	cep-1	1	29	0
1215	cep-1	1	29	0
1215	cep-1	1	29	0
1216	cep-1	1	29	0
1216	cep-1	1	29	0
1217	cep-1	1	29	0
1217	cep-1	1	29	0
1218	cep-1	1	31	0
1218	cep-1	1	31	0
1219	cep-1	1	31	0
1219	cep-1	1	31	0
1220	cep-1	1	31	0
1220	cep-1	1	31	0
1221	cep-1	1	31	0
1221	cep-1	1	31	0
1222	cep-1	1	31	0
1222	cep-1	1	31	0
1223	cep-1	1	31	0
1223	cep-1	1	31	0
1224	cep-1	1	34	0
1224	cep-1	1	34	0
1225	cep-1	1	34	0
1225	cep-1	1	34	0
1226	cep-1	1	34	0
1226	cep-1	1	34	0
1227	cep-1	1	34	0
1227	cep-1	1	34	0
1228	cep-1	1	34	0
1228	cep-1	1	34	0
1229	cep-1	1	34	0
1229	cep-1	1	34	0
1230	cep-1	1	36	0
1230	cep-1	1	36	0
1231	cep-1	1	36	0
1231	cep-1	1	36	0
1232	cep-1	1	36	0
1232	cep-1	1	36	0
1233	cep-1	1	36	0
1233	cep-1	1	36	0
1234	cep-1	1	36	0
1234	cep-1	1	36	0
1235	cep-1	1	36	0
1235	cep-1	1	36	0
1236	cep-1	1	36	0
1236	cep-1	1	36	0
1237	cep-1	1	36	0
1237	cep-1	1	36	0
1238	cep-1	1	36	0
1238	cep-1	1	36	0
1239	cep-1	1	36	0
1239	cep-1	1	36	0
1240	cep-1	1	38	0
1240	cep-1	1	38	0
1241	cep-1	1	38	0
1241	cep-1	1	38	0
1242	cep-1	1	38	0
1242	cep-1	1	38	0
1243	cep-1	1	38	0
1243	cep-1	1	38	0
1244	cep-1	1	38	0
1244	cep-1	1	38	0
1245	cep-1	1	41	0
1245	cep-1	1	41	0
1246	cep-1	1	41	0
1246	cep-1	1	41	0
1247	cep-1	1	41	0
1247	cep-1	1	41	0
1248	cep-1	1	43	0
1248	cep-1	1	43	0
1249	cep-1	1	43	0
1249	cep-1	1	43	0
1250	cep-1	1	43	0
1250	cep-1	1	43	0
1251	cep-1	1	43	0
1251	cep-1	1	43	0
1252	cep-1	1	21	2
1252	cep-1	1	21	2
1253	cep-1	1	21	2
1253	cep-1	1	21	2
1254	cep-1	1	27	2
1254	cep-1	1	27	2
1255	cep-1	1	29	2
1255	cep-1	1	29	2
1256	cep-1	1	29	2
1256	cep-1	1	29	2
1257	cep-1	1	21	3
1257	cep-1	1	21	3
1258	cep-1	1	21	3
1258	cep-1	1	21	3
1259	cep-1	1	24	3
1259	cep-1	1	24	3
1260	cep-1	1	24	3
1260	cep-1	1	24	3
1261	cep-1	2	14	0
1261	cep-1	2	14	0
1262	cep-1	2	14	0
1262	cep-1	2	14	0
1263	cep-1	2	14	0
1263	cep-1	2	14	0
1264	cep-1	2	17	0
1264	cep-1	2	17	0
1265	cep-1	2	21	0
1265	cep-1	2	21	0
1266	cep-1	2	21	0
1266	cep-1	2	21	0
1267	cep-1	2	21	0
1267	cep-1	2	21	0
1268	cep-1	2	21	0
1268	cep-1	2	21	0
1269	cep-1	2	21	0
1269	cep-1	2	21	0
1270	cep-1	2	24	0
1270	cep-1	2	24	0
1271	cep-1	2	27	0
1271	cep-1	2	27	0
1272	cep-1	2	27	0
1272	cep-1	2	27	0
1273	cep-1	2	27	0
1273	cep-1	2	27	0
1274	cep-1	2	27	0
1274	cep-1	2	27	0
1275	cep-1	2	27	0
1275	cep-1	2	27	0
1276	cep-1	2	27	0
1276	cep-1	2	27	0
1277	cep-1	2	27	0
1277	cep-1	2	27	0
1278	cep-1	2	27	0
1278	cep-1	2	27	0
1279	cep-1	2	27	0
1279	cep-1	2	27	0
1280	cep-1	2	27	0
1280	cep-1	2	27	0
1281	cep-1	2	29	0
1281	cep-1	2	29	0
1282	cep-1	2	29	0
1282	cep-1	2	29	0
1283	cep-1	2	29	0
1283	cep-1	2	29	0
1284	cep-1	2	29	0
1284	cep-1	2	29	0
1285	cep-1	2	29	0
1285	cep-1	2	29	0
1286	cep-1	2	29	0
1286	cep-1	2	29	0
1287	cep-1	2	29	0
1287	cep-1	2	29	0
1288	cep-1	2	29	0
1288	cep-1	2	29	0
1289	cep-1	2	29	0
1289	cep-1	2	29	0
1290	cep-1	2	29	0
1290	cep-1	2	29	0
1291	cep-1	2	29	0
1291	cep-1	2	29	0
1292	cep-1	2	29	0
1292	cep-1	2	29	0
1293	cep-1	2	29	0
1293	cep-1	2	29	0
1294	cep-1	2	29	0
1294	cep-1	2	29	0
1295	cep-1	2	29	0
1295	cep-1	2	29	0
1296	cep-1	2	29	0
1296	cep-1	2	29	0
1297	cep-1	2	29	0
1297	cep-1	2	29	0
1298	cep-1	2	29	0
1298	cep-1	2	29	0
1299	cep-1	2	29	0
1299	cep-1	2	29	0
1300	cep-1	2	29	0
1300	cep-1	2	29	0
1301	cep-1	2	29	0
1301	cep-1	2	29	0
1302	cep-1	2	29	0
1302	cep-1	2	29	0
1303	cep-1	2	29	0
1303	cep-1	2	29	0
1304	cep-1	2	29	0
1304	cep-1	2	29	0
1305	cep-1	2	29	0
1305	cep-1	2	29	0
1306	cep-1	2	29	0
1306	cep-1	2	29	0
1307	cep-1	2	29	0
1307	cep-1	2	29	0
1308	cep-1	2	29	0
1308	cep-1	2	29	0
1309	cep-1	2	29	0
1309	cep-1	2	29	0
1310	cep-1	2	31	0
1310	cep-1	2	31	0
1311	cep-1	2	31	0
1311	cep-1	2	31	0
1312	cep-1	2	31	0
1312	cep-1	2	31	0
1313	cep-1	2	31	0
1313	cep-1	2	31	0
1314	cep-1	2	31	0
1314	cep-1	2	31	0
1315	cep-1	2	31	0
1315	cep-1	2	31	0
1316	cep-1	2	31	0
1316	cep-1	2	31	0
1317	cep-1	2	31	0
1317	cep-1	2	31	0
1318	cep-1	2	31	0
1318	cep-1	2	31	0
1319	cep-1	2	31	0
1319	cep-1	2	31	0
1320	cep-1	2	31	0
1320	cep-1	2	31	0
1321	cep-1	2	31	0
1321	cep-1	2	31	0
1322	cep-1	2	31	0
1322	cep-1	2	31	0
1323	cep-1	2	31	0
1323	cep-1	2	31	0
1324	cep-1	2	31	0
1324	cep-1	2	31	0
1325	cep-1	2	31	0
1325	cep-1	2	31	0
1326	cep-1	2	31	0
1326	cep-1	2	31	0
1327	cep-1	2	31	0
1327	cep-1	2	31	0
1328	cep-1	2	31	0
1328	cep-1	2	31	0
1329	cep-1	2	31	0
1329	cep-1	2	31	0
1330	cep-1	2	31	0
1330	cep-1	2	31	0
1331	cep-1	2	31	0
1331	cep-1	2	31	0
1332	cep-1	2	31	0
1332	cep-1	2	31	0
1333	cep-1	2	31	0
1333	cep-1	2	31	0
1334	cep-1	2	31	0
1334	cep-1	2	31	0
1335	cep-1	2	31	0
1335	cep-1	2	31	0
1336	cep-1	2	31	0
1336	cep-1	2	31	0
1337	cep-1	2	31	0
1337	cep-1	2	31	0
1338	cep-1	2	31	0
1338	cep-1	2	31	0
1339	cep-1	2	31	0
1339	cep-1	2	31	0
1340	cep-1	2	31	0
1340	cep-1	2	31	0
1341	cep-1	2	31	0
1341	cep-1	2	31	0
1342	cep-1	2	34	0
1342	cep-1	2	34	0
1343	cep-1	2	34	0
1343	cep-1	2	34	0
1344	cep-1	2	34	0
1344	cep-1	2	34	0
1345	cep-1	2	34	0
1345	cep-1	2	34	0
1346	cep-1	2	34	0
1346	cep-1	2	34	0
1347	cep-1	2	34	0
1347	cep-1	2	34	0
1348	cep-1	2	34	0
1348	cep-1	2	34	0
1349	cep-1	2	34	0
1349	cep-1	2	34	0
1350	cep-1	2	34	0
1350	cep-1	2	34	0
1351	cep-1	2	34	0
1351	cep-1	2	34	0
1352	cep-1	2	34	0
1352	cep-1	2	34	0
1353	cep-1	2	34	0
1353	cep-1	2	34	0
1354	cep-1	2	34	0
1354	cep-1	2	34	0
1355	cep-1	2	34	0
1355	cep-1	2	34	0
1356	cep-1	2	34	0
1356	cep-1	2	34	0
1357	cep-1	2	34	0
1357	cep-1	2	34	0
1358	cep-1	2	34	0
1358	cep-1	2	34	0
1359	cep-1	2	34	0
1359	cep-1	2	34	0
1360	cep-1	2	34	0
1360	cep-1	2	34	0
1361	cep-1	2	34	0
1361	cep-1	2	34	0
1362	cep-1	2	34	0
1362	cep-1	2	34	0
1363	cep-1	2	34	0
1363	cep-1	2	34	0
1364	cep-1	2	34	0
1364	cep-1	2	34	0
1365	cep-1	2	34	0
1365	cep-1	2	34	0
1366	cep-1	2	34	0
1366	cep-1	2	34	0
1367	cep-1	2	34	0
1367	cep-1	2	34	0
1368	cep-1	2	34	0
1368	cep-1	2	34	0
1369	cep-1	2	34	0
1369	cep-1	2	34	0
1370	cep-1	2	34	0
1370	cep-1	2	34	0
1371	cep-1	2	34	0
1371	cep-1	2	34	0
1372	cep-1	2	34	0
1372	cep-1	2	34	0
1373	cep-1	2	34	0
1373	cep-1	2	34	0
1374	cep-1	2	34	0
1374	cep-1	2	34	0
1375	cep-1	2	34	0
1375	cep-1	2	34	0
1376	cep-1	2	34	0
1376	cep-1	2	34	0
1377	cep-1	2	34	0
1377	cep-1	2	34	0
1378	cep-1	2	34	0
1378	cep-1	2	34	0
1379	cep-1	2	34	0
1379	cep-1	2	34	0
1380	cep-1	2	34	0
1380	cep-1	2	34	0
1381	cep-1	2	34	0
1381	cep-1	2	34	0
1382	cep-1	2	34	0
1382	cep-1	2	34	0
1383	cep-1	2	34	0
1383	cep-1	2	34	0
1384	cep-1	2	34	0
1384	cep-1	2	34	0
1385	cep-1	2	34	0
1385	cep-1	2	34	0
1386	cep-1	2	34	0
1386	cep-1	2	34	0
1387	cep-1	2	34	0
1387	cep-1	2	34	0
1388	cep-1	2	34	0
1388	cep-1	2	34	0
1389	cep-1	2	34	0
1389	cep-1	2	34	0
1390	cep-1	2	34	0
1390	cep-1	2	34	0
1391	cep-1	2	34	0
1391	cep-1	2	34	0
1392	cep-1	2	34	0
1392	cep-1	2	34	0
1393	cep-1	2	34	0
1393	cep-1	2	34	0
1394	cep-1	2	34	0
1394	cep-1	2	34	0
1395	cep-1	2	34	0
1395	cep-1	2	34	0
1396	cep-1	2	34	0
1396	cep-1	2	34	0
1397	cep-1	2	34	0
1397	cep-1	2	34	0
1398	cep-1	2	34	0
1398	cep-1	2	34	0
1399	cep-1	2	36	0
1399	cep-1	2	36	0
1400	cep-1	2	36	0
1400	cep-1	2	36	0
1401	cep-1	2	36	0
1401	cep-1	2	36	0
1402	cep-1	2	36	0
1402	cep-1	2	36	0
1403	cep-1	2	36	0
1403	cep-1	2	36	0
1404	cep-1	2	36	0
1404	cep-1	2	36	0
1405	cep-1	2	36	0
1405	cep-1	2	36	0
1406	cep-1	2	36	0
1406	cep-1	2	36	0
1407	cep-1	2	36	0
1407	cep-1	2	36	0
1408	cep-1	2	36	0
1408	cep-1	2	36	0
1409	cep-1	2	36	0
1409	cep-1	2	36	0
1410	cep-1	2	36	0
1410	cep-1	2	36	0
1411	cep-1	2	36	0
1411	cep-1	2	36	0
1412	cep-1	2	36	0
1412	cep-1	2	36	0
1413	cep-1	2	36	0
1413	cep-1	2	36	0
1414	cep-1	2	36	0
1414	cep-1	2	36	0
1415	cep-1	2	36	0
1415	cep-1	2	36	0
1416	cep-1	2	36	0
1416	cep-1	2	36	0
1417	cep-1	2	36	0
1417	cep-1	2	36	0
1418	cep-1	2	36	0
1418	cep-1	2	36	0
1419	cep-1	2	36	0
1419	cep-1	2	36	0
1420	cep-1	2	36	0
1420	cep-1	2	36	0
1421	cep-1	2	36	0
1421	cep-1	2	36	0
1422	cep-1	2	36	0
1422	cep-1	2	36	0
1423	cep-1	2	36	0
1423	cep-1	2	36	0
1424	cep-1	2	36	0
1424	cep-1	2	36	0
1425	cep-1	2	36	0
1425	cep-1	2	36	0
1426	cep-1	2	36	0
1426	cep-1	2	36	0
1427	cep-1	2	38	0
1427	cep-1	2	38	0
1428	cep-1	2	38	0
1428	cep-1	2	38	0
1429	cep-1	2	38	0
1429	cep-1	2	38	0
1430	cep-1	2	38	0
1430	cep-1	2	38	0
1431	cep-1	2	38	0
1431	cep-1	2	38	0
1432	cep-1	2	38	0
1432	cep-1	2	38	0
1433	cep-1	2	38	0
1433	cep-1	2	38	0
1434	cep-1	2	38	0
1434	cep-1	2	38	0
1435	cep-1	2	38	0
1435	cep-1	2	38	0
1436	cep-1	2	38	0
1436	cep-1	2	38	0
1437	cep-1	2	38	0
1437	cep-1	2	38	0
1438	cep-1	2	38	0
1438	cep-1	2	38	0
1439	cep-1	2	38	0
1439	cep-1	2	38	0
1440	cep-1	2	38	0
1440	cep-1	2	38	0
1441	cep-1	2	38	0
1441	cep-1	2	38	0
1442	cep-1	2	38	0
1442	cep-1	2	38	0
1443	cep-1	2	38	0
1443	cep-1	2	38	0
1444	cep-1	2	38	0
1444	cep-1	2	38	0
1445	cep-1	2	38	0
1445	cep-1	2	38	0
1446	cep-1	2	38	0
1446	cep-1	2	38	0
1447	cep-1	2	38	0
1447	cep-1	2	38	0
1448	cep-1	2	38	0
1448	cep-1	2	38	0
1449	cep-1	2	38	0
1449	cep-1	2	38	0
1450	cep-1	2	38	0
1450	cep-1	2	38	0
1451	cep-1	2	38	0
1451	cep-1	2	38	0
1452	cep-1	2	38	0
1452	cep-1	2	38	0
1453	cep-1	2	38	0
1453	cep-1	2	38	0
1454	cep-1	2	38	0
1454	cep-1	2	38	0
1455	cep-1	2	41	0
1455	cep-1	2	41	0
1456	cep-1	2	41	0
1456	cep-1	2	41	0
1457	cep-1	2	41	0
1457	cep-1	2	41	0
1458	cep-1	2	41	0
1458	cep-1	2	41	0
1459	cep-1	2	41	0
1459	cep-1	2	41	0
1460	cep-1	2	41	0
1460	cep-1	2	41	0
1461	cep-1	2	41	0
1461	cep-1	2	41	0
1462	cep-1	2	41	0
1462	cep-1	2	41	0
1463	cep-1	2	41	0
1463	cep-1	2	41	0
1464	cep-1	2	41	0
1464	cep-1	2	41	0
1465	cep-1	2	41	0
1465	cep-1	2	41	0
1466	cep-1	2	41	0
1466	cep-1	2	41	0
1467	cep-1	2	41	0
1467	cep-1	2	41	0
1468	cep-1	2	41	0
1468	cep-1	2	41	0
1469	cep-1	2	41	0
1469	cep-1	2	41	0
1470	cep-1	2	41	0
1470	cep-1	2	41	0
1471	cep-1	2	41	0
1471	cep-1	2	41	0
1472	cep-1	2	41	0
1472	cep-1	2	41	0
1473	cep-1	2	41	0
1473	cep-1	2	41	0
1474	cep-1	2	43	0
1474	cep-1	2	43	0
1475	cep-1	2	43	0
1475	cep-1	2	43	0
1476	cep-1	2	43	0
1476	cep-1	2	43	0
1477	cep-1	2	43	0
1477	cep-1	2	43	0
1478	cep-1	2	43	0
1478	cep-1	2	43	0
1479	cep-1	2	43	0
1479	cep-1	2	43	0
1480	cep-1	2	43	0
1480	cep-1	2	43	0
1481	cep-1	2	43	0
1481	cep-1	2	43	0
1482	cep-1	2	43	0
1482	cep-1	2	43	0
1483	cep-1	2	43	0
1483	cep-1	2	43	0
1484	cep-1	2	43	0
1484	cep-1	2	43	0
1485	cep-1	2	45	0
1485	cep-1	2	45	0
1486	cep-1	2	45	0
1486	cep-1	2	45	0
1487	cep-1	2	45	0
1487	cep-1	2	45	0
1488	cep-1	2	45	0
1488	cep-1	2	45	0
1489	cep-1	2	45	0
1489	cep-1	2	45	0
1490	cep-1	2	48	0
1490	cep-1	2	48	0
1491	cep-1	2	48	0
1491	cep-1	2	48	0
1492	cep-1	2	48	0
1492	cep-1	2	48	0
1493	cep-1	2	48	0
1493	cep-1	2	48	0
1494	cep-1	2	50	0
1494	cep-1	2	50	0
1495	cep-1	2	50	0
1495	cep-1	2	50	0
1496	cep-1	2	50	0
1496	cep-1	2	50	0
1497	cep-1	2	17	2
1497	cep-1	2	17	2
1498	cep-1	2	17	2
1498	cep-1	2	17	2
1499	cep-1	2	17	2
1499	cep-1	2	17	2
1500	cep-1	2	21	2
1500	cep-1	2	21	2
1501	cep-1	2	24	2
1501	cep-1	2	24	2
1502	cep-1	2	24	2
1502	cep-1	2	24	2
1503	cep-1	2	24	2
1503	cep-1	2	24	2
1504	cep-1	2	24	2
1504	cep-1	2	24	2
1505	cep-1	2	27	2
1505	cep-1	2	27	2
1506	cep-1	2	27	2
1506	cep-1	2	27	2
1507	cep-1	2	27	2
1507	cep-1	2	27	2
1508	cep-1	2	27	2
1508	cep-1	2	27	2
1509	cep-1	2	31	2
1509	cep-1	2	31	2
1510	cep-1	2	17	3
1510	cep-1	2	17	3
1511	cep-1	2	17	3
1511	cep-1	2	17	3
1512	cep-1	2	21	3
1512	cep-1	2	21	3
1513	cep-1	2	21	3
1513	cep-1	2	21	3
1514	cep-1	2	21	3
1514	cep-1	2	21	3
1515	cep-1	2	21	3
1515	cep-1	2	21	3
1516	cep-1	2	24	3
1516	cep-1	2	24	3
1517	cep-1	2	24	3
1517	cep-1	2	24	3
1518	cep-1	2	24	3
1518	cep-1	2	24	3
1519	cep-1	2	24	3
1519	cep-1	2	24	3
1520	cep-1	2	24	3
1520	cep-1	2	24	3
1521	cep-1	2	27	3
1521	cep-1	2	27	3
1522	cep-1	2	27	3
1522	cep-1	2	27	3
1523	cep-1	2	27	3
1523	cep-1	2	27	3
1524	cep-1	2	27	3
1524	cep-1	2	27	3
1525	cep-1	2	27	3
1525	cep-1	2	27	3
1526	cep-1	2	31	3
1526	cep-1	2	31	3
1527	hif-1	1	27	0
1527	hif-1	1	27	0
1528	hif-1	1	27	0
1528	hif-1	1	27	0
1529	hif-1	1	27	0
1529	hif-1	1	27	0
1530	hif-1	1	27	0
1530	hif-1	1	27	0
1531	hif-1	1	27	0
1531	hif-1	1	27	0
1532	hif-1	1	27	0
1532	hif-1	1	27	0
1533	hif-1	1	29	0
1533	hif-1	1	29	0
1534	hif-1	1	29	0
1534	hif-1	1	29	0
1535	hif-1	1	29	0
1535	hif-1	1	29	0
1536	hif-1	1	31	0
1536	hif-1	1	31	0
1537	hif-1	1	31	0
1537	hif-1	1	31	0
1538	hif-1	1	31	0
1538	hif-1	1	31	0
1539	hif-1	1	31	0
1539	hif-1	1	31	0
1540	hif-1	1	31	0
1540	hif-1	1	31	0
1541	hif-1	1	31	0
1541	hif-1	1	31	0
1542	hif-1	1	34	0
1542	hif-1	1	34	0
1543	hif-1	1	34	0
1543	hif-1	1	34	0
1544	hif-1	1	34	0
1544	hif-1	1	34	0
1545	hif-1	1	36	0
1545	hif-1	1	36	0
1546	hif-1	1	36	0
1546	hif-1	1	36	0
1547	hif-1	1	36	0
1547	hif-1	1	36	0
1548	hif-1	1	38	0
1548	hif-1	1	38	0
1549	hif-1	1	38	0
1549	hif-1	1	38	0
1550	hif-1	1	38	0
1550	hif-1	1	38	0
1551	hif-1	1	38	0
1551	hif-1	1	38	0
1552	hif-1	1	41	0
1552	hif-1	1	41	0
1553	hif-1	1	41	0
1553	hif-1	1	41	0
1554	hif-1	1	41	0
1554	hif-1	1	41	0
1555	hif-1	1	41	0
1555	hif-1	1	41	0
1556	hif-1	1	41	0
1556	hif-1	1	41	0
1557	hif-1	1	41	0
1557	hif-1	1	41	0
1558	hif-1	1	41	0
1558	hif-1	1	41	0
1559	hif-1	1	41	0
1559	hif-1	1	41	0
1560	hif-1	1	41	0
1560	hif-1	1	41	0
1561	hif-1	1	41	0
1561	hif-1	1	41	0
1562	hif-1	1	43	0
1562	hif-1	1	43	0
1563	hif-1	1	43	0
1563	hif-1	1	43	0
1564	hif-1	1	45	0
1564	hif-1	1	45	0
1565	hif-1	1	45	0
1565	hif-1	1	45	0
1566	hif-1	1	45	0
1566	hif-1	1	45	0
1567	hif-1	1	48	0
1567	hif-1	1	48	0
1568	hif-1	1	48	0
1568	hif-1	1	48	0
1569	hif-1	1	48	0
1569	hif-1	1	48	0
1570	hif-1	1	50	0
1570	hif-1	1	50	0
1571	hif-1	1	50	0
1571	hif-1	1	50	0
1572	hif-1	1	50	0
1572	hif-1	1	50	0
1573	hif-1	1	24	2
1573	hif-1	1	24	2
1574	hif-1	1	24	2
1574	hif-1	1	24	2
1575	hif-1	1	24	2
1575	hif-1	1	24	2
1576	hif-1	1	24	2
1576	hif-1	1	24	2
1577	hif-1	1	24	2
1577	hif-1	1	24	2
1578	hif-1	1	27	2
1578	hif-1	1	27	2
1579	hif-1	1	27	2
1579	hif-1	1	27	2
1580	hif-1	1	27	2
1580	hif-1	1	27	2
1581	hif-1	1	27	2
1581	hif-1	1	27	2
1582	hif-1	1	29	2
1582	hif-1	1	29	2
1583	hif-1	1	29	2
1583	hif-1	1	29	2
1584	hif-1	1	29	2
1584	hif-1	1	29	2
1585	hif-1	1	29	2
1585	hif-1	1	29	2
1586	hif-1	1	29	2
1586	hif-1	1	29	2
1587	hif-1	1	29	2
1587	hif-1	1	29	2
1588	hif-1	1	29	2
1588	hif-1	1	29	2
1589	hif-1	1	31	2
1589	hif-1	1	31	2
1590	hif-1	1	14	3
1590	hif-1	1	14	3
1591	hif-1	1	17	3
1591	hif-1	1	17	3
1592	hif-1	1	21	3
1592	hif-1	1	21	3
1593	hif-1	1	24	3
1593	hif-1	1	24	3
1594	hif-1	1	24	3
1594	hif-1	1	24	3
1595	hif-1	1	24	3
1595	hif-1	1	24	3
1596	hif-1	1	24	3
1596	hif-1	1	24	3
1597	hif-1	1	24	3
1597	hif-1	1	24	3
1598	hif-1	1	24	3
1598	hif-1	1	24	3
1599	hif-1	1	24	3
1599	hif-1	1	24	3
1600	hif-1	1	24	3
1600	hif-1	1	24	3
1601	hif-1	1	24	3
1601	hif-1	1	24	3
1602	hif-1	1	24	3
1602	hif-1	1	24	3
1603	hif-1	1	24	3
1603	hif-1	1	24	3
1604	hif-1	1	27	3
1604	hif-1	1	27	3
1605	hif-1	1	27	3
1605	hif-1	1	27	3
1606	hif-1	1	29	3
1606	hif-1	1	29	3
1607	hif-1	1	31	3
1607	hif-1	1	31	3
1608	hif-1	2	14	0
1608	hif-1	2	14	0
1609	hif-1	2	21	0
1609	hif-1	2	21	0
1610	hif-1	2	24	0
1610	hif-1	2	24	0
1611	hif-1	2	24	0
1611	hif-1	2	24	0
1612	hif-1	2	24	0
1612	hif-1	2	24	0
1613	hif-1	2	24	0
1613	hif-1	2	24	0
1614	hif-1	2	27	0
1614	hif-1	2	27	0
1615	hif-1	2	29	0
1615	hif-1	2	29	0
1616	hif-1	2	29	0
1616	hif-1	2	29	0
1617	hif-1	2	29	0
1617	hif-1	2	29	0
1618	hif-1	2	29	0
1618	hif-1	2	29	0
1619	hif-1	2	29	0
1619	hif-1	2	29	0
1620	hif-1	2	31	0
1620	hif-1	2	31	0
1621	hif-1	2	31	0
1621	hif-1	2	31	0
1622	hif-1	2	31	0
1622	hif-1	2	31	0
1623	hif-1	2	34	0
1623	hif-1	2	34	0
1624	hif-1	2	34	0
1624	hif-1	2	34	0
1625	hif-1	2	34	0
1625	hif-1	2	34	0
1626	hif-1	2	34	0
1626	hif-1	2	34	0
1627	hif-1	2	34	0
1627	hif-1	2	34	0
1628	hif-1	2	34	0
1628	hif-1	2	34	0
1629	hif-1	2	34	0
1629	hif-1	2	34	0
1630	hif-1	2	34	0
1630	hif-1	2	34	0
1631	hif-1	2	34	0
1631	hif-1	2	34	0
1632	hif-1	2	34	0
1632	hif-1	2	34	0
1633	hif-1	2	36	0
1633	hif-1	2	36	0
1634	hif-1	2	36	0
1634	hif-1	2	36	0
1635	hif-1	2	36	0
1635	hif-1	2	36	0
1636	hif-1	2	36	0
1636	hif-1	2	36	0
1637	hif-1	2	36	0
1637	hif-1	2	36	0
1638	hif-1	2	36	0
1638	hif-1	2	36	0
1639	hif-1	2	36	0
1639	hif-1	2	36	0
1640	hif-1	2	36	0
1640	hif-1	2	36	0
1641	hif-1	2	38	0
1641	hif-1	2	38	0
1642	hif-1	2	38	0
1642	hif-1	2	38	0
1643	hif-1	2	38	0
1643	hif-1	2	38	0
1644	hif-1	2	38	0
1644	hif-1	2	38	0
1645	hif-1	2	38	0
1645	hif-1	2	38	0
1646	hif-1	2	38	0
1646	hif-1	2	38	0
1647	hif-1	2	38	0
1647	hif-1	2	38	0
1648	hif-1	2	38	0
1648	hif-1	2	38	0
1649	hif-1	2	38	0
1649	hif-1	2	38	0
1650	hif-1	2	38	0
1650	hif-1	2	38	0
1651	hif-1	2	38	0
1651	hif-1	2	38	0
1652	hif-1	2	38	0
1652	hif-1	2	38	0
1653	hif-1	2	38	0
1653	hif-1	2	38	0
1654	hif-1	2	41	0
1654	hif-1	2	41	0
1655	hif-1	2	41	0
1655	hif-1	2	41	0
1656	hif-1	2	41	0
1656	hif-1	2	41	0
1657	hif-1	2	41	0
1657	hif-1	2	41	0
1658	hif-1	2	41	0
1658	hif-1	2	41	0
1659	hif-1	2	41	0
1659	hif-1	2	41	0
1660	hif-1	2	41	0
1660	hif-1	2	41	0
1661	hif-1	2	41	0
1661	hif-1	2	41	0
1662	hif-1	2	41	0
1662	hif-1	2	41	0
1663	hif-1	2	41	0
1663	hif-1	2	41	0
1664	hif-1	2	41	0
1664	hif-1	2	41	0
1665	hif-1	2	41	0
1665	hif-1	2	41	0
1666	hif-1	2	41	0
1666	hif-1	2	41	0
1667	hif-1	2	41	0
1667	hif-1	2	41	0
1668	hif-1	2	41	0
1668	hif-1	2	41	0
1669	hif-1	2	41	0
1669	hif-1	2	41	0
1670	hif-1	2	41	0
1670	hif-1	2	41	0
1671	hif-1	2	41	0
1671	hif-1	2	41	0
1672	hif-1	2	41	0
1672	hif-1	2	41	0
1673	hif-1	2	41	0
1673	hif-1	2	41	0
1674	hif-1	2	41	0
1674	hif-1	2	41	0
1675	hif-1	2	41	0
1675	hif-1	2	41	0
1676	hif-1	2	43	0
1676	hif-1	2	43	0
1677	hif-1	2	43	0
1677	hif-1	2	43	0
1678	hif-1	2	43	0
1678	hif-1	2	43	0
1679	hif-1	2	43	0
1679	hif-1	2	43	0
1680	hif-1	2	43	0
1680	hif-1	2	43	0
1681	hif-1	2	43	0
1681	hif-1	2	43	0
1682	hif-1	2	43	0
1682	hif-1	2	43	0
1683	hif-1	2	43	0
1683	hif-1	2	43	0
1684	hif-1	2	43	0
1684	hif-1	2	43	0
1685	hif-1	2	43	0
1685	hif-1	2	43	0
1686	hif-1	2	43	0
1686	hif-1	2	43	0
1687	hif-1	2	43	0
1687	hif-1	2	43	0
1688	hif-1	2	43	0
1688	hif-1	2	43	0
1689	hif-1	2	43	0
1689	hif-1	2	43	0
1690	hif-1	2	43	0
1690	hif-1	2	43	0
1691	hif-1	2	43	0
1691	hif-1	2	43	0
1692	hif-1	2	43	0
1692	hif-1	2	43	0
1693	hif-1	2	43	0
1693	hif-1	2	43	0
1694	hif-1	2	43	0
1694	hif-1	2	43	0
1695	hif-1	2	43	0
1695	hif-1	2	43	0
1696	hif-1	2	43	0
1696	hif-1	2	43	0
1697	hif-1	2	43	0
1697	hif-1	2	43	0
1698	hif-1	2	45	0
1698	hif-1	2	45	0
1699	hif-1	2	45	0
1699	hif-1	2	45	0
1700	hif-1	2	45	0
1700	hif-1	2	45	0
1701	hif-1	2	45	0
1701	hif-1	2	45	0
1702	hif-1	2	45	0
1702	hif-1	2	45	0
1703	hif-1	2	45	0
1703	hif-1	2	45	0
1704	hif-1	2	45	0
1704	hif-1	2	45	0
1705	hif-1	2	45	0
1705	hif-1	2	45	0
1706	hif-1	2	45	0
1706	hif-1	2	45	0
1707	hif-1	2	45	0
1707	hif-1	2	45	0
1708	hif-1	2	45	0
1708	hif-1	2	45	0
1709	hif-1	2	45	0
1709	hif-1	2	45	0
1710	hif-1	2	45	0
1710	hif-1	2	45	0
1711	hif-1	2	45	0
1711	hif-1	2	45	0
1712	hif-1	2	45	0
1712	hif-1	2	45	0
1713	hif-1	2	45	0
1713	hif-1	2	45	0
1714	hif-1	2	48	0
1714	hif-1	2	48	0
1715	hif-1	2	48	0
1715	hif-1	2	48	0
1716	hif-1	2	48	0
1716	hif-1	2	48	0
1717	hif-1	2	48	0
1717	hif-1	2	48	0
1718	hif-1	2	48	0
1718	hif-1	2	48	0
1719	hif-1	2	48	0
1719	hif-1	2	48	0
1720	hif-1	2	48	0
1720	hif-1	2	48	0
1721	hif-1	2	48	0
1721	hif-1	2	48	0
1722	hif-1	2	48	0
1722	hif-1	2	48	0
1723	hif-1	2	50	0
1723	hif-1	2	50	0
1724	hif-1	2	50	0
1724	hif-1	2	50	0
1725	hif-1	2	50	0
1725	hif-1	2	50	0
1726	hif-1	2	50	0
1726	hif-1	2	50	0
1727	hif-1	2	21	2
1727	hif-1	2	21	2
1728	hif-1	2	24	2
1728	hif-1	2	24	2
1729	hif-1	2	24	2
1729	hif-1	2	24	2
1730	hif-1	2	24	2
1730	hif-1	2	24	2
1731	hif-1	2	24	2
1731	hif-1	2	24	2
1732	hif-1	2	27	2
1732	hif-1	2	27	2
1733	hif-1	2	27	2
1733	hif-1	2	27	2
1734	hif-1	2	27	2
1734	hif-1	2	27	2
1735	hif-1	2	27	2
1735	hif-1	2	27	2
1736	hif-1	2	27	2
1736	hif-1	2	27	2
1737	hif-1	2	27	2
1737	hif-1	2	27	2
1738	hif-1	2	27	2
1738	hif-1	2	27	2
1739	hif-1	2	27	2
1739	hif-1	2	27	2
1740	hif-1	2	27	2
1740	hif-1	2	27	2
1741	hif-1	2	27	2
1741	hif-1	2	27	2
1742	hif-1	2	29	2
1742	hif-1	2	29	2
1743	hif-1	2	29	2
1743	hif-1	2	29	2
1744	hif-1	2	29	2
1744	hif-1	2	29	2
1745	hif-1	2	29	2
1745	hif-1	2	29	2
1746	hif-1	2	29	2
1746	hif-1	2	29	2
1747	hif-1	2	29	2
1747	hif-1	2	29	2
1748	hif-1	2	31	2
1748	hif-1	2	31	2
1749	hif-1	2	31	2
1749	hif-1	2	31	2
1750	hif-1	2	31	2
1750	hif-1	2	31	2
1751	hif-1	2	31	2
1751	hif-1	2	31	2
1752	hif-1	2	31	2
1752	hif-1	2	31	2
1753	hif-1	2	31	2
1753	hif-1	2	31	2
1754	hif-1	2	31	2
1754	hif-1	2	31	2
1755	hif-1	2	31	2
1755	hif-1	2	31	2
1756	hif-1	2	34	2
1756	hif-1	2	34	2
1757	hif-1	2	34	2
1757	hif-1	2	34	2
1758	hif-1	2	34	2
1758	hif-1	2	34	2
1759	hif-1	2	34	2
1759	hif-1	2	34	2
1760	hif-1	2	34	2
1760	hif-1	2	34	2
1761	hif-1	2	34	2
1761	hif-1	2	34	2
1762	hif-1	2	34	2
1762	hif-1	2	34	2
1763	hif-1	2	34	2
1763	hif-1	2	34	2
1764	hif-1	2	36	2
1764	hif-1	2	36	2
1765	hif-1	2	36	2
1765	hif-1	2	36	2
1766	hif-1	2	17	3
1766	hif-1	2	17	3
1767	hif-1	2	21	3
1767	hif-1	2	21	3
1768	hif-1	2	21	3
1768	hif-1	2	21	3
1769	hif-1	2	21	3
1769	hif-1	2	21	3
1770	hif-1	2	21	3
1770	hif-1	2	21	3
1771	hif-1	2	21	3
1771	hif-1	2	21	3
1772	hif-1	2	21	3
1772	hif-1	2	21	3
1773	hif-1	2	21	3
1773	hif-1	2	21	3
1774	hif-1	2	21	3
1774	hif-1	2	21	3
1775	hif-1	2	21	3
1775	hif-1	2	21	3
1776	hif-1	2	24	3
1776	hif-1	2	24	3
1777	hif-1	2	24	3
1777	hif-1	2	24	3
1778	hif-1	2	24	3
1778	hif-1	2	24	3
1779	hif-1	2	24	3
1779	hif-1	2	24	3
1780	hif-1	2	24	3
1780	hif-1	2	24	3
1781	hif-1	2	24	3
1781	hif-1	2	24	3
1782	hif-1	2	24	3
1782	hif-1	2	24	3
1783	hif-1	2	24	3
1783	hif-1	2	24	3
1784	hif-1	2	24	3
1784	hif-1	2	24	3
1785	hif-1	2	24	3
1785	hif-1	2	24	3
1786	hif-1	2	24	3
1786	hif-1	2	24	3
1787	hif-1	2	24	3
1787	hif-1	2	24	3
1788	hif-1	2	24	3
1788	hif-1	2	24	3
1789	hif-1	2	24	3
1789	hif-1	2	24	3
1790	hif-1	2	24	3
1790	hif-1	2	24	3
1791	hif-1	2	24	3
1791	hif-1	2	24	3
1792	hif-1	2	24	3
1792	hif-1	2	24	3
1793	hif-1	2	24	3
1793	hif-1	2	24	3
1794	hif-1	2	24	3
1794	hif-1	2	24	3
1795	hif-1	2	24	3
1795	hif-1	2	24	3
1796	hif-1	2	27	3
1796	hif-1	2	27	3
1797	hif-1	2	27	3
1797	hif-1	2	27	3
1798	hif-1	2	27	3
1798	hif-1	2	27	3
1799	hif-1	2	27	3
1799	hif-1	2	27	3
1800	hif-1	2	27	3
1800	hif-1	2	27	3
1801	hif-1	2	27	3
1801	hif-1	2	27	3
1802	hif-1	2	27	3
1802	hif-1	2	27	3
1803	hif-1	2	27	3
1803	hif-1	2	27	3
1804	hif-1	2	27	3
1804	hif-1	2	27	3
1805	hif-1	2	27	3
1805	hif-1	2	27	3
1806	hif-1	2	27	3
1806	hif-1	2	27	3
1807	hif-1	2	27	3
1807	hif-1	2	27	3
1808	hif-1	2	27	3
1808	hif-1	2	27	3
1809	hif-1	2	27	3
1809	hif-1	2	27	3
1810	hif-1	2	27	3
1810	hif-1	2	27	3
1811	hif-1	2	27	3
1811	hif-1	2	27	3
1812	hif-1	2	29	3
1812	hif-1	2	29	3
1813	hif-1	2	29	3
1813	hif-1	2	29	3
1814	hif-1	2	29	3
1814	hif-1	2	29	3
1815	hif-1	2	29	3
1815	hif-1	2	29	3
1816	hif-1	2	29	3
1816	hif-1	2	29	3
1817	hif-1	2	31	3
1817	hif-1	2	31	3
1818	hif-1	2	31	3
1818	hif-1	2	31	3
1819	hif-1	2	31	3
1819	hif-1	2	31	3
