strain	replicate	age.at.death	rupture	
strain	replicate	age.at.death	rupture	
1	N2	1	11	0
1	N2	1	11	0
2	N2	1	11	0
2	N2	1	11	0
3	N2	1	11	0
3	N2	1	11	0
4	N2	1	14	0
4	N2	1	14	0
5	N2	1	14	0
5	N2	1	14	0
6	N2	1	16	0
6	N2	1	16	0
7	N2	1	16	0
7	N2	1	16	0
8	N2	1	16	0
8	N2	1	16	0
9	N2	1	16	0
9	N2	1	16	0
10	N2	1	16	0
10	N2	1	16	0
11	N2	1	16	0
11	N2	1	16	0
12	N2	1	16	0
12	N2	1	16	0
13	N2	1	16	0
13	N2	1	16	0
14	N2	1	16	0
14	N2	1	16	0
15	N2	1	18	0
15	N2	1	18	0
16	N2	1	18	0
16	N2	1	18	0
17	N2	1	18	0
17	N2	1	18	0
18	N2	1	18	0
18	N2	1	18	0
19	N2	1	18	0
19	N2	1	18	0
20	N2	1	18	0
20	N2	1	18	0
21	N2	1	18	0
21	N2	1	18	0
22	N2	1	18	0
22	N2	1	18	0
23	N2	1	18	0
23	N2	1	18	0
24	N2	1	18	0
24	N2	1	18	0
25	N2	1	18	0
25	N2	1	18	0
26	N2	1	18	0
26	N2	1	18	0
27	N2	1	18	0
27	N2	1	18	0
28	N2	1	18	0
28	N2	1	18	0
29	N2	1	18	0
29	N2	1	18	0
30	N2	1	21	0
30	N2	1	21	0
31	N2	1	21	0
31	N2	1	21	0
32	N2	1	21	0
32	N2	1	21	0
33	N2	1	21	0
33	N2	1	21	0
34	N2	1	21	0
34	N2	1	21	0
35	N2	1	21	0
35	N2	1	21	0
36	N2	1	21	0
36	N2	1	21	0
37	N2	1	21	0
37	N2	1	21	0
38	N2	1	21	0
38	N2	1	21	0
39	N2	1	21	0
39	N2	1	21	0
40	N2	1	21	0
40	N2	1	21	0
41	N2	1	21	0
41	N2	1	21	0
42	N2	1	21	0
42	N2	1	21	0
43	N2	1	21	0
43	N2	1	21	0
44	N2	1	21	0
44	N2	1	21	0
45	N2	1	21	0
45	N2	1	21	0
46	N2	1	23	0
46	N2	1	23	0
47	N2	1	23	0
47	N2	1	23	0
48	N2	1	23	0
48	N2	1	23	0
49	N2	1	25	0
49	N2	1	25	0
50	N2	1	25	0
50	N2	1	25	0
51	N2	1	28	0
51	N2	1	28	0
52	N2	1	11	1
52	N2	1	11	1
53	N2	1	14	1
53	N2	1	14	1
54	N2	1	21	1
54	N2	1	21	1
55	N2	1	14	2
55	N2	1	14	2
56	N2	1	16	2
56	N2	1	16	2
57	N2	1	16	2
57	N2	1	16	2
58	N2	1	14	3
58	N2	1	14	3
59	N2	1	16	3
59	N2	1	16	3
60	N2	1	18	3
60	N2	1	18	3
61	N2	2	14	0
61	N2	2	14	0
62	N2	2	14	0
62	N2	2	14	0
63	N2	2	18	0
63	N2	2	18	0
64	N2	2	18	0
64	N2	2	18	0
65	N2	2	18	0
65	N2	2	18	0
66	N2	2	18	0
66	N2	2	18	0
67	N2	2	18	0
67	N2	2	18	0
68	N2	2	21	0
68	N2	2	21	0
69	N2	2	21	0
69	N2	2	21	0
70	N2	2	21	0
70	N2	2	21	0
71	N2	2	21	0
71	N2	2	21	0
72	N2	2	21	0
72	N2	2	21	0
73	N2	2	21	0
73	N2	2	21	0
74	N2	2	23	0
74	N2	2	23	0
75	N2	2	23	0
75	N2	2	23	0
76	N2	2	23	0
76	N2	2	23	0
77	N2	2	23	0
77	N2	2	23	0
78	N2	2	23	0
78	N2	2	23	0
79	N2	2	23	0
79	N2	2	23	0
80	N2	2	25	0
80	N2	2	25	0
81	N2	2	25	0
81	N2	2	25	0
82	N2	2	25	0
82	N2	2	25	0
83	N2	2	25	0
83	N2	2	25	0
84	N2	2	25	0
84	N2	2	25	0
85	N2	2	25	0
85	N2	2	25	0
86	N2	2	25	0
86	N2	2	25	0
87	N2	2	25	0
87	N2	2	25	0
88	N2	2	25	0
88	N2	2	25	0
89	N2	2	28	0
89	N2	2	28	0
90	N2	2	28	0
90	N2	2	28	0
91	N2	2	28	0
91	N2	2	28	0
92	N2	2	28	0
92	N2	2	28	0
93	N2	2	28	0
93	N2	2	28	0
94	N2	2	28	0
94	N2	2	28	0
95	N2	2	28	0
95	N2	2	28	0
96	N2	2	28	0
96	N2	2	28	0
97	N2	2	28	0
97	N2	2	28	0
98	N2	2	28	0
98	N2	2	28	0
99	N2	2	28	0
99	N2	2	28	0
100	N2	2	30	0
100	N2	2	30	0
101	N2	2	30	0
101	N2	2	30	0
102	N2	2	21	1
102	N2	2	21	1
103	N2	2	16	2
103	N2	2	16	2
104	N2	2	16	2
104	N2	2	16	2
105	N2	2	14	3
105	N2	2	14	3
106	N2	2	14	3
106	N2	2	14	3
107	N2	2	14	3
107	N2	2	14	3
108	N2	2	14	3
108	N2	2	14	3
109	N2	2	16	3
109	N2	2	16	3
110	N2	2	16	3
110	N2	2	16	3
111	N2	2	16	3
111	N2	2	16	3
112	N2	2	18	3
112	N2	2	18	3
113	N2	2	18	3
113	N2	2	18	3
114	N2	2	18	3
114	N2	2	18	3
115	N2	2	18	3
115	N2	2	18	3
116	sir2.1	1	14	0
116	sir2.1	1	14	0
117	sir2.1	1	14	0
117	sir2.1	1	14	0
118	sir2.1	1	16	0
118	sir2.1	1	16	0
119	sir2.1	1	16	0
119	sir2.1	1	16	0
120	sir2.1	1	16	0
120	sir2.1	1	16	0
121	sir2.1	1	18	0
121	sir2.1	1	18	0
122	sir2.1	1	18	0
122	sir2.1	1	18	0
123	sir2.1	1	18	0
123	sir2.1	1	18	0
124	sir2.1	1	18	0
124	sir2.1	1	18	0
125	sir2.1	1	18	0
125	sir2.1	1	18	0
126	sir2.1	1	18	0
126	sir2.1	1	18	0
127	sir2.1	1	18	0
127	sir2.1	1	18	0
128	sir2.1	1	18	0
128	sir2.1	1	18	0
129	sir2.1	1	18	0
129	sir2.1	1	18	0
130	sir2.1	1	18	0
130	sir2.1	1	18	0
131	sir2.1	1	18	0
131	sir2.1	1	18	0
132	sir2.1	1	18	0
132	sir2.1	1	18	0
133	sir2.1	1	21	0
133	sir2.1	1	21	0
134	sir2.1	1	21	0
134	sir2.1	1	21	0
135	sir2.1	1	21	0
135	sir2.1	1	21	0
136	sir2.1	1	21	0
136	sir2.1	1	21	0
137	sir2.1	1	21	0
137	sir2.1	1	21	0
138	sir2.1	1	21	0
138	sir2.1	1	21	0
139	sir2.1	1	21	0
139	sir2.1	1	21	0
140	sir2.1	1	21	0
140	sir2.1	1	21	0
141	sir2.1	1	21	0
141	sir2.1	1	21	0
142	sir2.1	1	21	0
142	sir2.1	1	21	0
143	sir2.1	1	21	0
143	sir2.1	1	21	0
144	sir2.1	1	21	0
144	sir2.1	1	21	0
145	sir2.1	1	21	0
145	sir2.1	1	21	0
146	sir2.1	1	21	0
146	sir2.1	1	21	0
147	sir2.1	1	21	0
147	sir2.1	1	21	0
148	sir2.1	1	21	0
148	sir2.1	1	21	0
149	sir2.1	1	21	0
149	sir2.1	1	21	0
150	sir2.1	1	21	0
150	sir2.1	1	21	0
151	sir2.1	1	21	0
151	sir2.1	1	21	0
152	sir2.1	1	23	0
152	sir2.1	1	23	0
153	sir2.1	1	23	0
153	sir2.1	1	23	0
154	sir2.1	1	23	0
154	sir2.1	1	23	0
155	sir2.1	1	23	0
155	sir2.1	1	23	0
156	sir2.1	1	23	0
156	sir2.1	1	23	0
157	sir2.1	1	23	0
157	sir2.1	1	23	0
158	sir2.1	1	23	0
158	sir2.1	1	23	0
159	sir2.1	1	25	0
159	sir2.1	1	25	0
160	sir2.1	1	25	0
160	sir2.1	1	25	0
161	sir2.1	1	25	0
161	sir2.1	1	25	0
162	sir2.1	1	25	0
162	sir2.1	1	25	0
163	sir2.1	1	25	0
163	sir2.1	1	25	0
164	sir2.1	1	25	0
164	sir2.1	1	25	0
165	sir2.1	1	28	0
165	sir2.1	1	28	0
166	sir2.1	1	28	0
166	sir2.1	1	28	0
167	sir2.1	1	28	0
167	sir2.1	1	28	0
168	sir2.1	1	14	2
168	sir2.1	1	14	2
169	SKN-1(OE)	1	14	0
169	SKN-1(OE)	1	14	0
170	SKN-1(OE)	1	14	0
170	SKN-1(OE)	1	14	0
171	SKN-1(OE)	1	14	0
171	SKN-1(OE)	1	14	0
172	SKN-1(OE)	1	14	0
172	SKN-1(OE)	1	14	0
173	SKN-1(OE)	1	14	0
173	SKN-1(OE)	1	14	0
174	SKN-1(OE)	1	16	0
174	SKN-1(OE)	1	16	0
175	SKN-1(OE)	1	16	0
175	SKN-1(OE)	1	16	0
176	SKN-1(OE)	1	16	0
176	SKN-1(OE)	1	16	0
177	SKN-1(OE)	1	16	0
177	SKN-1(OE)	1	16	0
178	SKN-1(OE)	1	16	0
178	SKN-1(OE)	1	16	0
179	SKN-1(OE)	1	16	0
179	SKN-1(OE)	1	16	0
180	SKN-1(OE)	1	16	0
180	SKN-1(OE)	1	16	0
181	SKN-1(OE)	1	16	0
181	SKN-1(OE)	1	16	0
182	SKN-1(OE)	1	16	0
182	SKN-1(OE)	1	16	0
183	SKN-1(OE)	1	16	0
183	SKN-1(OE)	1	16	0
184	SKN-1(OE)	1	16	0
184	SKN-1(OE)	1	16	0
185	SKN-1(OE)	1	16	0
185	SKN-1(OE)	1	16	0
186	SKN-1(OE)	1	18	0
186	SKN-1(OE)	1	18	0
187	SKN-1(OE)	1	18	0
187	SKN-1(OE)	1	18	0
188	SKN-1(OE)	1	18	0
188	SKN-1(OE)	1	18	0
189	SKN-1(OE)	1	18	0
189	SKN-1(OE)	1	18	0
190	SKN-1(OE)	1	18	0
190	SKN-1(OE)	1	18	0
191	SKN-1(OE)	1	18	0
191	SKN-1(OE)	1	18	0
192	SKN-1(OE)	1	18	0
192	SKN-1(OE)	1	18	0
193	SKN-1(OE)	1	18	0
193	SKN-1(OE)	1	18	0
194	SKN-1(OE)	1	18	0
194	SKN-1(OE)	1	18	0
195	SKN-1(OE)	1	18	0
195	SKN-1(OE)	1	18	0
196	SKN-1(OE)	1	18	0
196	SKN-1(OE)	1	18	0
197	SKN-1(OE)	1	18	0
197	SKN-1(OE)	1	18	0
198	SKN-1(OE)	1	18	0
198	SKN-1(OE)	1	18	0
199	SKN-1(OE)	1	18	0
199	SKN-1(OE)	1	18	0
200	SKN-1(OE)	1	18	0
200	SKN-1(OE)	1	18	0
201	SKN-1(OE)	1	18	0
201	SKN-1(OE)	1	18	0
202	SKN-1(OE)	1	18	0
202	SKN-1(OE)	1	18	0
203	SKN-1(OE)	1	18	0
203	SKN-1(OE)	1	18	0
204	SKN-1(OE)	1	18	0
204	SKN-1(OE)	1	18	0
205	SKN-1(OE)	1	18	0
205	SKN-1(OE)	1	18	0
206	SKN-1(OE)	1	18	0
206	SKN-1(OE)	1	18	0
207	SKN-1(OE)	1	18	0
207	SKN-1(OE)	1	18	0
208	SKN-1(OE)	1	18	0
208	SKN-1(OE)	1	18	0
209	SKN-1(OE)	1	18	0
209	SKN-1(OE)	1	18	0
210	SKN-1(OE)	1	18	0
210	SKN-1(OE)	1	18	0
211	SKN-1(OE)	1	18	0
211	SKN-1(OE)	1	18	0
212	SKN-1(OE)	1	18	0
212	SKN-1(OE)	1	18	0
213	SKN-1(OE)	1	18	0
213	SKN-1(OE)	1	18	0
214	SKN-1(OE)	1	18	0
214	SKN-1(OE)	1	18	0
215	SKN-1(OE)	1	21	0
215	SKN-1(OE)	1	21	0
216	SKN-1(OE)	1	21	0
216	SKN-1(OE)	1	21	0
217	SKN-1(OE)	1	21	0
217	SKN-1(OE)	1	21	0
218	SKN-1(OE)	1	21	0
218	SKN-1(OE)	1	21	0
219	SKN-1(OE)	1	21	0
219	SKN-1(OE)	1	21	0
220	SKN-1(OE)	1	21	0
220	SKN-1(OE)	1	21	0
221	SKN-1(OE)	1	21	0
221	SKN-1(OE)	1	21	0
222	SKN-1(OE)	1	21	0
222	SKN-1(OE)	1	21	0
223	SKN-1(OE)	1	21	0
223	SKN-1(OE)	1	21	0
224	SKN-1(OE)	1	21	0
224	SKN-1(OE)	1	21	0
225	SKN-1(OE)	1	21	0
225	SKN-1(OE)	1	21	0
226	SKN-1(OE)	1	21	0
226	SKN-1(OE)	1	21	0
227	SKN-1(OE)	1	21	0
227	SKN-1(OE)	1	21	0
228	SKN-1(OE)	1	21	0
228	SKN-1(OE)	1	21	0
229	SKN-1(OE)	1	21	0
229	SKN-1(OE)	1	21	0
230	SKN-1(OE)	1	21	0
230	SKN-1(OE)	1	21	0
231	SKN-1(OE)	1	21	0
231	SKN-1(OE)	1	21	0
232	SKN-1(OE)	1	21	0
232	SKN-1(OE)	1	21	0
233	SKN-1(OE)	1	21	0
233	SKN-1(OE)	1	21	0
234	SKN-1(OE)	1	21	0
234	SKN-1(OE)	1	21	0
235	SKN-1(OE)	1	21	0
235	SKN-1(OE)	1	21	0
236	SKN-1(OE)	1	21	0
236	SKN-1(OE)	1	21	0
237	SKN-1(OE)	1	23	0
237	SKN-1(OE)	1	23	0
238	SKN-1(OE)	1	23	0
238	SKN-1(OE)	1	23	0
239	SKN-1(OE)	1	23	0
239	SKN-1(OE)	1	23	0
240	SKN-1(OE)	1	23	0
240	SKN-1(OE)	1	23	0
241	SKN-1(OE)	1	23	0
241	SKN-1(OE)	1	23	0
242	SKN-1(OE)	1	23	0
242	SKN-1(OE)	1	23	0
243	SKN-1(OE)	1	23	0
243	SKN-1(OE)	1	23	0
244	SKN-1(OE)	1	23	0
244	SKN-1(OE)	1	23	0
245	SKN-1(OE)	1	23	0
245	SKN-1(OE)	1	23	0
246	SKN-1(OE)	1	23	0
246	SKN-1(OE)	1	23	0
247	SKN-1(OE)	1	23	0
247	SKN-1(OE)	1	23	0
248	SKN-1(OE)	1	23	0
248	SKN-1(OE)	1	23	0
249	SKN-1(OE)	1	23	0
249	SKN-1(OE)	1	23	0
250	SKN-1(OE)	1	23	0
250	SKN-1(OE)	1	23	0
251	SKN-1(OE)	1	25	0
251	SKN-1(OE)	1	25	0
252	SKN-1(OE)	1	25	0
252	SKN-1(OE)	1	25	0
253	SKN-1(OE)	1	25	0
253	SKN-1(OE)	1	25	0
254	SKN-1(OE)	1	25	0
254	SKN-1(OE)	1	25	0
255	SKN-1(OE)	1	25	0
255	SKN-1(OE)	1	25	0
256	SKN-1(OE)	1	25	0
256	SKN-1(OE)	1	25	0
257	SKN-1(OE)	1	25	0
257	SKN-1(OE)	1	25	0
258	SKN-1(OE)	1	25	0
258	SKN-1(OE)	1	25	0
259	SKN-1(OE)	1	25	0
259	SKN-1(OE)	1	25	0
260	SKN-1(OE)	1	25	0
260	SKN-1(OE)	1	25	0
261	SKN-1(OE)	1	28	0
261	SKN-1(OE)	1	28	0
262	SKN-1(OE)	1	28	0
262	SKN-1(OE)	1	28	0
263	SKN-1(OE)	1	28	0
263	SKN-1(OE)	1	28	0
264	SKN-1(OE)	1	28	0
264	SKN-1(OE)	1	28	0
265	SKN-1(OE)	1	28	0
265	SKN-1(OE)	1	28	0
266	SKN-1(OE)	1	28	0
266	SKN-1(OE)	1	28	0
267	SKN-1(OE)	1	28	0
267	SKN-1(OE)	1	28	0
268	SKN-1(OE)	1	28	0
268	SKN-1(OE)	1	28	0
269	SKN-1(OE)	1	28	0
269	SKN-1(OE)	1	28	0
270	SKN-1(OE)	1	32	0
270	SKN-1(OE)	1	32	0
271	SKN-1(OE)	1	16	2
271	SKN-1(OE)	1	16	2
272	SKN-1(OE)	2	11	0
272	SKN-1(OE)	2	11	0
273	SKN-1(OE)	2	11	0
273	SKN-1(OE)	2	11	0
274	SKN-1(OE)	2	11	0
274	SKN-1(OE)	2	11	0
275	SKN-1(OE)	2	14	0
275	SKN-1(OE)	2	14	0
276	SKN-1(OE)	2	14	0
276	SKN-1(OE)	2	14	0
277	SKN-1(OE)	2	14	0
277	SKN-1(OE)	2	14	0
278	SKN-1(OE)	2	14	0
278	SKN-1(OE)	2	14	0
279	SKN-1(OE)	2	14	0
279	SKN-1(OE)	2	14	0
280	SKN-1(OE)	2	14	0
280	SKN-1(OE)	2	14	0
281	SKN-1(OE)	2	14	0
281	SKN-1(OE)	2	14	0
282	SKN-1(OE)	2	14	0
282	SKN-1(OE)	2	14	0
283	SKN-1(OE)	2	14	0
283	SKN-1(OE)	2	14	0
284	SKN-1(OE)	2	14	0
284	SKN-1(OE)	2	14	0
285	SKN-1(OE)	2	16	0
285	SKN-1(OE)	2	16	0
286	SKN-1(OE)	2	16	0
286	SKN-1(OE)	2	16	0
287	SKN-1(OE)	2	16	0
287	SKN-1(OE)	2	16	0
288	SKN-1(OE)	2	16	0
288	SKN-1(OE)	2	16	0
289	SKN-1(OE)	2	16	0
289	SKN-1(OE)	2	16	0
290	SKN-1(OE)	2	16	0
290	SKN-1(OE)	2	16	0
291	SKN-1(OE)	2	16	0
291	SKN-1(OE)	2	16	0
292	SKN-1(OE)	2	18	0
292	SKN-1(OE)	2	18	0
293	SKN-1(OE)	2	18	0
293	SKN-1(OE)	2	18	0
294	SKN-1(OE)	2	18	0
294	SKN-1(OE)	2	18	0
295	SKN-1(OE)	2	18	0
295	SKN-1(OE)	2	18	0
296	SKN-1(OE)	2	18	0
296	SKN-1(OE)	2	18	0
297	SKN-1(OE)	2	18	0
297	SKN-1(OE)	2	18	0
298	SKN-1(OE)	2	18	0
298	SKN-1(OE)	2	18	0
299	SKN-1(OE)	2	18	0
299	SKN-1(OE)	2	18	0
300	SKN-1(OE)	2	21	0
300	SKN-1(OE)	2	21	0
301	SKN-1(OE)	2	21	0
301	SKN-1(OE)	2	21	0
302	SKN-1(OE)	2	21	0
302	SKN-1(OE)	2	21	0
303	SKN-1(OE)	2	21	0
303	SKN-1(OE)	2	21	0
304	SKN-1(OE)	2	21	0
304	SKN-1(OE)	2	21	0
305	SKN-1(OE)	2	21	0
305	SKN-1(OE)	2	21	0
306	SKN-1(OE)	2	21	0
306	SKN-1(OE)	2	21	0
307	SKN-1(OE)	2	21	0
307	SKN-1(OE)	2	21	0
308	SKN-1(OE)	2	21	0
308	SKN-1(OE)	2	21	0
309	SKN-1(OE)	2	21	0
309	SKN-1(OE)	2	21	0
310	SKN-1(OE)	2	21	0
310	SKN-1(OE)	2	21	0
311	SKN-1(OE)	2	21	0
311	SKN-1(OE)	2	21	0
312	SKN-1(OE)	2	21	0
312	SKN-1(OE)	2	21	0
313	SKN-1(OE)	2	21	0
313	SKN-1(OE)	2	21	0
314	SKN-1(OE)	2	21	0
314	SKN-1(OE)	2	21	0
315	SKN-1(OE)	2	21	0
315	SKN-1(OE)	2	21	0
316	SKN-1(OE)	2	21	0
316	SKN-1(OE)	2	21	0
317	SKN-1(OE)	2	21	0
317	SKN-1(OE)	2	21	0
318	SKN-1(OE)	2	21	0
318	SKN-1(OE)	2	21	0
319	SKN-1(OE)	2	21	0
319	SKN-1(OE)	2	21	0
320	SKN-1(OE)	2	21	0
320	SKN-1(OE)	2	21	0
321	SKN-1(OE)	2	21	0
321	SKN-1(OE)	2	21	0
322	SKN-1(OE)	2	21	0
322	SKN-1(OE)	2	21	0
323	SKN-1(OE)	2	23	0
323	SKN-1(OE)	2	23	0
324	SKN-1(OE)	2	23	0
324	SKN-1(OE)	2	23	0
325	SKN-1(OE)	2	23	0
325	SKN-1(OE)	2	23	0
326	SKN-1(OE)	2	23	0
326	SKN-1(OE)	2	23	0
327	SKN-1(OE)	2	23	0
327	SKN-1(OE)	2	23	0
328	SKN-1(OE)	2	23	0
328	SKN-1(OE)	2	23	0
329	SKN-1(OE)	2	23	0
329	SKN-1(OE)	2	23	0
330	SKN-1(OE)	2	23	0
330	SKN-1(OE)	2	23	0
331	SKN-1(OE)	2	23	0
331	SKN-1(OE)	2	23	0
332	SKN-1(OE)	2	23	0
332	SKN-1(OE)	2	23	0
333	SKN-1(OE)	2	23	0
333	SKN-1(OE)	2	23	0
334	SKN-1(OE)	2	23	0
334	SKN-1(OE)	2	23	0
335	SKN-1(OE)	2	23	0
335	SKN-1(OE)	2	23	0
336	SKN-1(OE)	2	23	0
336	SKN-1(OE)	2	23	0
337	SKN-1(OE)	2	25	0
337	SKN-1(OE)	2	25	0
338	SKN-1(OE)	2	25	0
338	SKN-1(OE)	2	25	0
339	SKN-1(OE)	2	25	0
339	SKN-1(OE)	2	25	0
340	SKN-1(OE)	2	25	0
340	SKN-1(OE)	2	25	0
341	SKN-1(OE)	2	25	0
341	SKN-1(OE)	2	25	0
342	SKN-1(OE)	2	25	0
342	SKN-1(OE)	2	25	0
343	SKN-1(OE)	2	28	0
343	SKN-1(OE)	2	28	0
344	SKN-1(OE)	2	28	0
344	SKN-1(OE)	2	28	0
345	SKN-1(OE)	2	28	0
345	SKN-1(OE)	2	28	0
346	SKN-1(OE)	2	28	0
346	SKN-1(OE)	2	28	0
347	SKN-1(OE)	2	28	0
347	SKN-1(OE)	2	28	0
348	SKN-1(OE)	2	28	0
348	SKN-1(OE)	2	28	0
349	SKN-1(OE)	2	28	0
349	SKN-1(OE)	2	28	0
350	SKN-1(OE)	2	28	0
350	SKN-1(OE)	2	28	0
351	SKN-1(OE)	2	28	0
351	SKN-1(OE)	2	28	0
352	SKN-1(OE)	2	30	0
352	SKN-1(OE)	2	30	0
353	SKN-1(OE)	2	30	0
353	SKN-1(OE)	2	30	0
354	SKN-1(OE)	2	30	0
354	SKN-1(OE)	2	30	0
355	SKN-1(OE)	2	32	0
355	SKN-1(OE)	2	32	0
356	SKN-1(OE)	2	35	0
356	SKN-1(OE)	2	35	0
357	eu-1	1	14	0
357	eu-1	1	14	0
358	eu-1	1	16	0
358	eu-1	1	16	0
359	eu-1	1	18	0
359	eu-1	1	18	0
360	eu-1	1	18	0
360	eu-1	1	18	0
361	eu-1	1	18	0
361	eu-1	1	18	0
362	eu-1	1	18	0
362	eu-1	1	18	0
363	eu-1	1	18	0
363	eu-1	1	18	0
364	eu-1	1	21	0
364	eu-1	1	21	0
365	eu-1	1	21	0
365	eu-1	1	21	0
366	eu-1	1	21	0
366	eu-1	1	21	0
367	eu-1	1	21	0
367	eu-1	1	21	0
368	eu-1	1	21	0
368	eu-1	1	21	0
369	eu-1	1	21	0
369	eu-1	1	21	0
370	eu-1	1	21	0
370	eu-1	1	21	0
371	eu-1	1	21	0
371	eu-1	1	21	0
372	eu-1	1	21	0
372	eu-1	1	21	0
373	eu-1	1	21	0
373	eu-1	1	21	0
374	eu-1	1	21	0
374	eu-1	1	21	0
375	eu-1	1	21	0
375	eu-1	1	21	0
376	eu-1	1	21	0
376	eu-1	1	21	0
377	eu-1	1	21	0
377	eu-1	1	21	0
378	eu-1	1	23	0
378	eu-1	1	23	0
379	eu-1	1	25	0
379	eu-1	1	25	0
380	eu-1	1	25	0
380	eu-1	1	25	0
381	eu-1	1	28	0
381	eu-1	1	28	0
382	eu-1	1	28	0
382	eu-1	1	28	0
383	eu-1	1	28	0
383	eu-1	1	28	0
384	eu-1	1	30	0
384	eu-1	1	30	0
385	eu-1	1	30	0
385	eu-1	1	30	0
386	eu-1	1	30	0
386	eu-1	1	30	0
387	eu-1	1	30	0
387	eu-1	1	30	0
388	eu-1	1	30	0
388	eu-1	1	30	0
389	eu-1	1	32	0
389	eu-1	1	32	0
390	eu-1	1	32	0
390	eu-1	1	32	0
391	eu-1	1	18	1
391	eu-1	1	18	1
392	eu-1	1	23	1
392	eu-1	1	23	1
393	eu-1	1	23	1
393	eu-1	1	23	1
394	eu-1	1	23	1
394	eu-1	1	23	1
395	eu-1	1	23	1
395	eu-1	1	23	1
396	eu-1	1	23	1
396	eu-1	1	23	1
397	eu-1	1	25	1
397	eu-1	1	25	1
398	eu-1	1	18	2
398	eu-1	1	18	2
399	eu-1	1	18	2
399	eu-1	1	18	2
400	eu-1	1	18	2
400	eu-1	1	18	2
401	eu-1	1	18	2
401	eu-1	1	18	2
402	eu-1	1	18	2
402	eu-1	1	18	2
403	eu-1	1	21	2
403	eu-1	1	21	2
404	eu-1	1	21	2
404	eu-1	1	21	2
405	eu-1	1	21	2
405	eu-1	1	21	2
406	eu-1	1	23	2
406	eu-1	1	23	2
407	eu-1	1	23	2
407	eu-1	1	23	2
408	eu-1	1	23	2
408	eu-1	1	23	2
409	eu-1	1	23	2
409	eu-1	1	23	2
410	eu-1	1	23	2
410	eu-1	1	23	2
411	eu-1	1	23	2
411	eu-1	1	23	2
412	eu-1	1	18	3
412	eu-1	1	18	3
413	eu-1	1	18	3
413	eu-1	1	18	3
414	eu-1	1	18	3
414	eu-1	1	18	3
415	eu-1	1	21	3
415	eu-1	1	21	3
416	eu-1	1	23	3
416	eu-1	1	23	3
417	eu-1	2	14	0
417	eu-1	2	14	0
418	eu-1	2	16	0
418	eu-1	2	16	0
419	eu-1	2	16	0
419	eu-1	2	16	0
420	eu-1	2	16	0
420	eu-1	2	16	0
421	eu-1	2	16	0
421	eu-1	2	16	0
422	eu-1	2	18	0
422	eu-1	2	18	0
423	eu-1	2	18	0
423	eu-1	2	18	0
424	eu-1	2	18	0
424	eu-1	2	18	0
425	eu-1	2	18	0
425	eu-1	2	18	0
426	eu-1	2	18	0
426	eu-1	2	18	0
427	eu-1	2	18	0
427	eu-1	2	18	0
428	eu-1	2	18	0
428	eu-1	2	18	0
429	eu-1	2	18	0
429	eu-1	2	18	0
430	eu-1	2	18	0
430	eu-1	2	18	0
431	eu-1	2	21	0
431	eu-1	2	21	0
432	eu-1	2	21	0
432	eu-1	2	21	0
433	eu-1	2	21	0
433	eu-1	2	21	0
434	eu-1	2	21	0
434	eu-1	2	21	0
435	eu-1	2	21	0
435	eu-1	2	21	0
436	eu-1	2	21	0
436	eu-1	2	21	0
437	eu-1	2	21	0
437	eu-1	2	21	0
438	eu-1	2	21	0
438	eu-1	2	21	0
439	eu-1	2	21	0
439	eu-1	2	21	0
440	eu-1	2	21	0
440	eu-1	2	21	0
441	eu-1	2	21	0
441	eu-1	2	21	0
442	eu-1	2	21	0
442	eu-1	2	21	0
443	eu-1	2	21	0
443	eu-1	2	21	0
444	eu-1	2	21	0
444	eu-1	2	21	0
445	eu-1	2	23	0
445	eu-1	2	23	0
446	eu-1	2	23	0
446	eu-1	2	23	0
447	eu-1	2	23	0
447	eu-1	2	23	0
448	eu-1	2	23	0
448	eu-1	2	23	0
449	eu-1	2	23	0
449	eu-1	2	23	0
450	eu-1	2	23	0
450	eu-1	2	23	0
451	eu-1	2	23	0
451	eu-1	2	23	0
452	eu-1	2	25	0
452	eu-1	2	25	0
453	eu-1	2	25	0
453	eu-1	2	25	0
454	eu-1	2	25	0
454	eu-1	2	25	0
455	eu-1	2	25	0
455	eu-1	2	25	0
456	eu-1	2	25	0
456	eu-1	2	25	0
457	eu-1	2	28	0
457	eu-1	2	28	0
458	eu-1	2	28	0
458	eu-1	2	28	0
459	eu-31	1	11	0
459	eu-31	1	11	0
460	eu-31	1	16	0
460	eu-31	1	16	0
461	eu-31	1	16	0
461	eu-31	1	16	0
462	eu-31	1	16	0
462	eu-31	1	16	0
463	eu-31	1	18	0
463	eu-31	1	18	0
464	eu-31	1	18	0
464	eu-31	1	18	0
465	eu-31	1	18	0
465	eu-31	1	18	0
466	eu-31	1	18	0
466	eu-31	1	18	0
467	eu-31	1	18	0
467	eu-31	1	18	0
468	eu-31	1	21	0
468	eu-31	1	21	0
469	eu-31	1	21	0
469	eu-31	1	21	0
470	eu-31	1	21	0
470	eu-31	1	21	0
471	eu-31	1	21	0
471	eu-31	1	21	0
472	eu-31	1	21	0
472	eu-31	1	21	0
473	eu-31	1	21	0
473	eu-31	1	21	0
474	eu-31	1	21	0
474	eu-31	1	21	0
475	eu-31	1	21	0
475	eu-31	1	21	0
476	eu-31	1	21	0
476	eu-31	1	21	0
477	eu-31	1	21	0
477	eu-31	1	21	0
478	eu-31	1	21	0
478	eu-31	1	21	0
479	eu-31	1	21	0
479	eu-31	1	21	0
480	eu-31	1	21	0
480	eu-31	1	21	0
481	eu-31	1	21	0
481	eu-31	1	21	0
482	eu-31	1	21	0
482	eu-31	1	21	0
483	eu-31	1	21	0
483	eu-31	1	21	0
484	eu-31	1	21	0
484	eu-31	1	21	0
485	eu-31	1	21	0
485	eu-31	1	21	0
486	eu-31	1	23	0
486	eu-31	1	23	0
487	eu-31	1	23	0
487	eu-31	1	23	0
488	eu-31	1	23	0
488	eu-31	1	23	0
489	eu-31	1	23	0
489	eu-31	1	23	0
490	eu-31	1	23	0
490	eu-31	1	23	0
491	eu-31	1	23	0
491	eu-31	1	23	0
492	eu-31	1	23	0
492	eu-31	1	23	0
493	eu-31	1	23	0
493	eu-31	1	23	0
494	eu-31	1	23	0
494	eu-31	1	23	0
495	eu-31	1	23	0
495	eu-31	1	23	0
496	eu-31	1	23	0
496	eu-31	1	23	0
497	eu-31	1	23	0
497	eu-31	1	23	0
498	eu-31	1	23	0
498	eu-31	1	23	0
499	eu-31	1	23	0
499	eu-31	1	23	0
500	eu-31	1	25	0
500	eu-31	1	25	0
501	eu-31	1	25	0
501	eu-31	1	25	0
502	eu-31	1	28	0
502	eu-31	1	28	0
503	eu-31	1	28	0
503	eu-31	1	28	0
504	eu-31	1	28	0
504	eu-31	1	28	0
505	eu-31	1	28	0
505	eu-31	1	28	0
506	eu-31	1	28	0
506	eu-31	1	28	0
507	eu-31	1	28	0
507	eu-31	1	28	0
508	eu-31	1	28	0
508	eu-31	1	28	0
509	eu-31	1	16	2
509	eu-31	1	16	2
510	eu-31	1	18	2
510	eu-31	1	18	2
511	eu-31	1	23	2
511	eu-31	1	23	2
512	eu-31	1	23	2
512	eu-31	1	23	2
513	eu-31	1	25	2
513	eu-31	1	25	2
514	eu-31	1	16	3
514	eu-31	1	16	3
515	eu-31	1	18	3
515	eu-31	1	18	3
516	eu-31	1	23	3
516	eu-31	1	23	3
517	eu-31	1	23	3
517	eu-31	1	23	3
518	eu-31	2	14	0
518	eu-31	2	14	0
519	eu-31	2	16	0
519	eu-31	2	16	0
520	eu-31	2	16	0
520	eu-31	2	16	0
521	eu-31	2	18	0
521	eu-31	2	18	0
522	eu-31	2	21	0
522	eu-31	2	21	0
523	eu-31	2	21	0
523	eu-31	2	21	0
524	eu-31	2	21	0
524	eu-31	2	21	0
525	eu-31	2	21	0
525	eu-31	2	21	0
526	eu-31	2	21	0
526	eu-31	2	21	0
527	eu-31	2	21	0
527	eu-31	2	21	0
528	eu-31	2	21	0
528	eu-31	2	21	0
529	eu-31	2	23	0
529	eu-31	2	23	0
530	eu-31	2	23	0
530	eu-31	2	23	0
531	eu-31	2	23	0
531	eu-31	2	23	0
532	eu-31	2	23	0
532	eu-31	2	23	0
533	eu-31	2	23	0
533	eu-31	2	23	0
534	eu-31	2	23	0
534	eu-31	2	23	0
535	eu-31	2	23	0
535	eu-31	2	23	0
536	eu-31	2	23	0
536	eu-31	2	23	0
537	eu-31	2	25	0
537	eu-31	2	25	0
538	eu-31	2	25	0
538	eu-31	2	25	0
539	eu-31	2	25	0
539	eu-31	2	25	0
540	eu-31	2	25	0
540	eu-31	2	25	0
541	eu-31	2	25	0
541	eu-31	2	25	0
542	eu-31	2	28	0
542	eu-31	2	28	0
543	eu-31	2	28	0
543	eu-31	2	28	0
544	eu-31	2	28	0
544	eu-31	2	28	0
545	eu-31	2	28	0
545	eu-31	2	28	0
546	eu-31	2	28	0
546	eu-31	2	28	0
547	eu-31	2	28	0
547	eu-31	2	28	0
548	eu-31	2	28	0
548	eu-31	2	28	0
549	eu-31	2	28	0
549	eu-31	2	28	0
550	eu-31	2	28	0
550	eu-31	2	28	0
551	eu-31	2	30	0
551	eu-31	2	30	0
552	eu-31	2	30	0
552	eu-31	2	30	0
553	eu-31	2	30	0
553	eu-31	2	30	0
554	eu-31	2	30	0
554	eu-31	2	30	0
555	eu-31	2	32	0
555	eu-31	2	32	0
556	eu-31	2	32	0
556	eu-31	2	32	0
557	aak-2	1	14	0
557	aak-2	1	14	0
558	aak-2	1	18	0
558	aak-2	1	18	0
559	aak-2	1	21	0
559	aak-2	1	21	0
560	aak-2	1	21	0
560	aak-2	1	21	0
561	aak-2	1	21	0
561	aak-2	1	21	0
562	aak-2	1	21	0
562	aak-2	1	21	0
563	aak-2	1	23	0
563	aak-2	1	23	0
564	aak-2	1	23	0
564	aak-2	1	23	0
565	aak-2	1	23	0
565	aak-2	1	23	0
566	aak-2	1	23	0
566	aak-2	1	23	0
567	aak-2	1	23	0
567	aak-2	1	23	0
568	aak-2	1	23	0
568	aak-2	1	23	0
569	aak-2	1	23	0
569	aak-2	1	23	0
570	aak-2	1	23	0
570	aak-2	1	23	0
571	aak-2	1	25	0
571	aak-2	1	25	0
572	aak-2	1	25	0
572	aak-2	1	25	0
573	aak-2	1	25	0
573	aak-2	1	25	0
574	aak-2	1	25	0
574	aak-2	1	25	0
575	aak-2	1	25	0
575	aak-2	1	25	0
576	aak-2	1	25	0
576	aak-2	1	25	0
577	aak-2	1	25	0
577	aak-2	1	25	0
578	aak-2	1	30	0
578	aak-2	1	30	0
579	aak-2	1	30	0
579	aak-2	1	30	0
580	aak-2	1	30	0
580	aak-2	1	30	0
581	aak-2	1	30	0
581	aak-2	1	30	0
582	aak-2	1	30	0
582	aak-2	1	30	0
583	aak-2	1	32	0
583	aak-2	1	32	0
584	aak-2	2	21	0
584	aak-2	2	21	0
585	aak-2	2	23	0
585	aak-2	2	23	0
586	aak-2	2	23	0
586	aak-2	2	23	0
587	aak-2	2	23	0
587	aak-2	2	23	0
588	aak-2	2	23	0
588	aak-2	2	23	0
589	aak-2	2	23	0
589	aak-2	2	23	0
590	aak-2	2	25	0
590	aak-2	2	25	0
591	aak-2	2	25	0
591	aak-2	2	25	0
592	aak-2	2	25	0
592	aak-2	2	25	0
593	aak-2	2	25	0
593	aak-2	2	25	0
594	aak-2	2	25	0
594	aak-2	2	25	0
595	aak-2	2	25	0
595	aak-2	2	25	0
596	aak-2	2	25	0
596	aak-2	2	25	0
597	aak-2	2	28	0
597	aak-2	2	28	0
598	aak-2	2	28	0
598	aak-2	2	28	0
599	aak-2	2	28	0
599	aak-2	2	28	0
600	aak-2	2	28	0
600	aak-2	2	28	0
601	aak-2	2	28	0
601	aak-2	2	28	0
602	aak-2	2	28	0
602	aak-2	2	28	0
603	aak-2	2	28	0
603	aak-2	2	28	0
604	aak-2	2	30	0
604	aak-2	2	30	0
605	aak-2	2	30	0
605	aak-2	2	30	0
606	aak-2	2	32	0
606	aak-2	2	32	0
607	cep-1	1	11	0
607	cep-1	1	11	0
608	cep-1	1	14	0
608	cep-1	1	14	0
609	cep-1	1	14	0
609	cep-1	1	14	0
610	cep-1	1	16	0
610	cep-1	1	16	0
611	cep-1	1	16	0
611	cep-1	1	16	0
612	cep-1	1	16	0
612	cep-1	1	16	0
613	cep-1	1	16	0
613	cep-1	1	16	0
614	cep-1	1	16	0
614	cep-1	1	16	0
615	cep-1	1	16	0
615	cep-1	1	16	0
616	cep-1	1	18	0
616	cep-1	1	18	0
617	cep-1	1	18	0
617	cep-1	1	18	0
618	cep-1	1	18	0
618	cep-1	1	18	0
619	cep-1	1	18	0
619	cep-1	1	18	0
620	cep-1	1	18	0
620	cep-1	1	18	0
621	cep-1	1	18	0
621	cep-1	1	18	0
622	cep-1	1	18	0
622	cep-1	1	18	0
623	cep-1	1	18	0
623	cep-1	1	18	0
624	cep-1	1	21	0
624	cep-1	1	21	0
625	cep-1	1	21	0
625	cep-1	1	21	0
626	cep-1	1	21	0
626	cep-1	1	21	0
627	cep-1	1	21	0
627	cep-1	1	21	0
628	cep-1	1	21	0
628	cep-1	1	21	0
629	cep-1	1	21	0
629	cep-1	1	21	0
630	cep-1	1	21	0
630	cep-1	1	21	0
631	cep-1	1	21	0
631	cep-1	1	21	0
632	cep-1	1	21	0
632	cep-1	1	21	0
633	cep-1	1	21	0
633	cep-1	1	21	0
634	cep-1	1	21	0
634	cep-1	1	21	0
635	cep-1	1	21	0
635	cep-1	1	21	0
636	cep-1	1	21	0
636	cep-1	1	21	0
637	cep-1	1	21	0
637	cep-1	1	21	0
638	cep-1	1	21	0
638	cep-1	1	21	0
639	cep-1	1	21	0
639	cep-1	1	21	0
640	cep-1	1	21	0
640	cep-1	1	21	0
641	cep-1	1	21	0
641	cep-1	1	21	0
642	cep-1	1	21	0
642	cep-1	1	21	0
643	cep-1	1	21	0
643	cep-1	1	21	0
644	cep-1	1	21	0
644	cep-1	1	21	0
645	cep-1	1	23	0
645	cep-1	1	23	0
646	cep-1	1	23	0
646	cep-1	1	23	0
647	cep-1	1	23	0
647	cep-1	1	23	0
648	cep-1	1	23	0
648	cep-1	1	23	0
649	cep-1	1	23	0
649	cep-1	1	23	0
650	cep-1	1	23	0
650	cep-1	1	23	0
651	cep-1	1	23	0
651	cep-1	1	23	0
652	cep-1	1	23	0
652	cep-1	1	23	0
653	cep-1	1	23	0
653	cep-1	1	23	0
654	cep-1	1	23	0
654	cep-1	1	23	0
655	cep-1	1	25	0
655	cep-1	1	25	0
656	cep-1	1	25	0
656	cep-1	1	25	0
657	cep-1	1	25	0
657	cep-1	1	25	0
658	cep-1	1	25	0
658	cep-1	1	25	0
659	cep-1	1	25	0
659	cep-1	1	25	0
660	cep-1	1	25	0
660	cep-1	1	25	0
661	cep-1	1	28	0
661	cep-1	1	28	0
662	cep-1	1	28	0
662	cep-1	1	28	0
663	cep-1	1	28	0
663	cep-1	1	28	0
664	cep-1	1	28	0
664	cep-1	1	28	0
665	cep-1	1	28	0
665	cep-1	1	28	0
666	cep-1	1	28	0
666	cep-1	1	28	0
667	cep-1	1	28	0
667	cep-1	1	28	0
668	cep-1	1	28	0
668	cep-1	1	28	0
669	cep-1	2	14	0
669	cep-1	2	14	0
670	cep-1	2	14	0
670	cep-1	2	14	0
671	cep-1	2	14	0
671	cep-1	2	14	0
672	cep-1	2	14	0
672	cep-1	2	14	0
673	cep-1	2	16	0
673	cep-1	2	16	0
674	cep-1	2	16	0
674	cep-1	2	16	0
675	cep-1	2	16	0
675	cep-1	2	16	0
676	cep-1	2	16	0
676	cep-1	2	16	0
677	cep-1	2	16	0
677	cep-1	2	16	0
678	cep-1	2	16	0
678	cep-1	2	16	0
679	cep-1	2	16	0
679	cep-1	2	16	0
680	cep-1	2	18	0
680	cep-1	2	18	0
681	cep-1	2	18	0
681	cep-1	2	18	0
682	cep-1	2	18	0
682	cep-1	2	18	0
683	cep-1	2	18	0
683	cep-1	2	18	0
684	cep-1	2	18	0
684	cep-1	2	18	0
685	cep-1	2	18	0
685	cep-1	2	18	0
686	cep-1	2	18	0
686	cep-1	2	18	0
687	cep-1	2	18	0
687	cep-1	2	18	0
688	cep-1	2	18	0
688	cep-1	2	18	0
689	cep-1	2	18	0
689	cep-1	2	18	0
690	cep-1	2	18	0
690	cep-1	2	18	0
691	cep-1	2	18	0
691	cep-1	2	18	0
692	cep-1	2	18	0
692	cep-1	2	18	0
693	cep-1	2	21	0
693	cep-1	2	21	0
694	cep-1	2	21	0
694	cep-1	2	21	0
695	cep-1	2	21	0
695	cep-1	2	21	0
696	cep-1	2	21	0
696	cep-1	2	21	0
697	cep-1	2	21	0
697	cep-1	2	21	0
698	cep-1	2	21	0
698	cep-1	2	21	0
699	cep-1	2	21	0
699	cep-1	2	21	0
700	cep-1	2	21	0
700	cep-1	2	21	0
701	cep-1	2	21	0
701	cep-1	2	21	0
702	cep-1	2	21	0
702	cep-1	2	21	0
703	cep-1	2	21	0
703	cep-1	2	21	0
704	cep-1	2	23	0
704	cep-1	2	23	0
705	cep-1	2	23	0
705	cep-1	2	23	0
706	cep-1	2	23	0
706	cep-1	2	23	0
707	cep-1	2	23	0
707	cep-1	2	23	0
708	cep-1	2	23	0
708	cep-1	2	23	0
709	cep-1	2	23	0
709	cep-1	2	23	0
710	cep-1	2	23	0
710	cep-1	2	23	0
711	cep-1	2	23	0
711	cep-1	2	23	0
712	cep-1	2	23	0
712	cep-1	2	23	0
713	cep-1	2	23	0
713	cep-1	2	23	0
714	cep-1	2	23	0
714	cep-1	2	23	0
715	cep-1	2	23	0
715	cep-1	2	23	0
716	cep-1	2	23	0
716	cep-1	2	23	0
717	cep-1	2	23	0
717	cep-1	2	23	0
718	cep-1	2	25	0
718	cep-1	2	25	0
719	cep-1	2	25	0
719	cep-1	2	25	0
720	cep-1	2	25	0
720	cep-1	2	25	0
721	cep-1	2	25	0
721	cep-1	2	25	0
722	cep-1	2	25	0
722	cep-1	2	25	0
723	cep-1	2	25	0
723	cep-1	2	25	0
724	cep-1	2	25	0
724	cep-1	2	25	0
725	cep-1	2	25	0
725	cep-1	2	25	0
726	cep-1	2	25	0
726	cep-1	2	25	0
727	cep-1	2	25	0
727	cep-1	2	25	0
728	cep-1	2	25	0
728	cep-1	2	25	0
729	cep-1	2	25	0
729	cep-1	2	25	0
730	cep-1	2	25	0
730	cep-1	2	25	0
731	cep-1	2	25	0
731	cep-1	2	25	0
732	cep-1	2	28	0
732	cep-1	2	28	0
733	cep-1	2	28	0
733	cep-1	2	28	0
734	cep-1	2	28	0
734	cep-1	2	28	0
735	cep-1	2	28	0
735	cep-1	2	28	0
736	cep-1	2	28	0
736	cep-1	2	28	0
737	cep-1	2	28	0
737	cep-1	2	28	0
738	cep-1	2	28	0
738	cep-1	2	28	0
739	cep-1	2	28	0
739	cep-1	2	28	0
740	cep-1	2	28	0
740	cep-1	2	28	0
741	cep-1	2	28	0
741	cep-1	2	28	0
742	cep-1	2	16	3
742	cep-1	2	16	3
