strain	replicate	age.at.death	rupture	
strain	replicate	age.at.death	rupture	
1	N2	1	20	0
1	N2	1	20	0
2	N2	1	22	0
2	N2	1	22	0
3	N2	1	22	0
3	N2	1	22	0
4	N2	1	22	0
4	N2	1	22	0
5	N2	1	22	0
5	N2	1	22	0
6	N2	1	22	0
6	N2	1	22	0
7	N2	1	22	0
7	N2	1	22	0
8	N2	1	22	0
8	N2	1	22	0
9	N2	1	22	0
9	N2	1	22	0
10	N2	1	22	0
10	N2	1	22	0
11	N2	1	24	0
11	N2	1	24	0
12	N2	1	24	0
12	N2	1	24	0
13	N2	1	24	0
13	N2	1	24	0
14	N2	1	24	0
14	N2	1	24	0
15	N2	1	24	0
15	N2	1	24	0
16	N2	1	24	0
16	N2	1	24	0
17	N2	1	24	0
17	N2	1	24	0
18	N2	1	24	0
18	N2	1	24	0
19	N2	1	27	0
19	N2	1	27	0
20	N2	1	27	0
20	N2	1	27	0
21	N2	1	29	0
21	N2	1	29	0
22	N2	1	29	0
22	N2	1	29	0
23	N2	1	29	0
23	N2	1	29	0
24	N2	1	31	0
24	N2	1	31	0
25	N2	1	34	0
25	N2	1	34	0
26	N2	1	36	0
26	N2	1	36	0
27	N2	1	27	1
27	N2	1	27	1
28	N2	1	31	1
28	N2	1	31	1
29	N2	1	18	2
29	N2	1	18	2
30	N2	1	18	2
30	N2	1	18	2
31	N2	1	20	2
31	N2	1	20	2
32	N2	1	22	2
32	N2	1	22	2
33	N2	1	22	2
33	N2	1	22	2
34	N2	1	22	2
34	N2	1	22	2
35	N2	1	24	2
35	N2	1	24	2
36	N2	1	16	3
36	N2	1	16	3
37	N2	1	18	3
37	N2	1	18	3
38	N2	1	18	3
38	N2	1	18	3
39	N2	1	20	3
39	N2	1	20	3
40	N2	1	22	3
40	N2	1	22	3
41	N2	1	22	3
41	N2	1	22	3
42	N2	2	18	0
42	N2	2	18	0
43	N2	2	20	0
43	N2	2	20	0
44	N2	2	20	0
44	N2	2	20	0
45	N2	2	20	0
45	N2	2	20	0
46	N2	2	20	0
46	N2	2	20	0
47	N2	2	22	0
47	N2	2	22	0
48	N2	2	22	0
48	N2	2	22	0
49	N2	2	22	0
49	N2	2	22	0
50	N2	2	22	0
50	N2	2	22	0
51	N2	2	22	0
51	N2	2	22	0
52	N2	2	24	0
52	N2	2	24	0
53	N2	2	24	0
53	N2	2	24	0
54	N2	2	24	0
54	N2	2	24	0
55	N2	2	24	0
55	N2	2	24	0
56	N2	2	24	0
56	N2	2	24	0
57	N2	2	24	0
57	N2	2	24	0
58	N2	2	27	0
58	N2	2	27	0
59	N2	2	27	0
59	N2	2	27	0
60	N2	2	27	0
60	N2	2	27	0
61	N2	2	27	0
61	N2	2	27	0
62	N2	2	27	0
62	N2	2	27	0
63	N2	2	27	0
63	N2	2	27	0
64	N2	2	29	0
64	N2	2	29	0
65	N2	2	29	0
65	N2	2	29	0
66	N2	2	29	0
66	N2	2	29	0
67	N2	2	29	0
67	N2	2	29	0
68	N2	2	29	0
68	N2	2	29	0
69	N2	2	29	0
69	N2	2	29	0
70	N2	2	34	0
70	N2	2	34	0
71	N2	2	34	0
71	N2	2	34	0
72	N2	2	34	0
72	N2	2	34	0
73	N2	2	34	0
73	N2	2	34	0
74	N2	2	34	0
74	N2	2	34	0
75	N2	2	34	0
75	N2	2	34	0
76	N2	2	34	0
76	N2	2	34	0
77	N2	2	34	0
77	N2	2	34	0
78	N2	2	36	0
78	N2	2	36	0
79	N2	2	36	0
79	N2	2	36	0
80	N2	2	38	0
80	N2	2	38	0
81	N2	2	38	0
81	N2	2	38	0
82	N2	2	41	0
82	N2	2	41	0
83	N2	2	43	0
83	N2	2	43	0
84	N2	2	22	1
84	N2	2	22	1
85	N2	2	22	1
85	N2	2	22	1
86	N2	2	31	1
86	N2	2	31	1
87	N2	2	18	2
87	N2	2	18	2
88	N2	2	18	2
88	N2	2	18	2
89	N2	2	18	2
89	N2	2	18	2
90	N2	2	20	2
90	N2	2	20	2
91	N2	2	20	2
91	N2	2	20	2
92	N2	2	16	3
92	N2	2	16	3
93	N2	2	18	3
93	N2	2	18	3
94	N2	2	18	3
94	N2	2	18	3
95	N2	2	18	3
95	N2	2	18	3
96	N2	2	20	3
96	N2	2	20	3
97	hif-1	1	20	0
97	hif-1	1	20	0
98	hif-1	1	20	0
98	hif-1	1	20	0
99	hif-1	1	20	0
99	hif-1	1	20	0
100	hif-1	1	22	0
100	hif-1	1	22	0
101	hif-1	1	22	0
101	hif-1	1	22	0
102	hif-1	1	22	0
102	hif-1	1	22	0
103	hif-1	1	24	0
103	hif-1	1	24	0
104	hif-1	1	24	0
104	hif-1	1	24	0
105	hif-1	1	27	0
105	hif-1	1	27	0
106	hif-1	1	27	0
106	hif-1	1	27	0
107	hif-1	1	27	0
107	hif-1	1	27	0
108	hif-1	1	27	0
108	hif-1	1	27	0
109	hif-1	1	27	0
109	hif-1	1	27	0
110	hif-1	1	29	0
110	hif-1	1	29	0
111	hif-1	1	29	0
111	hif-1	1	29	0
112	hif-1	1	29	0
112	hif-1	1	29	0
113	hif-1	1	29	0
113	hif-1	1	29	0
114	hif-1	1	31	0
114	hif-1	1	31	0
115	hif-1	1	31	0
115	hif-1	1	31	0
116	hif-1	1	31	0
116	hif-1	1	31	0
117	hif-1	1	34	0
117	hif-1	1	34	0
118	hif-1	1	34	0
118	hif-1	1	34	0
119	hif-1	1	34	0
119	hif-1	1	34	0
120	hif-1	1	34	0
120	hif-1	1	34	0
121	hif-1	1	34	0
121	hif-1	1	34	0
122	hif-1	1	34	0
122	hif-1	1	34	0
123	hif-1	1	36	0
123	hif-1	1	36	0
124	hif-1	1	36	0
124	hif-1	1	36	0
125	hif-1	1	38	0
125	hif-1	1	38	0
126	hif-1	1	38	0
126	hif-1	1	38	0
127	hif-1	1	41	0
127	hif-1	1	41	0
128	hif-1	1	41	0
128	hif-1	1	41	0
129	hif-1	1	43	0
129	hif-1	1	43	0
130	hif-1	1	18	2
130	hif-1	1	18	2
131	hif-1	1	18	2
131	hif-1	1	18	2
132	hif-1	1	18	2
132	hif-1	1	18	2
133	hif-1	1	20	2
133	hif-1	1	20	2
134	hif-1	1	22	2
134	hif-1	1	22	2
135	hif-1	1	22	2
135	hif-1	1	22	2
136	hif-1	1	22	2
136	hif-1	1	22	2
137	hif-1	1	22	2
137	hif-1	1	22	2
138	hif-1	1	22	2
138	hif-1	1	22	2
139	hif-1	1	24	2
139	hif-1	1	24	2
140	hif-1	1	24	2
140	hif-1	1	24	2
141	hif-1	1	24	2
141	hif-1	1	24	2
142	hif-1	1	24	2
142	hif-1	1	24	2
143	hif-1	1	27	2
143	hif-1	1	27	2
144	hif-1	1	27	2
144	hif-1	1	27	2
145	hif-1	1	27	2
145	hif-1	1	27	2
146	hif-1	1	14	3
146	hif-1	1	14	3
147	hif-1	1	18	3
147	hif-1	1	18	3
148	hif-1	1	18	3
148	hif-1	1	18	3
149	hif-1	1	18	3
149	hif-1	1	18	3
150	hif-1	1	18	3
150	hif-1	1	18	3
151	hif-1	1	20	3
151	hif-1	1	20	3
152	hif-1	1	20	3
152	hif-1	1	20	3
153	hif-1	1	20	3
153	hif-1	1	20	3
154	hif-1	1	20	3
154	hif-1	1	20	3
155	hif-1	1	20	3
155	hif-1	1	20	3
156	hif-1	1	24	3
156	hif-1	1	24	3
157	hif-1	1	27	3
157	hif-1	1	27	3
158	hif-1	2	18	0
158	hif-1	2	18	0
159	hif-1	2	20	0
159	hif-1	2	20	0
160	hif-1	2	20	0
160	hif-1	2	20	0
161	hif-1	2	20	0
161	hif-1	2	20	0
162	hif-1	2	20	0
162	hif-1	2	20	0
163	hif-1	2	20	0
163	hif-1	2	20	0
164	hif-1	2	22	0
164	hif-1	2	22	0
165	hif-1	2	22	0
165	hif-1	2	22	0
166	hif-1	2	22	0
166	hif-1	2	22	0
167	hif-1	2	22	0
167	hif-1	2	22	0
168	hif-1	2	22	0
168	hif-1	2	22	0
169	hif-1	2	22	0
169	hif-1	2	22	0
170	hif-1	2	22	0
170	hif-1	2	22	0
171	hif-1	2	22	0
171	hif-1	2	22	0
172	hif-1	2	22	0
172	hif-1	2	22	0
173	hif-1	2	22	0
173	hif-1	2	22	0
174	hif-1	2	24	0
174	hif-1	2	24	0
175	hif-1	2	24	0
175	hif-1	2	24	0
176	hif-1	2	24	0
176	hif-1	2	24	0
177	hif-1	2	24	0
177	hif-1	2	24	0
178	hif-1	2	24	0
178	hif-1	2	24	0
179	hif-1	2	24	0
179	hif-1	2	24	0
180	hif-1	2	24	0
180	hif-1	2	24	0
181	hif-1	2	24	0
181	hif-1	2	24	0
182	hif-1	2	24	0
182	hif-1	2	24	0
183	hif-1	2	24	0
183	hif-1	2	24	0
184	hif-1	2	24	0
184	hif-1	2	24	0
185	hif-1	2	24	0
185	hif-1	2	24	0
186	hif-1	2	27	0
186	hif-1	2	27	0
187	hif-1	2	27	0
187	hif-1	2	27	0
188	hif-1	2	27	0
188	hif-1	2	27	0
189	hif-1	2	29	0
189	hif-1	2	29	0
190	hif-1	2	29	0
190	hif-1	2	29	0
191	hif-1	2	31	0
191	hif-1	2	31	0
192	hif-1	2	31	0
192	hif-1	2	31	0
193	hif-1	2	34	0
193	hif-1	2	34	0
194	hif-1	2	34	0
194	hif-1	2	34	0
195	hif-1	2	38	0
195	hif-1	2	38	0
196	hif-1	2	41	0
196	hif-1	2	41	0
197	hif-1	2	43	0
197	hif-1	2	43	0
198	hif-1	2	43	0
198	hif-1	2	43	0
199	hif-1	2	24	1
199	hif-1	2	24	1
200	hif-1	2	18	2
200	hif-1	2	18	2
201	hif-1	2	18	2
201	hif-1	2	18	2
202	hif-1	2	18	2
202	hif-1	2	18	2
203	hif-1	2	20	2
203	hif-1	2	20	2
204	hif-1	2	22	2
204	hif-1	2	22	2
205	hif-1	2	22	2
205	hif-1	2	22	2
206	hif-1	2	24	2
206	hif-1	2	24	2
207	hif-1	2	27	2
207	hif-1	2	27	2
208	hif-1	2	27	2
208	hif-1	2	27	2
209	hif-1	2	27	2
209	hif-1	2	27	2
210	hif-1	2	27	2
210	hif-1	2	27	2
211	hif-1	2	27	2
211	hif-1	2	27	2
212	hif-1	2	27	2
212	hif-1	2	27	2
213	hif-1	2	27	2
213	hif-1	2	27	2
214	hif-1	2	29	2
214	hif-1	2	29	2
215	hif-1	2	18	3
215	hif-1	2	18	3
216	hif-1	2	18	3
216	hif-1	2	18	3
217	hif-1	2	18	3
217	hif-1	2	18	3
218	hif-1	2	20	3
218	hif-1	2	20	3
219	hif-1	2	20	3
219	hif-1	2	20	3
220	hif-1	2	20	3
220	hif-1	2	20	3
221	hif-1	2	20	3
221	hif-1	2	20	3
222	hif-1	2	20	3
222	hif-1	2	20	3
223	hif-1	2	20	3
223	hif-1	2	20	3
224	hif-1	2	20	3
224	hif-1	2	20	3
225	hif-1	2	20	3
225	hif-1	2	20	3
226	hif-1	2	20	3
226	hif-1	2	20	3
227	hif-1	2	20	3
227	hif-1	2	20	3
228	hif-1	2	20	3
228	hif-1	2	20	3
229	hif-1	2	22	3
229	hif-1	2	22	3
230	hif-1	2	22	3
230	hif-1	2	22	3
231	hif-1	2	24	3
231	hif-1	2	24	3
232	hif-1	2	24	3
232	hif-1	2	24	3
233	hif-1	2	24	3
233	hif-1	2	24	3
234	hif-1	2	24	3
234	hif-1	2	24	3
235	hif-1	2	27	3
235	hif-1	2	27	3
236	hif-1	2	27	3
236	hif-1	2	27	3
237	vhl-1	1	10	0
237	vhl-1	1	10	0
238	vhl-1	1	10	0
238	vhl-1	1	10	0
239	vhl-1	1	18	0
239	vhl-1	1	18	0
240	vhl-1	1	18	0
240	vhl-1	1	18	0
241	vhl-1	1	20	0
241	vhl-1	1	20	0
242	vhl-1	1	20	0
242	vhl-1	1	20	0
243	vhl-1	1	22	0
243	vhl-1	1	22	0
244	vhl-1	1	24	0
244	vhl-1	1	24	0
245	vhl-1	1	29	0
245	vhl-1	1	29	0
246	vhl-1	1	29	0
246	vhl-1	1	29	0
247	vhl-1	1	29	0
247	vhl-1	1	29	0
248	vhl-1	1	29	0
248	vhl-1	1	29	0
249	vhl-1	1	31	0
249	vhl-1	1	31	0
250	vhl-1	1	31	0
250	vhl-1	1	31	0
251	vhl-1	1	31	0
251	vhl-1	1	31	0
252	vhl-1	1	31	0
252	vhl-1	1	31	0
253	vhl-1	1	31	0
253	vhl-1	1	31	0
254	vhl-1	1	34	0
254	vhl-1	1	34	0
255	vhl-1	1	34	0
255	vhl-1	1	34	0
256	vhl-1	1	36	0
256	vhl-1	1	36	0
257	vhl-1	1	36	0
257	vhl-1	1	36	0
258	vhl-1	1	36	0
258	vhl-1	1	36	0
259	vhl-1	1	36	0
259	vhl-1	1	36	0
260	vhl-1	1	36	0
260	vhl-1	1	36	0
261	vhl-1	1	36	0
261	vhl-1	1	36	0
262	vhl-1	1	36	0
262	vhl-1	1	36	0
263	vhl-1	1	36	0
263	vhl-1	1	36	0
264	vhl-1	1	36	0
264	vhl-1	1	36	0
265	vhl-1	1	36	0
265	vhl-1	1	36	0
266	vhl-1	1	36	0
266	vhl-1	1	36	0
267	vhl-1	1	38	0
267	vhl-1	1	38	0
268	vhl-1	1	38	0
268	vhl-1	1	38	0
269	vhl-1	1	38	0
269	vhl-1	1	38	0
270	vhl-1	1	38	0
270	vhl-1	1	38	0
271	vhl-1	1	38	0
271	vhl-1	1	38	0
272	vhl-1	1	38	0
272	vhl-1	1	38	0
273	vhl-1	1	38	0
273	vhl-1	1	38	0
274	vhl-1	1	38	0
274	vhl-1	1	38	0
275	vhl-1	1	38	0
275	vhl-1	1	38	0
276	vhl-1	1	41	0
276	vhl-1	1	41	0
277	vhl-1	1	41	0
277	vhl-1	1	41	0
278	vhl-1	1	41	0
278	vhl-1	1	41	0
279	vhl-1	1	41	0
279	vhl-1	1	41	0
280	vhl-1	1	41	0
280	vhl-1	1	41	0
281	vhl-1	1	41	0
281	vhl-1	1	41	0
282	vhl-1	1	41	0
282	vhl-1	1	41	0
283	vhl-1	1	41	0
283	vhl-1	1	41	0
284	vhl-1	1	41	0
284	vhl-1	1	41	0
285	vhl-1	1	41	0
285	vhl-1	1	41	0
286	vhl-1	1	41	0
286	vhl-1	1	41	0
287	vhl-1	1	41	0
287	vhl-1	1	41	0
288	vhl-1	1	41	0
288	vhl-1	1	41	0
289	vhl-1	1	41	0
289	vhl-1	1	41	0
290	vhl-1	1	41	0
290	vhl-1	1	41	0
291	vhl-1	1	41	0
291	vhl-1	1	41	0
292	vhl-1	1	41	0
292	vhl-1	1	41	0
293	vhl-1	1	41	0
293	vhl-1	1	41	0
294	vhl-1	1	41	0
294	vhl-1	1	41	0
295	vhl-1	1	41	0
295	vhl-1	1	41	0
296	vhl-1	1	41	0
296	vhl-1	1	41	0
297	vhl-1	1	41	0
297	vhl-1	1	41	0
298	vhl-1	1	41	0
298	vhl-1	1	41	0
299	vhl-1	1	41	0
299	vhl-1	1	41	0
300	vhl-1	1	41	0
300	vhl-1	1	41	0
301	vhl-1	1	41	0
301	vhl-1	1	41	0
302	vhl-1	1	43	0
302	vhl-1	1	43	0
303	vhl-1	1	43	0
303	vhl-1	1	43	0
304	vhl-1	1	43	0
304	vhl-1	1	43	0
305	vhl-1	1	45	0
305	vhl-1	1	45	0
306	vhl-1	1	31	1
306	vhl-1	1	31	1
307	vhl-1	1	38	1
307	vhl-1	1	38	1
308	vhl-1	1	38	1
308	vhl-1	1	38	1
309	vhl-1	1	41	1
309	vhl-1	1	41	1
310	vhl-1	1	31	2
310	vhl-1	1	31	2
311	vhl-1	1	34	2
311	vhl-1	1	34	2
312	vhl-1	2	24	0
312	vhl-1	2	24	0
313	vhl-1	2	24	0
313	vhl-1	2	24	0
314	vhl-1	2	24	0
314	vhl-1	2	24	0
315	vhl-1	2	24	0
315	vhl-1	2	24	0
316	vhl-1	2	24	0
316	vhl-1	2	24	0
317	vhl-1	2	24	0
317	vhl-1	2	24	0
318	vhl-1	2	24	0
318	vhl-1	2	24	0
319	vhl-1	2	27	0
319	vhl-1	2	27	0
320	vhl-1	2	27	0
320	vhl-1	2	27	0
321	vhl-1	2	27	0
321	vhl-1	2	27	0
322	vhl-1	2	27	0
322	vhl-1	2	27	0
323	vhl-1	2	27	0
323	vhl-1	2	27	0
324	vhl-1	2	27	0
324	vhl-1	2	27	0
325	vhl-1	2	27	0
325	vhl-1	2	27	0
326	vhl-1	2	29	0
326	vhl-1	2	29	0
327	vhl-1	2	29	0
327	vhl-1	2	29	0
328	vhl-1	2	29	0
328	vhl-1	2	29	0
329	vhl-1	2	29	0
329	vhl-1	2	29	0
330	vhl-1	2	34	0
330	vhl-1	2	34	0
331	vhl-1	2	34	0
331	vhl-1	2	34	0
332	vhl-1	2	34	0
332	vhl-1	2	34	0
333	vhl-1	2	34	0
333	vhl-1	2	34	0
334	vhl-1	2	36	0
334	vhl-1	2	36	0
335	vhl-1	2	36	0
335	vhl-1	2	36	0
336	vhl-1	2	36	0
336	vhl-1	2	36	0
337	vhl-1	2	38	0
337	vhl-1	2	38	0
338	vhl-1	2	38	0
338	vhl-1	2	38	0
339	vhl-1	2	38	0
339	vhl-1	2	38	0
340	vhl-1	2	41	0
340	vhl-1	2	41	0
341	vhl-1	2	41	0
341	vhl-1	2	41	0
342	vhl-1	2	41	0
342	vhl-1	2	41	0
343	vhl-1	2	41	0
343	vhl-1	2	41	0
344	vhl-1	2	41	0
344	vhl-1	2	41	0
345	vhl-1	2	41	0
345	vhl-1	2	41	0
346	vhl-1	2	41	0
346	vhl-1	2	41	0
347	vhl-1	2	41	0
347	vhl-1	2	41	0
348	vhl-1	2	41	0
348	vhl-1	2	41	0
349	vhl-1	2	41	0
349	vhl-1	2	41	0
350	vhl-1	2	41	0
350	vhl-1	2	41	0
351	vhl-1	2	41	0
351	vhl-1	2	41	0
352	vhl-1	2	41	0
352	vhl-1	2	41	0
353	vhl-1	2	41	0
353	vhl-1	2	41	0
354	vhl-1	2	41	0
354	vhl-1	2	41	0
355	vhl-1	2	41	0
355	vhl-1	2	41	0
356	vhl-1	2	41	0
356	vhl-1	2	41	0
357	vhl-1	2	41	0
357	vhl-1	2	41	0
358	vhl-1	2	41	0
358	vhl-1	2	41	0
359	vhl-1	2	41	0
359	vhl-1	2	41	0
360	vhl-1	2	41	0
360	vhl-1	2	41	0
361	vhl-1	2	43	0
361	vhl-1	2	43	0
362	vhl-1	2	43	0
362	vhl-1	2	43	0
363	vhl-1	2	43	0
363	vhl-1	2	43	0
364	vhl-1	2	43	0
364	vhl-1	2	43	0
365	vhl-1	2	43	0
365	vhl-1	2	43	0
366	vhl-1	2	36	1
366	vhl-1	2	36	1
367	vhl-1	2	41	1
367	vhl-1	2	41	1
368	vhl-1	2	29	2
368	vhl-1	2	29	2
