strain	replicate	age.at.death	rupture	
strain	replicate	age.at.death	rupture	
1	N2	1	23	0
1	N2	1	23	0
2	N2	1	25	0
2	N2	1	25	0
3	N2	1	25	0
3	N2	1	25	0
4	N2	1	25	0
4	N2	1	25	0
5	N2	1	28	0
5	N2	1	28	0
6	N2	1	28	0
6	N2	1	28	0
7	N2	1	28	0
7	N2	1	28	0
8	N2	1	30	0
8	N2	1	30	0
9	N2	1	30	0
9	N2	1	30	0
10	N2	1	30	0
10	N2	1	30	0
11	N2	1	30	0
11	N2	1	30	0
12	N2	1	30	0
12	N2	1	30	0
13	N2	1	30	0
13	N2	1	30	0
14	N2	1	30	0
14	N2	1	30	0
15	N2	1	30	0
15	N2	1	30	0
16	N2	1	32	0
16	N2	1	32	0
17	N2	1	32	0
17	N2	1	32	0
18	N2	1	32	0
18	N2	1	32	0
19	N2	1	32	0
19	N2	1	32	0
20	N2	1	32	0
20	N2	1	32	0
21	N2	1	32	0
21	N2	1	32	0
22	N2	1	32	0
22	N2	1	32	0
23	N2	1	32	0
23	N2	1	32	0
24	N2	1	32	0
24	N2	1	32	0
25	N2	1	32	0
25	N2	1	32	0
26	N2	1	32	0
26	N2	1	32	0
27	N2	1	32	0
27	N2	1	32	0
28	N2	1	32	0
28	N2	1	32	0
29	N2	1	32	0
29	N2	1	32	0
30	N2	1	32	0
30	N2	1	32	0
31	N2	1	32	0
31	N2	1	32	0
32	N2	1	32	0
32	N2	1	32	0
33	N2	1	32	0
33	N2	1	32	0
34	N2	1	32	0
34	N2	1	32	0
35	N2	1	32	0
35	N2	1	32	0
36	N2	1	32	0
36	N2	1	32	0
37	N2	1	32	0
37	N2	1	32	0
38	N2	1	32	0
38	N2	1	32	0
39	N2	1	32	0
39	N2	1	32	0
40	N2	1	32	0
40	N2	1	32	0
41	N2	1	32	0
41	N2	1	32	0
42	N2	1	32	0
42	N2	1	32	0
43	N2	1	32	0
43	N2	1	32	0
44	N2	1	35	0
44	N2	1	35	0
45	N2	1	35	0
45	N2	1	35	0
46	N2	1	35	0
46	N2	1	35	0
47	N2	1	35	0
47	N2	1	35	0
48	N2	1	35	0
48	N2	1	35	0
49	N2	1	35	0
49	N2	1	35	0
50	N2	1	35	0
50	N2	1	35	0
51	N2	1	35	0
51	N2	1	35	0
52	N2	1	35	0
52	N2	1	35	0
53	N2	1	35	0
53	N2	1	35	0
54	N2	1	35	0
54	N2	1	35	0
55	N2	1	37	0
55	N2	1	37	0
56	N2	1	37	0
56	N2	1	37	0
57	N2	1	37	0
57	N2	1	37	0
58	N2	1	37	0
58	N2	1	37	0
59	N2	1	37	0
59	N2	1	37	0
60	N2	1	37	0
60	N2	1	37	0
61	N2	1	37	0
61	N2	1	37	0
62	N2	1	37	0
62	N2	1	37	0
63	N2	1	37	0
63	N2	1	37	0
64	N2	1	37	0
64	N2	1	37	0
65	N2	1	37	0
65	N2	1	37	0
66	N2	1	39	0
66	N2	1	39	0
67	N2	1	39	0
67	N2	1	39	0
68	N2	1	39	0
68	N2	1	39	0
69	N2	1	39	0
69	N2	1	39	0
70	N2	1	39	0
70	N2	1	39	0
71	N2	1	39	0
71	N2	1	39	0
72	N2	1	39	0
72	N2	1	39	0
73	N2	1	39	0
73	N2	1	39	0
74	N2	1	42	0
74	N2	1	42	0
75	N2	1	42	0
75	N2	1	42	0
76	N2	1	42	0
76	N2	1	42	0
77	N2	1	42	0
77	N2	1	42	0
78	N2	1	42	0
78	N2	1	42	0
79	N2	1	42	0
79	N2	1	42	0
80	N2	1	42	0
80	N2	1	42	0
81	N2	1	44	0
81	N2	1	44	0
82	N2	1	44	0
82	N2	1	44	0
83	N2	1	44	0
83	N2	1	44	0
84	N2	1	44	0
84	N2	1	44	0
85	N2	1	44	0
85	N2	1	44	0
86	N2	1	32	1
86	N2	1	32	1
87	N2	1	23	2
87	N2	1	23	2
88	N2	1	25	2
88	N2	1	25	2
89	N2	1	28	2
89	N2	1	28	2
90	N2	1	28	2
90	N2	1	28	2
91	N2	1	30	2
91	N2	1	30	2
92	N2	1	30	2
92	N2	1	30	2
93	N2	1	30	2
93	N2	1	30	2
94	N2	1	30	2
94	N2	1	30	2
95	N2	1	30	2
95	N2	1	30	2
96	N2	1	30	2
96	N2	1	30	2
97	N2	1	30	2
97	N2	1	30	2
98	N2	1	30	2
98	N2	1	30	2
99	N2	1	30	2
99	N2	1	30	2
100	N2	1	30	2
100	N2	1	30	2
101	N2	1	32	2
101	N2	1	32	2
102	N2	1	32	2
102	N2	1	32	2
103	N2	1	32	2
103	N2	1	32	2
104	N2	1	18	3
104	N2	1	18	3
105	N2	1	18	3
105	N2	1	18	3
106	N2	1	21	3
106	N2	1	21	3
107	N2	1	21	3
107	N2	1	21	3
108	N2	1	23	3
108	N2	1	23	3
109	N2	1	23	3
109	N2	1	23	3
110	N2	1	23	3
110	N2	1	23	3
111	N2	1	23	3
111	N2	1	23	3
112	N2	1	23	3
112	N2	1	23	3
113	N2	1	23	3
113	N2	1	23	3
114	N2	1	23	3
114	N2	1	23	3
115	N2	1	25	3
115	N2	1	25	3
116	N2	1	25	3
116	N2	1	25	3
117	N2	1	25	3
117	N2	1	25	3
118	N2	1	25	3
118	N2	1	25	3
119	N2	1	25	3
119	N2	1	25	3
120	N2	1	25	3
120	N2	1	25	3
121	N2	1	25	3
121	N2	1	25	3
122	N2	1	28	3
122	N2	1	28	3
123	N2	1	28	3
123	N2	1	28	3
124	N2	1	28	3
124	N2	1	28	3
125	N2	1	28	3
125	N2	1	28	3
126	N2	1	28	3
126	N2	1	28	3
127	N2	1	28	3
127	N2	1	28	3
128	N2	1	28	3
128	N2	1	28	3
129	N2	1	28	3
129	N2	1	28	3
130	N2	1	28	3
130	N2	1	28	3
131	N2	1	28	3
131	N2	1	28	3
132	N2	1	30	3
132	N2	1	30	3
133	N2	1	30	3
133	N2	1	30	3
134	N2	1	30	3
134	N2	1	30	3
135	N2	1	30	3
135	N2	1	30	3
136	N2	1	30	3
136	N2	1	30	3
137	N2	1	30	3
137	N2	1	30	3
138	N2	1	30	3
138	N2	1	30	3
139	N2	1	30	3
139	N2	1	30	3
140	N2	1	30	3
140	N2	1	30	3
141	N2	1	30	3
141	N2	1	30	3
142	N2.DR	1	13	0
142	N2.DR	1	13	0
143	N2.DR	1	16	0
143	N2.DR	1	16	0
144	N2.DR	1	16	0
144	N2.DR	1	16	0
145	N2.DR	1	16	0
145	N2.DR	1	16	0
146	N2.DR	1	18	0
146	N2.DR	1	18	0
147	N2.DR	1	18	0
147	N2.DR	1	18	0
148	N2.DR	1	21	0
148	N2.DR	1	21	0
149	N2.DR	1	23	0
149	N2.DR	1	23	0
150	N2.DR	1	23	0
150	N2.DR	1	23	0
151	N2.DR	1	23	0
151	N2.DR	1	23	0
152	N2.DR	1	23	0
152	N2.DR	1	23	0
153	N2.DR	1	25	0
153	N2.DR	1	25	0
154	N2.DR	1	28	0
154	N2.DR	1	28	0
155	N2.DR	1	28	0
155	N2.DR	1	28	0
156	N2.DR	1	28	0
156	N2.DR	1	28	0
157	N2.DR	1	30	0
157	N2.DR	1	30	0
158	N2.DR	1	30	0
158	N2.DR	1	30	0
159	N2.DR	1	32	0
159	N2.DR	1	32	0
160	N2.DR	1	32	0
160	N2.DR	1	32	0
161	N2.DR	1	32	0
161	N2.DR	1	32	0
162	N2.DR	1	32	0
162	N2.DR	1	32	0
163	N2.DR	1	32	0
163	N2.DR	1	32	0
164	N2.DR	1	32	0
164	N2.DR	1	32	0
165	N2.DR	1	32	0
165	N2.DR	1	32	0
166	N2.DR	1	32	0
166	N2.DR	1	32	0
167	N2.DR	1	32	0
167	N2.DR	1	32	0
168	N2.DR	1	32	0
168	N2.DR	1	32	0
169	N2.DR	1	32	0
169	N2.DR	1	32	0
170	N2.DR	1	32	0
170	N2.DR	1	32	0
171	N2.DR	1	32	0
171	N2.DR	1	32	0
172	N2.DR	1	32	0
172	N2.DR	1	32	0
173	N2.DR	1	32	0
173	N2.DR	1	32	0
174	N2.DR	1	35	0
174	N2.DR	1	35	0
175	N2.DR	1	35	0
175	N2.DR	1	35	0
176	N2.DR	1	37	0
176	N2.DR	1	37	0
177	N2.DR	1	37	0
177	N2.DR	1	37	0
178	N2.DR	1	37	0
178	N2.DR	1	37	0
179	N2.DR	1	37	0
179	N2.DR	1	37	0
180	N2.DR	1	37	0
180	N2.DR	1	37	0
181	N2.DR	1	37	0
181	N2.DR	1	37	0
182	N2.DR	1	37	0
182	N2.DR	1	37	0
183	N2.DR	1	37	0
183	N2.DR	1	37	0
184	N2.DR	1	37	0
184	N2.DR	1	37	0
185	N2.DR	1	37	0
185	N2.DR	1	37	0
186	N2.DR	1	37	0
186	N2.DR	1	37	0
187	N2.DR	1	37	0
187	N2.DR	1	37	0
188	N2.DR	1	37	0
188	N2.DR	1	37	0
189	N2.DR	1	37	0
189	N2.DR	1	37	0
190	N2.DR	1	37	0
190	N2.DR	1	37	0
191	N2.DR	1	37	0
191	N2.DR	1	37	0
192	N2.DR	1	37	0
192	N2.DR	1	37	0
193	N2.DR	1	37	0
193	N2.DR	1	37	0
194	N2.DR	1	37	0
194	N2.DR	1	37	0
195	N2.DR	1	39	0
195	N2.DR	1	39	0
196	N2.DR	1	39	0
196	N2.DR	1	39	0
197	N2.DR	1	39	0
197	N2.DR	1	39	0
198	N2.DR	1	39	0
198	N2.DR	1	39	0
199	N2.DR	1	39	0
199	N2.DR	1	39	0
200	N2.DR	1	39	0
200	N2.DR	1	39	0
201	N2.DR	1	42	0
201	N2.DR	1	42	0
202	N2.DR	1	42	0
202	N2.DR	1	42	0
203	N2.DR	1	42	0
203	N2.DR	1	42	0
204	N2.DR	1	42	0
204	N2.DR	1	42	0
205	N2.DR	1	42	0
205	N2.DR	1	42	0
206	N2.DR	1	42	0
206	N2.DR	1	42	0
207	N2.DR	1	42	0
207	N2.DR	1	42	0
208	N2.DR	1	42	0
208	N2.DR	1	42	0
209	N2.DR	1	42	0
209	N2.DR	1	42	0
210	N2.DR	1	44	0
210	N2.DR	1	44	0
211	N2.DR	1	44	0
211	N2.DR	1	44	0
212	N2.DR	1	44	0
212	N2.DR	1	44	0
213	N2.DR	1	44	0
213	N2.DR	1	44	0
214	N2.DR	1	44	0
214	N2.DR	1	44	0
215	N2.DR	1	46	0
215	N2.DR	1	46	0
216	N2.DR	1	46	0
216	N2.DR	1	46	0
217	N2.DR	1	46	0
217	N2.DR	1	46	0
218	N2.DR	1	46	0
218	N2.DR	1	46	0
219	N2.DR	1	46	0
219	N2.DR	1	46	0
220	N2.DR	1	46	0
220	N2.DR	1	46	0
221	N2.DR	1	46	0
221	N2.DR	1	46	0
222	N2.DR	1	49	0
222	N2.DR	1	49	0
223	hif-1	1	18	0
223	hif-1	1	18	0
224	hif-1	1	21	0
224	hif-1	1	21	0
225	hif-1	1	23	0
225	hif-1	1	23	0
226	hif-1	1	28	0
226	hif-1	1	28	0
227	hif-1	1	30	0
227	hif-1	1	30	0
228	hif-1	1	30	0
228	hif-1	1	30	0
229	hif-1	1	32	0
229	hif-1	1	32	0
230	hif-1	1	32	0
230	hif-1	1	32	0
231	hif-1	1	32	0
231	hif-1	1	32	0
232	hif-1	1	32	0
232	hif-1	1	32	0
233	hif-1	1	32	0
233	hif-1	1	32	0
234	hif-1	1	32	0
234	hif-1	1	32	0
235	hif-1	1	32	0
235	hif-1	1	32	0
236	hif-1	1	32	0
236	hif-1	1	32	0
237	hif-1	1	32	0
237	hif-1	1	32	0
238	hif-1	1	32	0
238	hif-1	1	32	0
239	hif-1	1	35	0
239	hif-1	1	35	0
240	hif-1	1	35	0
240	hif-1	1	35	0
241	hif-1	1	35	0
241	hif-1	1	35	0
242	hif-1	1	35	0
242	hif-1	1	35	0
243	hif-1	1	35	0
243	hif-1	1	35	0
244	hif-1	1	37	0
244	hif-1	1	37	0
245	hif-1	1	39	0
245	hif-1	1	39	0
246	hif-1	1	39	0
246	hif-1	1	39	0
247	hif-1	1	39	0
247	hif-1	1	39	0
248	hif-1	1	39	0
248	hif-1	1	39	0
249	hif-1	1	39	0
249	hif-1	1	39	0
250	hif-1	1	39	0
250	hif-1	1	39	0
251	hif-1	1	39	0
251	hif-1	1	39	0
252	hif-1	1	42	0
252	hif-1	1	42	0
253	hif-1	1	42	0
253	hif-1	1	42	0
254	hif-1	1	42	0
254	hif-1	1	42	0
255	hif-1	1	44	0
255	hif-1	1	44	0
256	hif-1	1	44	0
256	hif-1	1	44	0
257	hif-1	1	44	0
257	hif-1	1	44	0
258	hif-1	1	44	0
258	hif-1	1	44	0
259	hif-1	1	44	0
259	hif-1	1	44	0
260	hif-1	1	46	0
260	hif-1	1	46	0
261	hif-1	1	46	0
261	hif-1	1	46	0
262	hif-1	1	46	0
262	hif-1	1	46	0
263	hif-1	1	49	0
263	hif-1	1	49	0
264	hif-1	1	49	0
264	hif-1	1	49	0
265	hif-1	1	49	0
265	hif-1	1	49	0
266	hif-1	1	49	0
266	hif-1	1	49	0
267	hif-1	1	35	1
267	hif-1	1	35	1
268	hif-1	1	16	2
268	hif-1	1	16	2
269	hif-1	1	21	2
269	hif-1	1	21	2
270	hif-1	1	21	2
270	hif-1	1	21	2
271	hif-1	1	21	2
271	hif-1	1	21	2
272	hif-1	1	21	2
272	hif-1	1	21	2
273	hif-1	1	23	2
273	hif-1	1	23	2
274	hif-1	1	23	2
274	hif-1	1	23	2
275	hif-1	1	23	2
275	hif-1	1	23	2
276	hif-1	1	25	2
276	hif-1	1	25	2
277	hif-1	1	25	2
277	hif-1	1	25	2
278	hif-1	1	25	2
278	hif-1	1	25	2
279	hif-1	1	28	2
279	hif-1	1	28	2
280	hif-1	1	28	2
280	hif-1	1	28	2
281	hif-1	1	28	2
281	hif-1	1	28	2
282	hif-1	1	28	2
282	hif-1	1	28	2
283	hif-1	1	28	2
283	hif-1	1	28	2
284	hif-1	1	28	2
284	hif-1	1	28	2
285	hif-1	1	30	2
285	hif-1	1	30	2
286	hif-1	1	30	2
286	hif-1	1	30	2
287	hif-1	1	30	2
287	hif-1	1	30	2
288	hif-1	1	30	2
288	hif-1	1	30	2
289	hif-1	1	30	2
289	hif-1	1	30	2
290	hif-1	1	30	2
290	hif-1	1	30	2
291	hif-1	1	30	2
291	hif-1	1	30	2
292	hif-1	1	30	2
292	hif-1	1	30	2
293	hif-1	1	30	2
293	hif-1	1	30	2
294	hif-1	1	30	2
294	hif-1	1	30	2
295	hif-1	1	30	2
295	hif-1	1	30	2
296	hif-1	1	30	2
296	hif-1	1	30	2
297	hif-1	1	30	2
297	hif-1	1	30	2
298	hif-1	1	32	2
298	hif-1	1	32	2
299	hif-1	1	32	2
299	hif-1	1	32	2
300	hif-1	1	32	2
300	hif-1	1	32	2
301	hif-1	1	32	2
301	hif-1	1	32	2
302	hif-1	1	21	3
302	hif-1	1	21	3
303	hif-1	1	21	3
303	hif-1	1	21	3
304	hif-1	1	21	3
304	hif-1	1	21	3
305	hif-1	1	23	3
305	hif-1	1	23	3
306	hif-1	1	23	3
306	hif-1	1	23	3
307	hif-1	1	23	3
307	hif-1	1	23	3
308	hif-1	1	23	3
308	hif-1	1	23	3
309	hif-1	1	23	3
309	hif-1	1	23	3
310	hif-1	1	25	3
310	hif-1	1	25	3
311	hif-1	1	25	3
311	hif-1	1	25	3
312	hif-1	1	25	3
312	hif-1	1	25	3
313	hif-1	1	25	3
313	hif-1	1	25	3
314	hif-1	1	28	3
314	hif-1	1	28	3
315	hif-1	1	28	3
315	hif-1	1	28	3
316	hif-1	1	28	3
316	hif-1	1	28	3
317	hif-1	1	28	3
317	hif-1	1	28	3
318	hif-1	1	28	3
318	hif-1	1	28	3
319	hif-1	1	30	3
319	hif-1	1	30	3
320	hif-1	1	30	3
320	hif-1	1	30	3
321	hif-1	1	30	3
321	hif-1	1	30	3
322	hif-1	1	30	3
322	hif-1	1	30	3
323	hif-1	1	30	3
323	hif-1	1	30	3
324	vhl-1	1	21	0
324	vhl-1	1	21	0
325	vhl-1	1	25	0
325	vhl-1	1	25	0
326	vhl-1	1	30	0
326	vhl-1	1	30	0
327	vhl-1	1	30	0
327	vhl-1	1	30	0
328	vhl-1	1	30	0
328	vhl-1	1	30	0
329	vhl-1	1	30	0
329	vhl-1	1	30	0
330	vhl-1	1	30	0
330	vhl-1	1	30	0
331	vhl-1	1	32	0
331	vhl-1	1	32	0
332	vhl-1	1	32	0
332	vhl-1	1	32	0
333	vhl-1	1	32	0
333	vhl-1	1	32	0
334	vhl-1	1	32	0
334	vhl-1	1	32	0
335	vhl-1	1	32	0
335	vhl-1	1	32	0
336	vhl-1	1	32	0
336	vhl-1	1	32	0
337	vhl-1	1	32	0
337	vhl-1	1	32	0
338	vhl-1	1	32	0
338	vhl-1	1	32	0
339	vhl-1	1	32	0
339	vhl-1	1	32	0
340	vhl-1	1	32	0
340	vhl-1	1	32	0
341	vhl-1	1	32	0
341	vhl-1	1	32	0
342	vhl-1	1	32	0
342	vhl-1	1	32	0
343	vhl-1	1	32	0
343	vhl-1	1	32	0
344	vhl-1	1	32	0
344	vhl-1	1	32	0
345	vhl-1	1	32	0
345	vhl-1	1	32	0
346	vhl-1	1	32	0
346	vhl-1	1	32	0
347	vhl-1	1	32	0
347	vhl-1	1	32	0
348	vhl-1	1	32	0
348	vhl-1	1	32	0
349	vhl-1	1	32	0
349	vhl-1	1	32	0
350	vhl-1	1	35	0
350	vhl-1	1	35	0
351	vhl-1	1	35	0
351	vhl-1	1	35	0
352	vhl-1	1	35	0
352	vhl-1	1	35	0
353	vhl-1	1	35	0
353	vhl-1	1	35	0
354	vhl-1	1	35	0
354	vhl-1	1	35	0
355	vhl-1	1	35	0
355	vhl-1	1	35	0
356	vhl-1	1	35	0
356	vhl-1	1	35	0
357	vhl-1	1	35	0
357	vhl-1	1	35	0
358	vhl-1	1	35	0
358	vhl-1	1	35	0
359	vhl-1	1	35	0
359	vhl-1	1	35	0
360	vhl-1	1	35	0
360	vhl-1	1	35	0
361	vhl-1	1	35	0
361	vhl-1	1	35	0
362	vhl-1	1	35	0
362	vhl-1	1	35	0
363	vhl-1	1	35	0
363	vhl-1	1	35	0
364	vhl-1	1	35	0
364	vhl-1	1	35	0
365	vhl-1	1	35	0
365	vhl-1	1	35	0
366	vhl-1	1	35	0
366	vhl-1	1	35	0
367	vhl-1	1	35	0
367	vhl-1	1	35	0
368	vhl-1	1	37	0
368	vhl-1	1	37	0
369	vhl-1	1	37	0
369	vhl-1	1	37	0
370	vhl-1	1	37	0
370	vhl-1	1	37	0
371	vhl-1	1	37	0
371	vhl-1	1	37	0
372	vhl-1	1	37	0
372	vhl-1	1	37	0
373	vhl-1	1	37	0
373	vhl-1	1	37	0
374	vhl-1	1	37	0
374	vhl-1	1	37	0
375	vhl-1	1	37	0
375	vhl-1	1	37	0
376	vhl-1	1	37	0
376	vhl-1	1	37	0
377	vhl-1	1	37	0
377	vhl-1	1	37	0
378	vhl-1	1	37	0
378	vhl-1	1	37	0
379	vhl-1	1	37	0
379	vhl-1	1	37	0
380	vhl-1	1	37	0
380	vhl-1	1	37	0
381	vhl-1	1	37	0
381	vhl-1	1	37	0
382	vhl-1	1	37	0
382	vhl-1	1	37	0
383	vhl-1	1	37	0
383	vhl-1	1	37	0
384	vhl-1	1	37	0
384	vhl-1	1	37	0
385	vhl-1	1	39	0
385	vhl-1	1	39	0
386	vhl-1	1	39	0
386	vhl-1	1	39	0
387	vhl-1	1	39	0
387	vhl-1	1	39	0
388	vhl-1	1	39	0
388	vhl-1	1	39	0
389	vhl-1	1	39	0
389	vhl-1	1	39	0
390	vhl-1	1	39	0
390	vhl-1	1	39	0
391	vhl-1	1	39	0
391	vhl-1	1	39	0
392	vhl-1	1	39	0
392	vhl-1	1	39	0
393	vhl-1	1	39	0
393	vhl-1	1	39	0
394	vhl-1	1	39	0
394	vhl-1	1	39	0
395	vhl-1	1	39	0
395	vhl-1	1	39	0
396	vhl-1	1	39	0
396	vhl-1	1	39	0
397	vhl-1	1	39	0
397	vhl-1	1	39	0
398	vhl-1	1	39	0
398	vhl-1	1	39	0
399	vhl-1	1	39	0
399	vhl-1	1	39	0
400	vhl-1	1	39	0
400	vhl-1	1	39	0
401	vhl-1	1	39	0
401	vhl-1	1	39	0
402	vhl-1	1	42	0
402	vhl-1	1	42	0
403	vhl-1	1	42	0
403	vhl-1	1	42	0
404	vhl-1	1	42	0
404	vhl-1	1	42	0
405	vhl-1	1	42	0
405	vhl-1	1	42	0
406	vhl-1	1	42	0
406	vhl-1	1	42	0
407	vhl-1	1	42	0
407	vhl-1	1	42	0
408	vhl-1	1	42	0
408	vhl-1	1	42	0
409	vhl-1	1	42	0
409	vhl-1	1	42	0
410	vhl-1	1	42	0
410	vhl-1	1	42	0
411	vhl-1	1	42	0
411	vhl-1	1	42	0
412	vhl-1	1	42	0
412	vhl-1	1	42	0
413	vhl-1	1	42	0
413	vhl-1	1	42	0
414	vhl-1	1	42	0
414	vhl-1	1	42	0
415	vhl-1	1	42	0
415	vhl-1	1	42	0
416	vhl-1	1	42	0
416	vhl-1	1	42	0
417	vhl-1	1	42	0
417	vhl-1	1	42	0
418	vhl-1	1	42	0
418	vhl-1	1	42	0
419	vhl-1	1	42	0
419	vhl-1	1	42	0
420	vhl-1	1	42	0
420	vhl-1	1	42	0
421	vhl-1	1	42	0
421	vhl-1	1	42	0
422	vhl-1	1	42	0
422	vhl-1	1	42	0
423	vhl-1	1	42	0
423	vhl-1	1	42	0
424	vhl-1	1	42	0
424	vhl-1	1	42	0
425	vhl-1	1	42	0
425	vhl-1	1	42	0
426	vhl-1	1	42	0
426	vhl-1	1	42	0
427	vhl-1	1	42	0
427	vhl-1	1	42	0
428	vhl-1	1	42	0
428	vhl-1	1	42	0
429	vhl-1	1	42	0
429	vhl-1	1	42	0
430	vhl-1	1	44	0
430	vhl-1	1	44	0
431	vhl-1	1	44	0
431	vhl-1	1	44	0
432	vhl-1	1	44	0
432	vhl-1	1	44	0
433	vhl-1	1	44	0
433	vhl-1	1	44	0
434	vhl-1	1	44	0
434	vhl-1	1	44	0
435	vhl-1	1	44	0
435	vhl-1	1	44	0
436	vhl-1	1	44	0
436	vhl-1	1	44	0
437	vhl-1	1	44	0
437	vhl-1	1	44	0
438	vhl-1	1	44	0
438	vhl-1	1	44	0
439	vhl-1	1	44	0
439	vhl-1	1	44	0
440	vhl-1	1	44	0
440	vhl-1	1	44	0
441	vhl-1	1	44	0
441	vhl-1	1	44	0
442	vhl-1	1	44	0
442	vhl-1	1	44	0
443	vhl-1	1	44	0
443	vhl-1	1	44	0
444	vhl-1	1	44	0
444	vhl-1	1	44	0
445	vhl-1	1	44	0
445	vhl-1	1	44	0
446	vhl-1	1	44	0
446	vhl-1	1	44	0
447	vhl-1	1	44	0
447	vhl-1	1	44	0
448	vhl-1	1	44	0
448	vhl-1	1	44	0
449	vhl-1	1	46	0
449	vhl-1	1	46	0
450	vhl-1	1	46	0
450	vhl-1	1	46	0
451	vhl-1	1	46	0
451	vhl-1	1	46	0
452	vhl-1	1	49	0
452	vhl-1	1	49	0
453	vhl-1	1	49	0
453	vhl-1	1	49	0
454	vhl-1	1	49	0
454	vhl-1	1	49	0
455	vhl-1	1	49	0
455	vhl-1	1	49	0
456	vhl-1	1	49	0
456	vhl-1	1	49	0
457	vhl-1	1	49	0
457	vhl-1	1	49	0
458	vhl-1	1	53	0
458	vhl-1	1	53	0
459	vhl-1	1	28	2
459	vhl-1	1	28	2
460	vhl-1	1	30	2
460	vhl-1	1	30	2
461	vhl-1	1	30	2
461	vhl-1	1	30	2
462	vhl-1	1	30	2
462	vhl-1	1	30	2
463	vhl-1	1	28	3
463	vhl-1	1	28	3
464	hif-1(ia07)	1	16	0
464	hif-1(ia07)	1	16	0
465	hif-1(ia07)	1	18	0
465	hif-1(ia07)	1	18	0
466	hif-1(ia07)	1	18	0
466	hif-1(ia07)	1	18	0
467	hif-1(ia07)	1	28	0
467	hif-1(ia07)	1	28	0
468	hif-1(ia07)	1	30	0
468	hif-1(ia07)	1	30	0
469	hif-1(ia07)	1	30	0
469	hif-1(ia07)	1	30	0
470	hif-1(ia07)	1	30	0
470	hif-1(ia07)	1	30	0
471	hif-1(ia07)	1	32	0
471	hif-1(ia07)	1	32	0
472	hif-1(ia07)	1	32	0
472	hif-1(ia07)	1	32	0
473	hif-1(ia07)	1	32	0
473	hif-1(ia07)	1	32	0
474	hif-1(ia07)	1	32	0
474	hif-1(ia07)	1	32	0
475	hif-1(ia07)	1	32	0
475	hif-1(ia07)	1	32	0
476	hif-1(ia07)	1	32	0
476	hif-1(ia07)	1	32	0
477	hif-1(ia07)	1	32	0
477	hif-1(ia07)	1	32	0
478	hif-1(ia07)	1	32	0
478	hif-1(ia07)	1	32	0
479	hif-1(ia07)	1	32	0
479	hif-1(ia07)	1	32	0
480	hif-1(ia07)	1	32	0
480	hif-1(ia07)	1	32	0
481	hif-1(ia07)	1	32	0
481	hif-1(ia07)	1	32	0
482	hif-1(ia07)	1	32	0
482	hif-1(ia07)	1	32	0
483	hif-1(ia07)	1	32	0
483	hif-1(ia07)	1	32	0
484	hif-1(ia07)	1	32	0
484	hif-1(ia07)	1	32	0
485	hif-1(ia07)	1	32	0
485	hif-1(ia07)	1	32	0
486	hif-1(ia07)	1	32	0
486	hif-1(ia07)	1	32	0
487	hif-1(ia07)	1	32	0
487	hif-1(ia07)	1	32	0
488	hif-1(ia07)	1	32	0
488	hif-1(ia07)	1	32	0
489	hif-1(ia07)	1	32	0
489	hif-1(ia07)	1	32	0
490	hif-1(ia07)	1	32	0
490	hif-1(ia07)	1	32	0
491	hif-1(ia07)	1	32	0
491	hif-1(ia07)	1	32	0
492	hif-1(ia07)	1	32	0
492	hif-1(ia07)	1	32	0
493	hif-1(ia07)	1	32	0
493	hif-1(ia07)	1	32	0
494	hif-1(ia07)	1	32	0
494	hif-1(ia07)	1	32	0
495	hif-1(ia07)	1	32	0
495	hif-1(ia07)	1	32	0
496	hif-1(ia07)	1	32	0
496	hif-1(ia07)	1	32	0
497	hif-1(ia07)	1	32	0
497	hif-1(ia07)	1	32	0
498	hif-1(ia07)	1	32	0
498	hif-1(ia07)	1	32	0
499	hif-1(ia07)	1	32	0
499	hif-1(ia07)	1	32	0
500	hif-1(ia07)	1	32	0
500	hif-1(ia07)	1	32	0
501	hif-1(ia07)	1	32	0
501	hif-1(ia07)	1	32	0
502	hif-1(ia07)	1	32	0
502	hif-1(ia07)	1	32	0
503	hif-1(ia07)	1	32	0
503	hif-1(ia07)	1	32	0
504	hif-1(ia07)	1	32	0
504	hif-1(ia07)	1	32	0
505	hif-1(ia07)	1	32	0
505	hif-1(ia07)	1	32	0
506	hif-1(ia07)	1	32	0
506	hif-1(ia07)	1	32	0
507	hif-1(ia07)	1	32	0
507	hif-1(ia07)	1	32	0
508	hif-1(ia07)	1	32	0
508	hif-1(ia07)	1	32	0
509	hif-1(ia07)	1	32	0
509	hif-1(ia07)	1	32	0
510	hif-1(ia07)	1	32	0
510	hif-1(ia07)	1	32	0
511	hif-1(ia07)	1	32	0
511	hif-1(ia07)	1	32	0
512	hif-1(ia07)	1	35	0
512	hif-1(ia07)	1	35	0
513	hif-1(ia07)	1	35	0
513	hif-1(ia07)	1	35	0
514	hif-1(ia07)	1	35	0
514	hif-1(ia07)	1	35	0
515	hif-1(ia07)	1	35	0
515	hif-1(ia07)	1	35	0
516	hif-1(ia07)	1	35	0
516	hif-1(ia07)	1	35	0
517	hif-1(ia07)	1	35	0
517	hif-1(ia07)	1	35	0
518	hif-1(ia07)	1	35	0
518	hif-1(ia07)	1	35	0
519	hif-1(ia07)	1	35	0
519	hif-1(ia07)	1	35	0
520	hif-1(ia07)	1	35	0
520	hif-1(ia07)	1	35	0
521	hif-1(ia07)	1	35	0
521	hif-1(ia07)	1	35	0
522	hif-1(ia07)	1	35	0
522	hif-1(ia07)	1	35	0
523	hif-1(ia07)	1	35	0
523	hif-1(ia07)	1	35	0
524	hif-1(ia07)	1	35	0
524	hif-1(ia07)	1	35	0
525	hif-1(ia07)	1	35	0
525	hif-1(ia07)	1	35	0
526	hif-1(ia07)	1	35	0
526	hif-1(ia07)	1	35	0
527	hif-1(ia07)	1	35	0
527	hif-1(ia07)	1	35	0
528	hif-1(ia07)	1	35	0
528	hif-1(ia07)	1	35	0
529	hif-1(ia07)	1	35	0
529	hif-1(ia07)	1	35	0
530	hif-1(ia07)	1	35	0
530	hif-1(ia07)	1	35	0
531	hif-1(ia07)	1	35	0
531	hif-1(ia07)	1	35	0
532	hif-1(ia07)	1	35	0
532	hif-1(ia07)	1	35	0
533	hif-1(ia07)	1	35	0
533	hif-1(ia07)	1	35	0
534	hif-1(ia07)	1	35	0
534	hif-1(ia07)	1	35	0
535	hif-1(ia07)	1	35	0
535	hif-1(ia07)	1	35	0
536	hif-1(ia07)	1	35	0
536	hif-1(ia07)	1	35	0
537	hif-1(ia07)	1	35	0
537	hif-1(ia07)	1	35	0
538	hif-1(ia07)	1	35	0
538	hif-1(ia07)	1	35	0
539	hif-1(ia07)	1	35	0
539	hif-1(ia07)	1	35	0
540	hif-1(ia07)	1	35	0
540	hif-1(ia07)	1	35	0
541	hif-1(ia07)	1	35	0
541	hif-1(ia07)	1	35	0
542	hif-1(ia07)	1	35	0
542	hif-1(ia07)	1	35	0
543	hif-1(ia07)	1	35	0
543	hif-1(ia07)	1	35	0
544	hif-1(ia07)	1	35	0
544	hif-1(ia07)	1	35	0
545	hif-1(ia07)	1	35	0
545	hif-1(ia07)	1	35	0
546	hif-1(ia07)	1	35	0
546	hif-1(ia07)	1	35	0
547	hif-1(ia07)	1	35	0
547	hif-1(ia07)	1	35	0
548	hif-1(ia07)	1	35	0
548	hif-1(ia07)	1	35	0
549	hif-1(ia07)	1	35	0
549	hif-1(ia07)	1	35	0
550	hif-1(ia07)	1	35	0
550	hif-1(ia07)	1	35	0
551	hif-1(ia07)	1	35	0
551	hif-1(ia07)	1	35	0
552	hif-1(ia07)	1	35	0
552	hif-1(ia07)	1	35	0
553	hif-1(ia07)	1	35	0
553	hif-1(ia07)	1	35	0
554	hif-1(ia07)	1	35	0
554	hif-1(ia07)	1	35	0
555	hif-1(ia07)	1	35	0
555	hif-1(ia07)	1	35	0
556	hif-1(ia07)	1	35	0
556	hif-1(ia07)	1	35	0
557	hif-1(ia07)	1	35	0
557	hif-1(ia07)	1	35	0
558	hif-1(ia07)	1	35	0
558	hif-1(ia07)	1	35	0
559	hif-1(ia07)	1	35	0
559	hif-1(ia07)	1	35	0
560	hif-1(ia07)	1	35	0
560	hif-1(ia07)	1	35	0
561	hif-1(ia07)	1	35	0
561	hif-1(ia07)	1	35	0
562	hif-1(ia07)	1	37	0
562	hif-1(ia07)	1	37	0
563	hif-1(ia07)	1	37	0
563	hif-1(ia07)	1	37	0
564	hif-1(ia07)	1	37	0
564	hif-1(ia07)	1	37	0
565	hif-1(ia07)	1	37	0
565	hif-1(ia07)	1	37	0
566	hif-1(ia07)	1	37	0
566	hif-1(ia07)	1	37	0
567	hif-1(ia07)	1	37	0
567	hif-1(ia07)	1	37	0
568	hif-1(ia07)	1	37	0
568	hif-1(ia07)	1	37	0
569	hif-1(ia07)	1	37	0
569	hif-1(ia07)	1	37	0
570	hif-1(ia07)	1	37	0
570	hif-1(ia07)	1	37	0
571	hif-1(ia07)	1	37	0
571	hif-1(ia07)	1	37	0
572	hif-1(ia07)	1	37	0
572	hif-1(ia07)	1	37	0
573	hif-1(ia07)	1	37	0
573	hif-1(ia07)	1	37	0
574	hif-1(ia07)	1	37	0
574	hif-1(ia07)	1	37	0
575	hif-1(ia07)	1	37	0
575	hif-1(ia07)	1	37	0
576	hif-1(ia07)	1	37	0
576	hif-1(ia07)	1	37	0
577	hif-1(ia07)	1	37	0
577	hif-1(ia07)	1	37	0
578	hif-1(ia07)	1	37	0
578	hif-1(ia07)	1	37	0
579	hif-1(ia07)	1	37	0
579	hif-1(ia07)	1	37	0
580	hif-1(ia07)	1	37	0
580	hif-1(ia07)	1	37	0
581	hif-1(ia07)	1	37	0
581	hif-1(ia07)	1	37	0
582	hif-1(ia07)	1	37	0
582	hif-1(ia07)	1	37	0
583	hif-1(ia07)	1	37	0
583	hif-1(ia07)	1	37	0
584	hif-1(ia07)	1	37	0
584	hif-1(ia07)	1	37	0
585	hif-1(ia07)	1	37	0
585	hif-1(ia07)	1	37	0
586	hif-1(ia07)	1	37	0
586	hif-1(ia07)	1	37	0
587	hif-1(ia07)	1	37	0
587	hif-1(ia07)	1	37	0
588	hif-1(ia07)	1	37	0
588	hif-1(ia07)	1	37	0
589	hif-1(ia07)	1	37	0
589	hif-1(ia07)	1	37	0
590	hif-1(ia07)	1	37	0
590	hif-1(ia07)	1	37	0
591	hif-1(ia07)	1	37	0
591	hif-1(ia07)	1	37	0
592	hif-1(ia07)	1	37	0
592	hif-1(ia07)	1	37	0
593	hif-1(ia07)	1	37	0
593	hif-1(ia07)	1	37	0
594	hif-1(ia07)	1	37	0
594	hif-1(ia07)	1	37	0
595	hif-1(ia07)	1	37	0
595	hif-1(ia07)	1	37	0
596	hif-1(ia07)	1	37	0
596	hif-1(ia07)	1	37	0
597	hif-1(ia07)	1	37	0
597	hif-1(ia07)	1	37	0
598	hif-1(ia07)	1	37	0
598	hif-1(ia07)	1	37	0
599	hif-1(ia07)	1	37	0
599	hif-1(ia07)	1	37	0
600	hif-1(ia07)	1	37	0
600	hif-1(ia07)	1	37	0
601	hif-1(ia07)	1	37	0
601	hif-1(ia07)	1	37	0
602	hif-1(ia07)	1	37	0
602	hif-1(ia07)	1	37	0
603	hif-1(ia07)	1	37	0
603	hif-1(ia07)	1	37	0
604	hif-1(ia07)	1	37	0
604	hif-1(ia07)	1	37	0
605	hif-1(ia07)	1	37	0
605	hif-1(ia07)	1	37	0
606	hif-1(ia07)	1	37	0
606	hif-1(ia07)	1	37	0
607	hif-1(ia07)	1	37	0
607	hif-1(ia07)	1	37	0
608	hif-1(ia07)	1	37	0
608	hif-1(ia07)	1	37	0
609	hif-1(ia07)	1	37	0
609	hif-1(ia07)	1	37	0
610	hif-1(ia07)	1	37	0
610	hif-1(ia07)	1	37	0
611	hif-1(ia07)	1	37	0
611	hif-1(ia07)	1	37	0
612	hif-1(ia07)	1	37	0
612	hif-1(ia07)	1	37	0
613	hif-1(ia07)	1	37	0
613	hif-1(ia07)	1	37	0
614	hif-1(ia07)	1	37	0
614	hif-1(ia07)	1	37	0
615	hif-1(ia07)	1	37	0
615	hif-1(ia07)	1	37	0
616	hif-1(ia07)	1	37	0
616	hif-1(ia07)	1	37	0
617	hif-1(ia07)	1	37	0
617	hif-1(ia07)	1	37	0
618	hif-1(ia07)	1	37	0
618	hif-1(ia07)	1	37	0
619	hif-1(ia07)	1	37	0
619	hif-1(ia07)	1	37	0
620	hif-1(ia07)	1	37	0
620	hif-1(ia07)	1	37	0
621	hif-1(ia07)	1	37	0
621	hif-1(ia07)	1	37	0
622	hif-1(ia07)	1	37	0
622	hif-1(ia07)	1	37	0
623	hif-1(ia07)	1	37	0
623	hif-1(ia07)	1	37	0
624	hif-1(ia07)	1	37	0
624	hif-1(ia07)	1	37	0
625	hif-1(ia07)	1	37	0
625	hif-1(ia07)	1	37	0
626	hif-1(ia07)	1	37	0
626	hif-1(ia07)	1	37	0
627	hif-1(ia07)	1	37	0
627	hif-1(ia07)	1	37	0
628	hif-1(ia07)	1	37	0
628	hif-1(ia07)	1	37	0
629	hif-1(ia07)	1	37	0
629	hif-1(ia07)	1	37	0
630	hif-1(ia07)	1	39	0
630	hif-1(ia07)	1	39	0
631	hif-1(ia07)	1	39	0
631	hif-1(ia07)	1	39	0
632	hif-1(ia07)	1	39	0
632	hif-1(ia07)	1	39	0
633	hif-1(ia07)	1	39	0
633	hif-1(ia07)	1	39	0
634	hif-1(ia07)	1	39	0
634	hif-1(ia07)	1	39	0
635	hif-1(ia07)	1	39	0
635	hif-1(ia07)	1	39	0
636	hif-1(ia07)	1	39	0
636	hif-1(ia07)	1	39	0
637	hif-1(ia07)	1	39	0
637	hif-1(ia07)	1	39	0
638	hif-1(ia07)	1	39	0
638	hif-1(ia07)	1	39	0
639	hif-1(ia07)	1	39	0
639	hif-1(ia07)	1	39	0
640	hif-1(ia07)	1	39	0
640	hif-1(ia07)	1	39	0
641	hif-1(ia07)	1	39	0
641	hif-1(ia07)	1	39	0
642	hif-1(ia07)	1	42	0
642	hif-1(ia07)	1	42	0
643	hif-1(ia07)	1	42	0
643	hif-1(ia07)	1	42	0
644	hif-1(ia07)	1	42	0
644	hif-1(ia07)	1	42	0
645	hif-1(ia07)	1	42	0
645	hif-1(ia07)	1	42	0
646	hif-1(ia07)	1	42	0
646	hif-1(ia07)	1	42	0
647	hif-1(ia07)	1	42	0
647	hif-1(ia07)	1	42	0
648	hif-1(ia07)	1	42	0
648	hif-1(ia07)	1	42	0
649	hif-1(ia07)	1	42	0
649	hif-1(ia07)	1	42	0
650	hif-1(ia07)	1	42	0
650	hif-1(ia07)	1	42	0
651	hif-1(ia07)	1	42	0
651	hif-1(ia07)	1	42	0
652	hif-1(ia07)	1	42	0
652	hif-1(ia07)	1	42	0
653	hif-1(ia07)	1	42	0
653	hif-1(ia07)	1	42	0
654	hif-1(ia07)	1	44	0
654	hif-1(ia07)	1	44	0
655	hif-1(ia07)	1	44	0
655	hif-1(ia07)	1	44	0
656	hif-1(ia07)	1	44	0
656	hif-1(ia07)	1	44	0
657	hif-1(ia07)	1	44	0
657	hif-1(ia07)	1	44	0
658	hif-1(ia07)	1	44	0
658	hif-1(ia07)	1	44	0
659	hif-1(ia07)	1	44	0
659	hif-1(ia07)	1	44	0
660	hif-1(ia07)	1	44	0
660	hif-1(ia07)	1	44	0
661	hif-1(ia07)	1	46	0
661	hif-1(ia07)	1	46	0
662	hif-1(ia07)	1	46	0
662	hif-1(ia07)	1	46	0
663	hif-1(ia07)	1	46	0
663	hif-1(ia07)	1	46	0
664	hif-1(ia07)	1	46	0
664	hif-1(ia07)	1	46	0
665	hif-1(ia07)	1	46	0
665	hif-1(ia07)	1	46	0
666	hif-1(ia07)	1	46	0
666	hif-1(ia07)	1	46	0
667	hif-1(ia07)	1	46	0
667	hif-1(ia07)	1	46	0
668	hif-1(ia07)	1	46	0
668	hif-1(ia07)	1	46	0
669	hif-1(ia07)	1	49	0
669	hif-1(ia07)	1	49	0
670	hif-1(ia07)	1	49	0
670	hif-1(ia07)	1	49	0
671	hif-1(ia07)	1	49	0
671	hif-1(ia07)	1	49	0
672	hif-1(ia07)	1	49	0
672	hif-1(ia07)	1	49	0
673	hif-1(ia07)	1	49	0
673	hif-1(ia07)	1	49	0
674	hif-1(ia07)	1	49	0
674	hif-1(ia07)	1	49	0
675	hif-1(ia07)	1	49	0
675	hif-1(ia07)	1	49	0
676	hif-1(ia07)	1	32	1
676	hif-1(ia07)	1	32	1
677	hif-1(ia07)	1	35	1
677	hif-1(ia07)	1	35	1
678	hif-1(ia07)	1	25	2
678	hif-1(ia07)	1	25	2
679	hif-1(ia07)	1	25	2
679	hif-1(ia07)	1	25	2
680	hif-1(ia07)	1	28	2
680	hif-1(ia07)	1	28	2
681	hif-1(ia07)	1	28	2
681	hif-1(ia07)	1	28	2
682	hif-1(ia07)	1	28	2
682	hif-1(ia07)	1	28	2
683	hif-1(ia07)	1	28	2
683	hif-1(ia07)	1	28	2
684	hif-1(ia07)	1	28	2
684	hif-1(ia07)	1	28	2
685	hif-1(ia07)	1	28	2
685	hif-1(ia07)	1	28	2
686	hif-1(ia07)	1	28	2
686	hif-1(ia07)	1	28	2
687	hif-1(ia07)	1	30	2
687	hif-1(ia07)	1	30	2
688	hif-1(ia07)	1	30	2
688	hif-1(ia07)	1	30	2
689	hif-1(ia07)	1	30	2
689	hif-1(ia07)	1	30	2
690	hif-1(ia07)	1	30	2
690	hif-1(ia07)	1	30	2
691	hif-1(ia07)	1	30	2
691	hif-1(ia07)	1	30	2
692	hif-1(ia07)	1	30	2
692	hif-1(ia07)	1	30	2
693	hif-1(ia07)	1	30	2
693	hif-1(ia07)	1	30	2
694	hif-1(ia07)	1	30	2
694	hif-1(ia07)	1	30	2
695	hif-1(ia07)	1	30	2
695	hif-1(ia07)	1	30	2
696	hif-1(ia07)	1	30	2
696	hif-1(ia07)	1	30	2
697	hif-1(ia07)	1	30	2
697	hif-1(ia07)	1	30	2
698	hif-1(ia07)	1	30	2
698	hif-1(ia07)	1	30	2
699	hif-1(ia07)	1	30	2
699	hif-1(ia07)	1	30	2
700	hif-1(ia07)	1	30	2
700	hif-1(ia07)	1	30	2
701	hif-1(ia07)	1	30	2
701	hif-1(ia07)	1	30	2
702	hif-1(ia07)	1	30	2
702	hif-1(ia07)	1	30	2
703	hif-1(ia07)	1	30	2
703	hif-1(ia07)	1	30	2
704	hif-1(ia07)	1	30	2
704	hif-1(ia07)	1	30	2
705	hif-1(ia07)	1	30	2
705	hif-1(ia07)	1	30	2
706	hif-1(ia07)	1	30	2
706	hif-1(ia07)	1	30	2
707	hif-1(ia07)	1	30	2
707	hif-1(ia07)	1	30	2
708	hif-1(ia07)	1	30	2
708	hif-1(ia07)	1	30	2
709	hif-1(ia07)	1	32	2
709	hif-1(ia07)	1	32	2
710	hif-1(ia07)	1	32	2
710	hif-1(ia07)	1	32	2
711	hif-1(ia07)	1	32	2
711	hif-1(ia07)	1	32	2
712	hif-1(ia07)	1	32	2
712	hif-1(ia07)	1	32	2
713	hif-1(ia07)	1	32	2
713	hif-1(ia07)	1	32	2
714	hif-1(ia07)	1	32	2
714	hif-1(ia07)	1	32	2
715	hif-1(ia07)	1	32	2
715	hif-1(ia07)	1	32	2
716	hif-1(ia07)	1	32	2
716	hif-1(ia07)	1	32	2
717	hif-1(ia07)	1	32	2
717	hif-1(ia07)	1	32	2
718	hif-1(ia07)	1	32	2
718	hif-1(ia07)	1	32	2
719	hif-1(ia07)	1	32	2
719	hif-1(ia07)	1	32	2
720	hif-1(ia07)	1	32	2
720	hif-1(ia07)	1	32	2
721	hif-1(ia07)	1	32	2
721	hif-1(ia07)	1	32	2
722	hif-1(ia07)	1	32	2
722	hif-1(ia07)	1	32	2
723	hif-1(ia07)	1	32	2
723	hif-1(ia07)	1	32	2
724	hif-1(ia07)	1	32	2
724	hif-1(ia07)	1	32	2
725	hif-1(ia07)	1	32	2
725	hif-1(ia07)	1	32	2
726	hif-1(ia07)	1	32	2
726	hif-1(ia07)	1	32	2
727	hif-1(ia07)	1	32	2
727	hif-1(ia07)	1	32	2
728	hif-1(ia07)	1	32	2
728	hif-1(ia07)	1	32	2
729	hif-1(ia07)	1	32	2
729	hif-1(ia07)	1	32	2
730	hif-1(ia07)	1	32	2
730	hif-1(ia07)	1	32	2
731	hif-1(ia07)	1	32	2
731	hif-1(ia07)	1	32	2
732	hif-1(ia07)	1	32	2
732	hif-1(ia07)	1	32	2
733	hif-1(ia07)	1	32	2
733	hif-1(ia07)	1	32	2
734	hif-1(ia07)	1	32	2
734	hif-1(ia07)	1	32	2
735	hif-1(ia07)	1	32	2
735	hif-1(ia07)	1	32	2
736	hif-1(ia07)	1	32	2
736	hif-1(ia07)	1	32	2
737	hif-1(ia07)	1	32	2
737	hif-1(ia07)	1	32	2
738	hif-1(ia07)	1	32	2
738	hif-1(ia07)	1	32	2
739	hif-1(ia07)	1	35	2
739	hif-1(ia07)	1	35	2
740	hif-1(ia07)	1	35	2
740	hif-1(ia07)	1	35	2
741	hif-1(ia07)	1	35	2
741	hif-1(ia07)	1	35	2
742	hif-1(ia07)	1	35	2
742	hif-1(ia07)	1	35	2
743	hif-1(ia07)	1	35	2
743	hif-1(ia07)	1	35	2
744	hif-1(ia07)	1	35	2
744	hif-1(ia07)	1	35	2
745	hif-1(ia07)	1	35	2
745	hif-1(ia07)	1	35	2
746	hif-1(ia07)	1	37	2
746	hif-1(ia07)	1	37	2
747	hif-1(ia07)	1	37	2
747	hif-1(ia07)	1	37	2
748	hif-1(ia07)	1	16	3
748	hif-1(ia07)	1	16	3
749	hif-1(ia07)	1	21	3
749	hif-1(ia07)	1	21	3
750	hif-1(ia07)	1	21	3
750	hif-1(ia07)	1	21	3
751	hif-1(ia07)	1	21	3
751	hif-1(ia07)	1	21	3
752	hif-1(ia07)	1	21	3
752	hif-1(ia07)	1	21	3
753	hif-1(ia07)	1	23	3
753	hif-1(ia07)	1	23	3
754	hif-1(ia07)	1	23	3
754	hif-1(ia07)	1	23	3
755	hif-1(ia07)	1	23	3
755	hif-1(ia07)	1	23	3
756	hif-1(ia07)	1	23	3
756	hif-1(ia07)	1	23	3
757	hif-1(ia07)	1	25	3
757	hif-1(ia07)	1	25	3
758	hif-1(ia07)	1	25	3
758	hif-1(ia07)	1	25	3
759	hif-1(ia07)	1	25	3
759	hif-1(ia07)	1	25	3
760	hif-1(ia07)	1	25	3
760	hif-1(ia07)	1	25	3
761	hif-1(ia07)	1	25	3
761	hif-1(ia07)	1	25	3
762	hif-1(ia07)	1	28	3
762	hif-1(ia07)	1	28	3
763	hif-1(ia07)	1	30	3
763	hif-1(ia07)	1	30	3
764	hif-1(ia07)	1	30	3
764	hif-1(ia07)	1	30	3
765	hif-1(ia07)	1	30	3
765	hif-1(ia07)	1	30	3
766	hif-1(ia07)	1	30	3
766	hif-1(ia07)	1	30	3
767	hif-1(ia07)	1	30	3
767	hif-1(ia07)	1	30	3
768	hif-1(ia07)	1	32	3
768	hif-1(ia07)	1	32	3
769	SKN-1.OE	1	16	0
769	SKN-1.OE	1	16	0
770	SKN-1.OE	1	16	0
770	SKN-1.OE	1	16	0
771	SKN-1.OE	1	16	0
771	SKN-1.OE	1	16	0
772	SKN-1.OE	1	18	0
772	SKN-1.OE	1	18	0
773	SKN-1.OE	1	18	0
773	SKN-1.OE	1	18	0
774	SKN-1.OE	1	18	0
774	SKN-1.OE	1	18	0
775	SKN-1.OE	1	18	0
775	SKN-1.OE	1	18	0
776	SKN-1.OE	1	23	0
776	SKN-1.OE	1	23	0
777	SKN-1.OE	1	23	0
777	SKN-1.OE	1	23	0
778	SKN-1.OE	1	23	0
778	SKN-1.OE	1	23	0
779	SKN-1.OE	1	23	0
779	SKN-1.OE	1	23	0
780	SKN-1.OE	1	23	0
780	SKN-1.OE	1	23	0
781	SKN-1.OE	1	25	0
781	SKN-1.OE	1	25	0
782	SKN-1.OE	1	25	0
782	SKN-1.OE	1	25	0
783	SKN-1.OE	1	25	0
783	SKN-1.OE	1	25	0
784	SKN-1.OE	1	25	0
784	SKN-1.OE	1	25	0
785	SKN-1.OE	1	25	0
785	SKN-1.OE	1	25	0
786	SKN-1.OE	1	25	0
786	SKN-1.OE	1	25	0
787	SKN-1.OE	1	28	0
787	SKN-1.OE	1	28	0
788	SKN-1.OE	1	28	0
788	SKN-1.OE	1	28	0
789	SKN-1.OE	1	28	0
789	SKN-1.OE	1	28	0
790	SKN-1.OE	1	28	0
790	SKN-1.OE	1	28	0
791	SKN-1.OE	1	28	0
791	SKN-1.OE	1	28	0
792	SKN-1.OE	1	28	0
792	SKN-1.OE	1	28	0
793	SKN-1.OE	1	30	0
793	SKN-1.OE	1	30	0
794	SKN-1.OE	1	30	0
794	SKN-1.OE	1	30	0
795	SKN-1.OE	1	30	0
795	SKN-1.OE	1	30	0
796	SKN-1.OE	1	30	0
796	SKN-1.OE	1	30	0
797	SKN-1.OE	1	30	0
797	SKN-1.OE	1	30	0
798	SKN-1.OE	1	30	0
798	SKN-1.OE	1	30	0
799	SKN-1.OE	1	30	0
799	SKN-1.OE	1	30	0
800	SKN-1.OE	1	30	0
800	SKN-1.OE	1	30	0
801	SKN-1.OE	1	30	0
801	SKN-1.OE	1	30	0
802	SKN-1.OE	1	30	0
802	SKN-1.OE	1	30	0
803	SKN-1.OE	1	32	0
803	SKN-1.OE	1	32	0
804	SKN-1.OE	1	32	0
804	SKN-1.OE	1	32	0
805	SKN-1.OE	1	32	0
805	SKN-1.OE	1	32	0
806	SKN-1.OE	1	32	0
806	SKN-1.OE	1	32	0
807	SKN-1.OE	1	32	0
807	SKN-1.OE	1	32	0
808	SKN-1.OE	1	32	0
808	SKN-1.OE	1	32	0
809	SKN-1.OE	1	32	0
809	SKN-1.OE	1	32	0
810	SKN-1.OE	1	32	0
810	SKN-1.OE	1	32	0
811	SKN-1.OE	1	32	0
811	SKN-1.OE	1	32	0
812	SKN-1.OE	1	32	0
812	SKN-1.OE	1	32	0
813	SKN-1.OE	1	32	0
813	SKN-1.OE	1	32	0
814	SKN-1.OE	1	32	0
814	SKN-1.OE	1	32	0
815	SKN-1.OE	1	32	0
815	SKN-1.OE	1	32	0
816	SKN-1.OE	1	35	0
816	SKN-1.OE	1	35	0
817	SKN-1.OE	1	35	0
817	SKN-1.OE	1	35	0
818	SKN-1.OE	1	35	0
818	SKN-1.OE	1	35	0
819	SKN-1.OE	1	37	0
819	SKN-1.OE	1	37	0
820	SKN-1.OE	1	37	0
820	SKN-1.OE	1	37	0
821	SKN-1.OE	1	39	0
821	SKN-1.OE	1	39	0
822	SKN-1.OE	1	39	0
822	SKN-1.OE	1	39	0
823	SKN-1.OE	1	16	2
823	SKN-1.OE	1	16	2
824	SKN-1.OE	1	18	2
824	SKN-1.OE	1	18	2
825	SKN-1.OE	1	21	2
825	SKN-1.OE	1	21	2
826	SKN-1.OE	1	21	2
826	SKN-1.OE	1	21	2
827	SKN-1.OE	1	21	2
827	SKN-1.OE	1	21	2
828	SKN-1.OE	1	25	2
828	SKN-1.OE	1	25	2
829	SKN-1.OE	1	28	2
829	SKN-1.OE	1	28	2
830	SKN-1.OE	1	30	2
830	SKN-1.OE	1	30	2
831	SKN-1.OE	1	16	3
831	SKN-1.OE	1	16	3
832	SKN-1.OE	1	18	3
832	SKN-1.OE	1	18	3
833	SKN-1.OE	1	18	3
833	SKN-1.OE	1	18	3
834	eu-1	1	28	0
834	eu-1	1	28	0
835	eu-1	1	28	0
835	eu-1	1	28	0
836	eu-1	1	28	0
836	eu-1	1	28	0
837	eu-1	1	30	0
837	eu-1	1	30	0
838	eu-1	1	30	0
838	eu-1	1	30	0
839	eu-1	1	30	0
839	eu-1	1	30	0
840	eu-1	1	32	0
840	eu-1	1	32	0
841	eu-1	1	32	0
841	eu-1	1	32	0
842	eu-1	1	32	0
842	eu-1	1	32	0
843	eu-1	1	32	0
843	eu-1	1	32	0
844	eu-1	1	32	0
844	eu-1	1	32	0
845	eu-1	1	32	0
845	eu-1	1	32	0
846	eu-1	1	32	0
846	eu-1	1	32	0
847	eu-1	1	35	0
847	eu-1	1	35	0
848	eu-1	1	35	0
848	eu-1	1	35	0
849	eu-1	1	35	0
849	eu-1	1	35	0
850	eu-1	1	37	0
850	eu-1	1	37	0
851	eu-1	1	39	0
851	eu-1	1	39	0
852	eu-1	1	39	0
852	eu-1	1	39	0
853	eu-1	1	39	0
853	eu-1	1	39	0
854	eu-1	1	39	0
854	eu-1	1	39	0
855	eu-1	1	39	0
855	eu-1	1	39	0
856	eu-1	1	39	0
856	eu-1	1	39	0
857	eu-1	1	39	0
857	eu-1	1	39	0
858	eu-1	1	42	0
858	eu-1	1	42	0
859	eu-1	1	42	0
859	eu-1	1	42	0
860	eu-1	1	42	0
860	eu-1	1	42	0
861	eu-1	1	42	0
861	eu-1	1	42	0
862	eu-1	1	44	0
862	eu-1	1	44	0
863	eu-1	1	44	0
863	eu-1	1	44	0
864	eu-1	1	44	0
864	eu-1	1	44	0
865	eu-1	1	44	0
865	eu-1	1	44	0
866	eu-1	1	44	0
866	eu-1	1	44	0
867	eu-1	1	46	0
867	eu-1	1	46	0
868	eu-1	1	49	0
868	eu-1	1	49	0
869	eu-1	1	13	1
869	eu-1	1	13	1
870	eu-1	1	39	1
870	eu-1	1	39	1
871	eu-1	1	16	2
871	eu-1	1	16	2
872	eu-1	1	21	2
872	eu-1	1	21	2
873	eu-1	1	21	2
873	eu-1	1	21	2
874	eu-1	1	21	2
874	eu-1	1	21	2
875	eu-1	1	23	2
875	eu-1	1	23	2
876	eu-1	1	23	2
876	eu-1	1	23	2
877	eu-1	1	23	2
877	eu-1	1	23	2
878	eu-1	1	23	2
878	eu-1	1	23	2
879	eu-1	1	25	2
879	eu-1	1	25	2
880	eu-1	1	25	2
880	eu-1	1	25	2
881	eu-1	1	25	2
881	eu-1	1	25	2
882	eu-1	1	25	2
882	eu-1	1	25	2
883	eu-1	1	25	2
883	eu-1	1	25	2
884	eu-1	1	25	2
884	eu-1	1	25	2
885	eu-1	1	25	2
885	eu-1	1	25	2
886	eu-1	1	28	2
886	eu-1	1	28	2
887	eu-1	1	28	2
887	eu-1	1	28	2
888	eu-1	1	28	2
888	eu-1	1	28	2
889	eu-1	1	28	2
889	eu-1	1	28	2
890	eu-1	1	28	2
890	eu-1	1	28	2
891	eu-1	1	28	2
891	eu-1	1	28	2
892	eu-1	1	28	2
892	eu-1	1	28	2
893	eu-1	1	28	2
893	eu-1	1	28	2
894	eu-1	1	28	2
894	eu-1	1	28	2
895	eu-1	1	28	2
895	eu-1	1	28	2
896	eu-1	1	28	2
896	eu-1	1	28	2
897	eu-1	1	30	2
897	eu-1	1	30	2
898	eu-1	1	30	2
898	eu-1	1	30	2
899	eu-1	1	30	2
899	eu-1	1	30	2
900	eu-1	1	30	2
900	eu-1	1	30	2
901	eu-1	1	30	2
901	eu-1	1	30	2
902	eu-1	1	30	2
902	eu-1	1	30	2
903	eu-1	1	30	2
903	eu-1	1	30	2
904	eu-1	1	35	2
904	eu-1	1	35	2
905	eu-1	1	35	2
905	eu-1	1	35	2
906	eu-1	1	16	3
906	eu-1	1	16	3
907	eu-1	1	18	3
907	eu-1	1	18	3
908	eu-1	1	21	3
908	eu-1	1	21	3
909	eu-1	1	21	3
909	eu-1	1	21	3
910	eu-1	1	21	3
910	eu-1	1	21	3
911	eu-1	1	21	3
911	eu-1	1	21	3
912	eu-1	1	21	3
912	eu-1	1	21	3
913	eu-1	1	21	3
913	eu-1	1	21	3
914	eu-1	1	21	3
914	eu-1	1	21	3
915	eu-1	1	21	3
915	eu-1	1	21	3
916	eu-1	1	23	3
916	eu-1	1	23	3
917	eu-1	1	23	3
917	eu-1	1	23	3
918	eu-1	1	23	3
918	eu-1	1	23	3
919	eu-1	1	23	3
919	eu-1	1	23	3
920	eu-1	1	23	3
920	eu-1	1	23	3
921	eu-1	1	23	3
921	eu-1	1	23	3
922	eu-1	1	23	3
922	eu-1	1	23	3
923	eu-1	1	23	3
923	eu-1	1	23	3
924	eu-1	1	23	3
924	eu-1	1	23	3
925	eu-1	1	23	3
925	eu-1	1	23	3
926	eu-1	1	25	3
926	eu-1	1	25	3
927	eu-1	1	25	3
927	eu-1	1	25	3
928	eu-1	1	25	3
928	eu-1	1	25	3
929	eu-1	1	25	3
929	eu-1	1	25	3
930	eu-1	1	25	3
930	eu-1	1	25	3
931	eu-1	1	25	3
931	eu-1	1	25	3
932	eu-1	1	25	3
932	eu-1	1	25	3
933	eu-1	1	28	3
933	eu-1	1	28	3
934	eu-1	1	28	3
934	eu-1	1	28	3
935	eu-1	1	30	3
935	eu-1	1	30	3
936	eu-1	1	30	3
936	eu-1	1	30	3
937	eu-1	1	30	3
937	eu-1	1	30	3
938	eu-1	1	30	3
938	eu-1	1	30	3
939	eu-1	1	30	3
939	eu-1	1	30	3
940	eu-1	1	30	3
940	eu-1	1	30	3
941	eu-1	1	30	3
941	eu-1	1	30	3
942	eu-1	1	32	3
942	eu-1	1	32	3
