strain	replicate	age.at.death	rupture	
1	N2	1	33	0
2	N2	1	39	0
3	N2	1	41	0
4	N2	1	18	2
5	N2	1	18	2
6	N2	1	20	2
7	N2	1	20	2
8	N2	1	25	2
9	N2	1	28	2
10	N2	1	28	2
11	N2	1	22	3
12	N2	1	22	3
13	N2	1	22	3
14	N2	1	25	3
15	N2	1	25	3
16	N2	1	25	3
17	N2	1	25	3
18	N2	1	25	3
19	N2	1	25	3
20	N2	1	25	3
21	N2	1	25	3
22	N2	1	25	3
23	N2	1	25	3
24	N2	1	25	3
25	N2	1	25	3
26	N2	1	25	3
27	N2	1	25	3
28	N2	1	25	3
29	N2	1	25	3
30	N2	1	28	3
31	N2	1	28	3
32	N2	1	28	3
33	N2	1	28	3
34	N2	1	28	3
35	N2	1	28	3
36	N2	1	28	3
37	N2	1	28	3
38	N2	1	28	3
39	N2	1	28	3
40	N2	1	28	3
41	N2	1	28	3
42	N2	1	28	3
43	N2	1	28	3
44	N2	1	28	3
45	N2	1	28	3
46	N2	1	28	3
47	N2	1	28	3
48	N2	1	28	3
49	N2	1	28	3
50	N2	1	28	3
51	N2	1	28	3
52	N2	1	28	3
53	N2	1	31	3
54	N2	1	31	3
55	N2	1	31	3
56	N2	1	31	3
57	N2	1	31	3
58	N2	1	31	3
59	N2	1	31	3
60	N2	1	31	3
61	N2	1	31	3
62	N2	1	31	3
63	N2	1	31	3
64	N2	1	31	3
65	N2	1	31	3
66	N2	1	33	3
67	N2	1	33	3
68	N2	2	20	0
69	N2	2	20	0
70	N2	2	31	0
71	N2	2	36	0
72	N2	2	39	0
73	N2	2	15	1
74	N2	2	25	2
75	N2	2	28	2
76	N2	2	28	2
77	N2	2	28	2
78	N2	2	28	2
79	N2	2	31	2
80	N2	2	33	2
81	N2	2	20	3
82	N2	2	20	3
83	N2	2	22	3
84	N2	2	25	3
85	N2	2	25	3
86	N2	2	25	3
87	N2	2	25	3
88	N2	2	25	3
89	N2	2	25	3
90	N2	2	25	3
91	N2	2	25	3
92	N2	2	25	3
93	N2	2	25	3
94	N2	2	25	3
95	N2	2	25	3
96	N2	2	25	3
97	N2	2	25	3
98	N2	2	28	3
99	N2	2	28	3
100	N2	2	28	3
101	N2	2	28	3
102	N2	2	28	3
103	N2	2	28	3
104	N2	2	28	3
105	N2	2	28	3
106	N2	2	28	3
107	N2	2	28	3
108	N2	2	28	3
109	N2	2	28	3
110	N2	2	28	3
111	N2	2	28	3
112	N2	2	28	3
113	N2	2	28	3
114	N2	2	31	3
115	N2	2	31	3
116	N2	2	31	3
117	N2	2	31	3
118	N2	2	31	3
119	N2	2	31	3
120	N2	2	31	3
121	N2	2	31	3
122	N2	2	31	3
123	N2	2	31	3
124	N2	2	31	3
125	N2	2	31	3
126	N2	2	31	3
127	N2	2	31	3
128	N2	2	31	3
129	N2	2	31	3
130	N2	2	31	3
131	N2	2	33	3
132	N2	3	20	0
133	N2	3	20	0
134	N2	3	20	0
135	N2	3	20	0
136	N2	3	28	0
137	N2	3	33	0
138	N2	3	25	2
139	N2	3	25	2
140	N2	3	25	2
141	N2	3	28	2
142	N2	3	28	2
143	N2	3	28	2
144	N2	3	28	2
145	N2	3	33	2
146	N2	3	33	2
147	N2	3	33	2
148	N2	3	36	2
149	N2	3	20	3
150	N2	3	22	3
151	N2	3	22	3
152	N2	3	22	3
153	N2	3	22	3
154	N2	3	22	3
155	N2	3	25	3
156	N2	3	25	3
157	N2	3	25	3
158	N2	3	25	3
159	N2	3	25	3
160	N2	3	25	3
161	N2	3	25	3
162	N2	3	25	3
163	N2	3	25	3
164	N2	3	25	3
165	N2	3	25	3
166	N2	3	25	3
167	N2	3	25	3
168	N2	3	25	3
169	N2	3	28	3
170	N2	3	28	3
171	N2	3	28	3
172	N2	3	28	3
173	N2	3	28	3
174	N2	3	28	3
175	N2	3	28	3
176	N2	3	28	3
177	N2	3	28	3
178	N2	3	28	3
179	N2	3	28	3
180	N2	3	28	3
181	N2	3	28	3
182	N2	3	28	3
183	N2	3	28	3
184	N2	3	28	3
185	N2	3	28	3
186	N2	3	28	3
187	N2	3	28	3
188	N2	3	28	3
189	N2	3	31	3
190	N2	3	31	3
191	N2	3	31	3
192	N2	3	31	3
193	N2	3	31	3
194	N2	3	31	3
195	N2	3	31	3
196	N2	3	31	3
197	N2	3	31	3
198	N2	3	31	3
199	N2	3	31	3
200	N2	3	31	3
201	N2	3	31	3
202	N2	3	31	3
203	N2	3	31	3
204	N2	3	31	3
205	N2	3	33	3
206	N2	3	36	3
207	vhl-1	1	20	0
208	vhl-1	1	25	0
209	vhl-1	1	28	0
210	vhl-1	1	28	0
211	vhl-1	1	31	0
212	vhl-1	1	33	0
213	vhl-1	1	33	0
214	vhl-1	1	36	0
215	vhl-1	1	36	0
216	vhl-1	1	36	0
217	vhl-1	1	36	0
218	vhl-1	1	36	0
219	vhl-1	1	39	0
220	vhl-1	1	39	0
221	vhl-1	1	39	0
222	vhl-1	1	39	0
223	vhl-1	1	39	0
224	vhl-1	1	39	0
225	vhl-1	1	39	0
226	vhl-1	1	39	0
227	vhl-1	1	39	0
228	vhl-1	1	39	0
229	vhl-1	1	41	0
230	vhl-1	1	41	0
231	vhl-1	1	41	0
232	vhl-1	1	41	0
233	vhl-1	1	41	0
234	vhl-1	1	41	0
235	vhl-1	1	41	0
236	vhl-1	1	43	0
237	vhl-1	1	43	0
238	vhl-1	1	43	0
239	vhl-1	1	43	0
240	vhl-1	1	43	0
241	vhl-1	1	43	0
242	vhl-1	1	43	0
243	vhl-1	1	43	0
244	vhl-1	1	43	0
245	vhl-1	1	46	0
246	vhl-1	1	46	0
247	vhl-1	1	46	0
248	vhl-1	1	46	0
249	vhl-1	1	46	0
250	vhl-1	1	46	0
251	vhl-1	1	49	0
252	vhl-1	1	49	0
253	vhl-1	1	49	0
254	vhl-1	1	49	0
255	vhl-1	1	53	0
256	vhl-1	1	57	0
257	vhl-1	1	33	2
258	vhl-1	1	33	2
259	vhl-1	1	33	2
260	vhl-1	1	33	2
261	vhl-1	1	36	2
262	vhl-1	1	36	2
263	vhl-1	1	36	2
264	vhl-1	1	39	2
265	vhl-1	1	41	2
266	vhl-1	1	41	2
267	vhl-1	1	41	2
268	vhl-1	1	41	2
269	vhl-1	1	31	3
270	vhl-1	1	31	3
271	vhl-1	1	33	3
272	vhl-1	1	33	3
273	vhl-1	1	36	3
274	vhl-1	1	36	3
275	vhl-1	1	36	3
276	vhl-1	1	36	3
277	vhl-1	1	36	3
278	vhl-1	2	20	0
279	vhl-1	2	22	0
280	vhl-1	2	25	0
281	vhl-1	2	33	0
282	vhl-1	2	33	0
283	vhl-1	2	36	0
284	vhl-1	2	36	0
285	vhl-1	2	39	0
286	vhl-1	2	39	0
287	vhl-1	2	39	0
288	vhl-1	2	41	0
289	vhl-1	2	41	0
290	vhl-1	2	41	0
291	vhl-1	2	41	0
292	vhl-1	2	43	0
293	vhl-1	2	43	0
294	vhl-1	2	43	0
295	vhl-1	2	43	0
296	vhl-1	2	43	0
297	vhl-1	2	43	0
298	vhl-1	2	46	0
299	vhl-1	2	46	0
300	vhl-1	2	46	0
301	vhl-1	2	46	0
302	vhl-1	2	46	0
303	vhl-1	2	46	0
304	vhl-1	2	46	0
305	vhl-1	2	46	0
306	vhl-1	2	49	0
307	vhl-1	2	49	0
308	vhl-1	2	49	0
309	vhl-1	2	49	0
310	vhl-1	2	49	0
311	vhl-1	2	49	0
312	vhl-1	2	49	0
313	vhl-1	2	53	0
314	vhl-1	2	53	0
315	vhl-1	2	53	0
316	vhl-1	2	53	0
317	vhl-1	2	57	0
318	vhl-1	2	57	0
319	vhl-1	2	57	0
320	vhl-1	2	57	0
321	vhl-1	2	60	0
322	vhl-1	2	33	2
323	vhl-1	2	41	2
324	vhl-1	2	41	2
325	vhl-1	2	49	2
326	vhl-1	3	28	0
327	vhl-1	3	31	0
328	vhl-1	3	33	0
329	vhl-1	3	36	0
330	vhl-1	3	39	0
331	vhl-1	3	39	0
332	vhl-1	3	39	0
333	vhl-1	3	39	0
334	vhl-1	3	39	0
335	vhl-1	3	39	0
336	vhl-1	3	39	0
337	vhl-1	3	41	0
338	vhl-1	3	41	0
339	vhl-1	3	43	0
340	vhl-1	3	43	0
341	vhl-1	3	43	0
342	vhl-1	3	43	0
343	vhl-1	3	43	0
344	vhl-1	3	43	0
345	vhl-1	3	46	0
346	vhl-1	3	46	0
347	vhl-1	3	46	0
348	vhl-1	3	46	0
349	vhl-1	3	46	0
350	vhl-1	3	49	0
351	vhl-1	3	49	0
352	vhl-1	3	49	0
353	vhl-1	3	53	0
354	vhl-1	3	53	0
355	vhl-1	3	53	0
356	vhl-1	3	53	0
357	vhl-1	3	53	0
358	vhl-1	3	53	0
359	vhl-1	3	57	0
360	vhl-1	3	57	0
361	vhl-1	3	57	0
362	vhl-1	3	57	0
363	vhl-1	3	57	0
364	vhl-1	3	57	0
365	vhl-1	3	60	0
366	vhl-1	3	25	2
367	vhl-1	3	31	2
368	vhl-1	3	31	2
369	vhl-1	3	36	2
370	vhl-1	3	36	2
371	vhl-1	3	36	2
372	vhl-1	3	36	2
373	vhl-1	3	36	2
374	vhl-1	3	39	2
375	vhl-1	3	39	2
376	vhl-1	3	39	2
377	vhl-1	3	39	2
378	vhl-1	3	39	2
379	vhl-1	3	39	2
380	vhl-1	3	39	2
381	vhl-1	3	41	2
382	vhl-1	3	41	2
383	vhl-1	3	41	2
384	vhl-1	3	31	3
385	vhl-1	3	33	3
386	egl-9	1	20	0
387	egl-9	1	31	0
388	egl-9	1	33	0
389	egl-9	1	33	0
390	egl-9	1	33	0
391	egl-9	1	33	0
392	egl-9	1	36	0
393	egl-9	1	36	0
394	egl-9	1	36	0
395	egl-9	1	36	0
396	egl-9	1	36	0
397	egl-9	1	36	0
398	egl-9	1	36	0
399	egl-9	1	36	0
400	egl-9	1	39	0
401	egl-9	1	39	0
402	egl-9	1	39	0
403	egl-9	1	39	0
404	egl-9	1	41	0
405	egl-9	1	25	2
406	egl-9	1	28	2
407	egl-9	1	28	2
408	egl-9	1	28	2
409	egl-9	1	28	2
410	egl-9	1	28	2
411	egl-9	1	28	2
412	egl-9	1	28	2
413	egl-9	1	28	2
414	egl-9	1	31	2
415	egl-9	1	31	2
416	egl-9	1	31	2
417	egl-9	1	31	2
418	egl-9	1	31	2
419	egl-9	1	31	2
420	egl-9	1	31	2
421	egl-9	1	31	2
422	egl-9	1	31	2
423	egl-9	1	31	2
424	egl-9	1	33	2
425	egl-9	1	33	2
426	egl-9	1	33	2
427	egl-9	1	33	2
428	egl-9	1	33	2
429	egl-9	1	33	2
430	egl-9	1	33	2
431	egl-9	1	33	2
432	egl-9	1	33	2
433	egl-9	1	20	3
434	egl-9	1	25	3
435	egl-9	1	25	3
436	egl-9	1	25	3
437	egl-9	1	25	3
438	egl-9	1	28	3
439	egl-9	1	28	3
440	egl-9	1	28	3
441	egl-9	1	28	3
442	egl-9	1	31	3
443	egl-9	1	31	3
444	egl-9	1	31	3
445	egl-9	1	31	3
446	egl-9	1	31	3
447	egl-9	1	31	3
448	egl-9	2	33	0
449	egl-9	2	33	0
450	egl-9	2	36	0
451	egl-9	2	39	0
452	egl-9	2	39	0
453	egl-9	2	39	0
454	egl-9	2	39	0
455	egl-9	2	28	2
456	egl-9	2	28	2
457	egl-9	2	28	2
458	egl-9	2	28	2
459	egl-9	2	28	2
460	egl-9	2	31	2
461	egl-9	2	31	2
462	egl-9	2	31	2
463	egl-9	2	31	2
464	egl-9	2	33	2
465	egl-9	2	33	2
466	egl-9	2	33	2
467	egl-9	2	33	2
468	egl-9	2	41	2
469	egl-9	2	49	2
470	egl-9	2	20	3
471	egl-9	2	25	3
472	egl-9	2	25	3
473	egl-9	2	28	3
474	egl-9	2	28	3
475	egl-9	2	31	3
476	egl-9	2	31	3
477	egl-9	2	31	3
478	egl-9	2	31	3
479	egl-9	2	31	3
480	egl-9	2	31	3
481	egl-9	2	33	3
482	egl-9	3	31	0
483	egl-9	3	36	0
484	egl-9	3	39	0
485	egl-9	3	28	2
486	egl-9	3	28	2
487	egl-9	3	28	2
488	egl-9	3	28	2
489	egl-9	3	31	2
490	egl-9	3	31	2
491	egl-9	3	31	2
492	egl-9	3	31	2
493	egl-9	3	31	2
494	egl-9	3	31	2
495	egl-9	3	33	2
496	egl-9	3	20	3
497	egl-9	3	22	3
498	egl-9	3	25	3
499	egl-9	3	25	3
500	egl-9	3	25	3
501	egl-9	3	28	3
502	egl-9	3	28	3
503	egl-9	3	28	3
504	egl-9	3	28	3
505	egl-9	3	28	3
506	egl-9	3	31	3
507	egl-9	3	31	3
508	egl-9	3	31	3
509	egl-9	3	31	3
510	egl-9	3	31	3
511	egl-9	3	33	3
512	egl-9(n571)	1	18	0
513	egl-9(n571)	1	18	0
514	egl-9(n571)	1	20	0
515	egl-9(n571)	1	22	0
516	egl-9(n571)	1	22	0
517	egl-9(n571)	1	22	0
518	egl-9(n571)	1	25	0
519	egl-9(n571)	1	25	0
520	egl-9(n571)	1	25	0
521	egl-9(n571)	1	25	0
522	egl-9(n571)	1	25	0
523	egl-9(n571)	1	28	0
524	egl-9(n571)	1	28	0
525	egl-9(n571)	1	28	0
526	egl-9(n571)	1	28	0
527	egl-9(n571)	1	31	0
528	egl-9(n571)	1	31	0
529	egl-9(n571)	1	31	0
530	egl-9(n571)	1	31	0
531	egl-9(n571)	1	31	0
532	egl-9(n571)	1	31	0
533	egl-9(n571)	1	31	0
534	egl-9(n571)	1	31	0
535	egl-9(n571)	1	31	0
536	egl-9(n571)	1	31	0
537	egl-9(n571)	1	31	0
538	egl-9(n571)	1	33	0
539	egl-9(n571)	1	33	0
540	egl-9(n571)	1	33	0
541	egl-9(n571)	1	33	0
542	egl-9(n571)	1	36	0
543	egl-9(n571)	1	36	0
544	egl-9(n571)	1	36	0
545	egl-9(n571)	1	36	0
546	egl-9(n571)	1	36	0
547	egl-9(n571)	1	36	0
548	egl-9(n571)	1	36	0
549	egl-9(n571)	1	36	0
550	egl-9(n571)	1	36	0
551	egl-9(n571)	1	39	0
552	egl-9(n571)	1	39	0
553	egl-9(n571)	1	39	0
554	egl-9(n571)	1	39	0
555	egl-9(n571)	1	39	0
556	egl-9(n571)	1	39	0
557	egl-9(n571)	1	39	0
558	egl-9(n571)	1	39	0
559	egl-9(n571)	1	39	0
560	egl-9(n571)	1	39	0
561	egl-9(n571)	1	39	0
562	egl-9(n571)	1	39	0
563	egl-9(n571)	1	41	0
564	egl-9(n571)	1	41	0
565	egl-9(n571)	1	41	0
566	egl-9(n571)	1	41	0
567	egl-9(n571)	1	43	0
568	egl-9(n571)	1	43	0
569	egl-9(n571)	1	46	0
570	egl-9(n571)	1	46	0
571	egl-9(n571)	1	18	1
572	egl-9(n571)	1	18	1
573	egl-9(n571)	1	20	2
574	egl-9(n571)	1	20	2
575	egl-9(n571)	1	25	2
576	egl-9(n571)	1	25	2
577	egl-9(n571)	1	28	2
578	egl-9(n571)	1	28	2
579	egl-9(n571)	1	28	2
580	egl-9(n571)	1	28	2
581	egl-9(n571)	1	28	2
582	egl-9(n571)	1	31	2
583	egl-9(n571)	1	31	2
584	egl-9(n571)	1	31	2
585	egl-9(n571)	1	31	2
586	egl-9(n571)	1	31	2
587	egl-9(n571)	1	31	2
588	egl-9(n571)	1	31	2
589	egl-9(n571)	1	31	2
590	egl-9(n571)	1	33	2
591	egl-9(n571)	1	33	2
592	egl-9(n571)	1	33	2
593	egl-9(n571)	1	33	2
594	egl-9(n571)	1	36	2
595	egl-9(n571)	1	36	2
596	egl-9(n571)	1	36	2
597	egl-9(n571)	1	46	2
598	egl-9(n571)	1	49	2
599	egl-9(n571)	2	15	0
600	egl-9(n571)	2	18	0
601	egl-9(n571)	2	18	0
602	egl-9(n571)	2	18	0
603	egl-9(n571)	2	20	0
604	egl-9(n571)	2	20	0
605	egl-9(n571)	2	25	0
606	egl-9(n571)	2	25	0
607	egl-9(n571)	2	25	0
608	egl-9(n571)	2	25	0
609	egl-9(n571)	2	25	0
610	egl-9(n571)	2	25	0
611	egl-9(n571)	2	28	0
612	egl-9(n571)	2	28	0
613	egl-9(n571)	2	28	0
614	egl-9(n571)	2	28	0
615	egl-9(n571)	2	31	0
616	egl-9(n571)	2	31	0
617	egl-9(n571)	2	31	0
618	egl-9(n571)	2	31	0
619	egl-9(n571)	2	33	0
620	egl-9(n571)	2	33	0
621	egl-9(n571)	2	33	0
622	egl-9(n571)	2	33	0
623	egl-9(n571)	2	33	0
624	egl-9(n571)	2	33	0
625	egl-9(n571)	2	36	0
626	egl-9(n571)	2	36	0
627	egl-9(n571)	2	36	0
628	egl-9(n571)	2	36	0
629	egl-9(n571)	2	39	0
630	egl-9(n571)	2	39	0
631	egl-9(n571)	2	39	0
632	egl-9(n571)	2	39	0
633	egl-9(n571)	2	39	0
634	egl-9(n571)	2	39	0
635	egl-9(n571)	2	39	0
636	egl-9(n571)	2	39	0
637	egl-9(n571)	2	39	0
638	egl-9(n571)	2	39	0
639	egl-9(n571)	2	39	0
640	egl-9(n571)	2	39	0
641	egl-9(n571)	2	41	0
642	egl-9(n571)	2	41	0
643	egl-9(n571)	2	43	0
644	egl-9(n571)	2	46	0
645	egl-9(n571)	2	18	1
646	egl-9(n571)	2	20	2
647	egl-9(n571)	2	20	2
648	egl-9(n571)	2	20	2
649	egl-9(n571)	2	25	2
650	egl-9(n571)	2	28	2
651	egl-9(n571)	2	28	2
652	egl-9(n571)	2	28	2
653	egl-9(n571)	2	31	2
654	egl-9(n571)	2	31	2
655	egl-9(n571)	2	31	2
656	egl-9(n571)	2	33	2
657	egl-9(n571)	2	33	2
658	egl-9(n571)	2	33	2
659	egl-9(n571)	2	33	2
660	egl-9(n571)	2	33	2
661	egl-9(n571)	2	33	2
662	egl-9(n571)	2	36	2
663	egl-9(n571)	2	36	2
664	egl-9(n571)	2	36	2
665	egl-9(n571)	2	36	2
666	egl-9(n571)	2	43	2
667	egl-9(n571)	2	31	3
668	egl-9(n571)	2	36	3
669	egl-9(n571)	2	36	3
670	egl-9(n571)	2	36	3
671	egl-9(n571)	3	15	0
672	egl-9(n571)	3	15	0
673	egl-9(n571)	3	15	0
674	egl-9(n571)	3	18	0
675	egl-9(n571)	3	18	0
676	egl-9(n571)	3	18	0
677	egl-9(n571)	3	18	0
678	egl-9(n571)	3	18	0
679	egl-9(n571)	3	20	0
680	egl-9(n571)	3	20	0
681	egl-9(n571)	3	20	0
682	egl-9(n571)	3	22	0
683	egl-9(n571)	3	22	0
684	egl-9(n571)	3	25	0
685	egl-9(n571)	3	25	0
686	egl-9(n571)	3	25	0
687	egl-9(n571)	3	25	0
688	egl-9(n571)	3	25	0
689	egl-9(n571)	3	25	0
690	egl-9(n571)	3	28	0
691	egl-9(n571)	3	28	0
692	egl-9(n571)	3	28	0
693	egl-9(n571)	3	28	0
694	egl-9(n571)	3	28	0
695	egl-9(n571)	3	28	0
696	egl-9(n571)	3	31	0
697	egl-9(n571)	3	31	0
698	egl-9(n571)	3	31	0
699	egl-9(n571)	3	31	0
700	egl-9(n571)	3	33	0
701	egl-9(n571)	3	33	0
702	egl-9(n571)	3	33	0
703	egl-9(n571)	3	36	0
704	egl-9(n571)	3	36	0
705	egl-9(n571)	3	36	0
706	egl-9(n571)	3	36	0
707	egl-9(n571)	3	36	0
708	egl-9(n571)	3	36	0
709	egl-9(n571)	3	36	0
710	egl-9(n571)	3	39	0
711	egl-9(n571)	3	39	0
712	egl-9(n571)	3	39	0
713	egl-9(n571)	3	39	0
714	egl-9(n571)	3	39	0
715	egl-9(n571)	3	39	0
716	egl-9(n571)	3	39	0
717	egl-9(n571)	3	43	0
718	egl-9(n571)	3	46	0
719	egl-9(n571)	3	49	0
720	egl-9(n571)	3	49	0
721	egl-9(n571)	3	18	1
722	egl-9(n571)	3	18	1
723	egl-9(n571)	3	25	2
724	egl-9(n571)	3	25	2
725	egl-9(n571)	3	25	2
726	egl-9(n571)	3	28	2
727	egl-9(n571)	3	28	2
728	egl-9(n571)	3	28	2
729	egl-9(n571)	3	28	2
730	egl-9(n571)	3	31	2
731	egl-9(n571)	3	31	2
732	egl-9(n571)	3	31	2
733	egl-9(n571)	3	31	2
734	egl-9(n571)	3	33	2
735	egl-9(n571)	3	33	2
736	egl-9(n571)	3	33	2
737	egl-9(n571)	3	33	2
738	egl-9(n571)	3	33	2
739	egl-9(n571)	3	33	2
740	egl-9(n571)	3	36	2
741	egl-9(n571)	3	36	2
742	egl-9(n571)	3	39	2
743	egl-9(n571)	3	39	2
744	egl-9(n571)	3	41	2
745	egl-9(n571)	3	43	2
746	egl-9(n571)	3	43	2
747	egl-9(n571)	3	22	3
748	egl-9(n571)	3	28	3
749	egl-9(n571)	3	33	3
750	egl-9(n571)	3	33	3
751	egl-9(n571)	3	36	3
752	egl-9(n571)	3	36	3
753	rhy-1	1	18	0
754	rhy-1	1	18	0
755	rhy-1	1	18	0
756	rhy-1	1	20	0
757	rhy-1	1	25	0
758	rhy-1	1	28	0
759	rhy-1	1	28	0
760	rhy-1	1	28	0
761	rhy-1	1	31	0
762	rhy-1	1	31	0
763	rhy-1	1	31	0
764	rhy-1	1	33	0
765	rhy-1	1	33	0
766	rhy-1	1	33	0
767	rhy-1	1	33	0
768	rhy-1	1	33	0
769	rhy-1	1	33	0
770	rhy-1	1	33	0
771	rhy-1	1	33	0
772	rhy-1	1	36	0
773	rhy-1	1	36	0
774	rhy-1	1	36	0
775	rhy-1	1	36	0
776	rhy-1	1	36	0
777	rhy-1	1	36	0
778	rhy-1	1	36	0
779	rhy-1	1	36	0
780	rhy-1	1	36	0
781	rhy-1	1	36	0
782	rhy-1	1	39	0
783	rhy-1	1	18	1
784	rhy-1	1	18	1
785	rhy-1	1	20	2
786	rhy-1	1	22	2
787	rhy-1	1	22	2
788	rhy-1	1	25	2
789	rhy-1	1	28	2
790	rhy-1	1	28	2
791	rhy-1	1	31	2
792	rhy-1	1	31	2
793	rhy-1	1	31	2
794	rhy-1	1	18	3
795	rhy-1	1	18	3
796	rhy-1	1	18	3
797	rhy-1	1	20	3
798	rhy-1	1	20	3
799	rhy-1	1	22	3
800	rhy-1	1	22	3
801	rhy-1	1	22	3
802	rhy-1	1	25	3
803	rhy-1	1	25	3
804	rhy-1	1	25	3
805	rhy-1	1	25	3
806	rhy-1	1	28	3
807	rhy-1	2	18	0
808	rhy-1	2	18	0
809	rhy-1	2	18	0
810	rhy-1	2	20	0
811	rhy-1	2	25	0
812	rhy-1	2	25	0
813	rhy-1	2	28	0
814	rhy-1	2	28	0
815	rhy-1	2	28	0
816	rhy-1	2	31	0
817	rhy-1	2	31	0
818	rhy-1	2	31	0
819	rhy-1	2	31	0
820	rhy-1	2	31	0
821	rhy-1	2	31	0
822	rhy-1	2	31	0
823	rhy-1	2	33	0
824	rhy-1	2	33	0
825	rhy-1	2	33	0
826	rhy-1	2	33	0
827	rhy-1	2	36	0
828	rhy-1	2	36	0
829	rhy-1	2	15	2
830	rhy-1	2	18	2
831	rhy-1	2	20	2
832	rhy-1	2	22	2
833	rhy-1	2	22	2
834	rhy-1	2	25	2
835	rhy-1	2	25	2
836	rhy-1	2	25	2
837	rhy-1	2	25	2
838	rhy-1	2	28	2
839	rhy-1	2	28	2
840	rhy-1	2	28	2
841	rhy-1	2	31	2
842	rhy-1	2	33	2
843	rhy-1	2	22	3
844	rhy-1	2	25	3
845	rhy-1	2	25	3
846	rhy-1	3	15	0
847	rhy-1	3	25	0
848	rhy-1	3	28	0
849	rhy-1	3	28	0
850	rhy-1	3	28	0
851	rhy-1	3	28	0
852	rhy-1	3	31	0
853	rhy-1	3	31	0
854	rhy-1	3	31	0
855	rhy-1	3	31	0
856	rhy-1	3	31	0
857	rhy-1	3	31	0
858	rhy-1	3	31	0
859	rhy-1	3	33	0
860	rhy-1	3	33	0
861	rhy-1	3	33	0
862	rhy-1	3	33	0
863	rhy-1	3	33	0
864	rhy-1	3	36	0
865	rhy-1	3	36	0
866	rhy-1	3	39	0
867	rhy-1	3	39	0
868	rhy-1	3	43	0
869	rhy-1	3	46	0
870	rhy-1	3	18	1
871	rhy-1	3	18	1
872	rhy-1	3	18	2
873	rhy-1	3	18	2
874	rhy-1	3	20	2
875	rhy-1	3	20	2
876	rhy-1	3	20	2
877	rhy-1	3	22	2
878	rhy-1	3	25	2
879	rhy-1	3	25	2
880	rhy-1	3	28	2
881	rhy-1	3	31	2
882	rhy-1	3	31	2
883	rhy-1	3	20	3
884	rhy-1	3	20	3
885	rhy-1	3	20	3
886	rhy-1	3	20	3
887	rhy-1	3	20	3
888	rhy-1	3	22	3
889	rhy-1	3	22	3
890	rhy-1	3	22	3
891	rhy-1	3	25	3
892	rhy-1	3	25	3
893	rhy-1	3	28	3
894	rhy-1	3	28	3
895	rhy-1	3	28	3
896	rhy-1	3	28	3
897	rhy-1	3	28	3
898	rhy-1	3	28	3
899	hif-1	1	36	0
900	hif-1	1	25	2
901	hif-1	1	25	2
902	hif-1	1	25	2
903	hif-1	1	25	2
904	hif-1	1	31	2
905	hif-1	1	31	2
906	hif-1	1	31	2
907	hif-1	1	31	2
908	hif-1	1	33	2
909	hif-1	1	20	3
910	hif-1	1	20	3
911	hif-1	1	22	3
912	hif-1	1	22	3
913	hif-1	1	22	3
914	hif-1	1	22	3
915	hif-1	1	22	3
916	hif-1	1	25	3
917	hif-1	1	25	3
918	hif-1	1	25	3
919	hif-1	1	25	3
920	hif-1	1	25	3
921	hif-1	1	25	3
922	hif-1	1	25	3
923	hif-1	1	25	3
924	hif-1	1	25	3
925	hif-1	1	25	3
926	hif-1	1	25	3
927	hif-1	1	25	3
928	hif-1	1	25	3
929	hif-1	1	28	3
930	hif-1	1	28	3
931	hif-1	1	28	3
932	hif-1	1	28	3
933	hif-1	1	28	3
934	hif-1	1	28	3
935	hif-1	1	28	3
936	hif-1	1	28	3
937	hif-1	1	28	3
938	hif-1	1	28	3
939	hif-1	1	28	3
940	hif-1	1	28	3
941	hif-1	1	28	3
942	hif-1	1	28	3
943	hif-1	1	28	3
944	hif-1	1	28	3
945	hif-1	1	28	3
946	hif-1	1	28	3
947	hif-1	1	28	3
948	hif-1	1	28	3
949	hif-1	1	28	3
950	hif-1	1	28	3
951	hif-1	1	28	3
952	hif-1	1	28	3
953	hif-1	1	28	3
954	hif-1	1	28	3
955	hif-1	1	31	3
956	hif-1	1	31	3
957	hif-1	1	31	3
958	hif-1	2	22	0
959	hif-1	2	28	0
960	hif-1	2	22	2
961	hif-1	2	25	2
962	hif-1	2	25	2
963	hif-1	2	25	2
964	hif-1	2	25	2
965	hif-1	2	25	2
966	hif-1	2	31	2
967	hif-1	2	31	2
968	hif-1	2	22	3
969	hif-1	2	22	3
970	hif-1	2	22	3
971	hif-1	2	22	3
972	hif-1	2	22	3
973	hif-1	2	25	3
974	hif-1	2	25	3
975	hif-1	2	25	3
976	hif-1	2	25	3
977	hif-1	2	25	3
978	hif-1	2	25	3
979	hif-1	2	25	3
980	hif-1	2	25	3
981	hif-1	2	25	3
982	hif-1	2	25	3
983	hif-1	2	25	3
984	hif-1	2	25	3
985	hif-1	2	25	3
986	hif-1	2	25	3
987	hif-1	2	25	3
988	hif-1	2	28	3
989	hif-1	2	28	3
990	hif-1	2	28	3
991	hif-1	2	28	3
992	hif-1	2	28	3
993	hif-1	2	28	3
994	hif-1	2	28	3
995	hif-1	2	28	3
996	hif-1	2	28	3
997	hif-1	2	28	3
998	hif-1	2	28	3
999	hif-1	2	28	3
1000	hif-1	2	28	3
1001	hif-1	2	28	3
1002	hif-1	2	28	3
1003	hif-1	2	28	3
1004	hif-1	2	28	3
1005	hif-1	2	28	3
1006	hif-1	2	28	3
1007	hif-1	2	28	3
1008	hif-1	2	28	3
1009	hif-1	2	28	3
1010	hif-1	2	28	3
1011	hif-1	2	28	3
1012	hif-1	2	28	3
1013	hif-1	2	28	3
1014	hif-1	2	28	3
1015	hif-1	2	28	3
1016	hif-1	2	31	3
1017	hif-1	2	31	3
1018	hif-1	2	31	3
1019	hif-1	2	31	3
1020	hif-1	2	31	3
1021	hif-1	2	33	3
1022	hif-1	2	33	3
1023	hif-1	3	18	0
1024	hif-1	3	22	2
1025	hif-1	3	25	2
1026	hif-1	3	25	2
1027	hif-1	3	28	2
1028	hif-1	3	28	2
1029	hif-1	3	28	2
1030	hif-1	3	28	2
1031	hif-1	3	28	2
1032	hif-1	3	31	2
1033	hif-1	3	31	2
1034	hif-1	3	31	2
1035	hif-1	3	20	3
1036	hif-1	3	20	3
1037	hif-1	3	20	3
1038	hif-1	3	22	3
1039	hif-1	3	22	3
1040	hif-1	3	22	3
1041	hif-1	3	22	3
1042	hif-1	3	22	3
1043	hif-1	3	22	3
1044	hif-1	3	22	3
1045	hif-1	3	25	3
1046	hif-1	3	25	3
1047	hif-1	3	25	3
1048	hif-1	3	25	3
1049	hif-1	3	25	3
1050	hif-1	3	25	3
1051	hif-1	3	25	3
1052	hif-1	3	25	3
1053	hif-1	3	25	3
1054	hif-1	3	25	3
1055	hif-1	3	25	3
1056	hif-1	3	25	3
1057	hif-1	3	25	3
1058	hif-1	3	25	3
1059	hif-1	3	25	3
1060	hif-1	3	28	3
1061	hif-1	3	28	3
1062	hif-1	3	28	3
1063	hif-1	3	28	3
1064	hif-1	3	28	3
1065	hif-1	3	28	3
1066	hif-1	3	28	3
1067	hif-1	3	28	3
1068	hif-1	3	28	3
1069	hif-1	3	28	3
1070	hif-1	3	28	3
1071	hif-1	3	28	3
1072	hif-1	3	28	3
1073	hif-1	3	28	3
1074	hif-1	3	28	3
1075	hif-1	3	28	3
1076	hif-1	3	28	3
1077	hif-1	3	28	3
1078	hif-1	3	28	3
1079	hif-1	3	28	3
1080	hif-1	3	28	3
1081	hif-1	3	28	3
1082	hif-1	3	28	3
1083	hif-1	3	28	3
1084	hif-1	3	28	3
1085	hif-1	3	28	3
1086	hif-1	3	28	3
1087	hif-1	3	28	3
