strain	replicate	age.at.death	rupture	
1	N2	1	25	0
2	N2	1	27	0
3	N2	1	29	0
4	N2	1	29	0
5	N2	1	29	0
6	N2	1	31	0
7	N2	1	31	0
8	N2	1	31	0
9	N2	1	31	0
10	N2	1	31	0
11	N2	1	31	0
12	N2	1	34	0
13	N2	1	34	0
14	N2	1	34	0
15	N2	1	34	0
16	N2	1	34	0
17	N2	1	37	0
18	N2	1	37	0
19	N2	1	37	0
20	N2	1	37	0
21	N2	1	37	0
22	N2	1	37	0
23	N2	1	37	0
24	N2	1	37	0
25	N2	1	37	0
26	N2	1	37	0
27	N2	1	39	0
28	N2	1	39	0
29	N2	1	39	0
30	N2	1	39	0
31	N2	1	39	0
32	N2	1	42	0
33	N2	1	22	1
34	N2	1	22	1
35	N2	1	25	1
36	N2	1	25	1
37	N2	1	25	1
38	N2	1	27	1
39	N2	1	27	1
40	N2	1	29	1
41	N2	1	29	1
42	N2	1	31	1
43	N2	1	22	2
44	N2	1	22	2
45	N2	1	22	2
46	N2	1	22	2
47	N2	1	22	2
48	N2	1	22	2
49	N2	1	22	2
50	N2	1	22	2
51	N2	1	25	2
52	N2	1	25	2
53	N2	1	25	2
54	N2	1	25	2
55	N2	1	25	2
56	N2	1	25	2
57	N2	1	25	2
58	N2	1	25	2
59	N2	1	25	2
60	N2	1	25	2
61	N2	1	27	2
62	N2	1	27	2
63	N2	1	27	2
64	N2	1	29	2
65	N2	1	29	2
66	N2	1	29	2
67	N2	1	31	2
68	N2	1	31	2
69	N2	1	31	2
70	N2	1	31	2
71	N2	1	34	2
72	N2	1	34	2
73	N2	1	34	2
74	N2	1	15	3
75	N2	1	18	3
76	N2	1	22	3
77	N2	1	25	3
78	N2	1	25	3
79	N2	1	25	3
80	N2	1	25	3
81	N2	1	25	3
82	N2	1	27	3
83	N2	1	27	3
84	N2	1	27	3
85	N2	1	27	3
86	N2	1	27	3
87	N2	1	29	3
88	N2	1	31	3
89	N2	1	34	3
90	N2	2	29	0
91	N2	2	34	0
92	N2	2	34	0
93	N2	2	42	0
94	N2	2	22	1
95	N2	2	25	1
96	N2	2	25	1
97	N2	2	25	1
98	N2	2	27	1
99	N2	2	29	1
100	N2	2	18	2
101	N2	2	20	2
102	N2	2	20	2
103	N2	2	22	2
104	N2	2	22	2
105	N2	2	22	2
106	N2	2	22	2
107	N2	2	22	2
108	N2	2	25	2
109	N2	2	25	2
110	N2	2	25	2
111	N2	2	25	2
112	N2	2	25	2
113	N2	2	25	2
114	N2	2	25	2
115	N2	2	25	2
116	N2	2	25	2
117	N2	2	27	2
118	N2	2	27	2
119	N2	2	27	2
120	N2	2	27	2
121	N2	2	27	2
122	N2	2	27	2
123	N2	2	27	2
124	N2	2	27	2
125	N2	2	27	2
126	N2	2	29	2
127	N2	2	29	2
128	N2	2	29	2
129	N2	2	29	2
130	N2	2	29	2
131	N2	2	29	2
132	N2	2	29	2
133	N2	2	29	2
134	N2	2	31	2
135	N2	2	31	2
136	N2	2	31	2
137	N2	2	31	2
138	N2	2	31	2
139	N2	2	34	2
140	N2	2	34	2
141	N2	2	37	2
142	N2	2	37	2
143	N2	2	18	3
144	N2	2	18	3
145	N2	2	18	3
146	N2	2	20	3
147	N2	2	20	3
148	N2	2	22	3
149	N2	2	22	3
150	N2	2	22	3
151	N2	2	22	3
152	N2	2	22	3
153	N2	2	25	3
154	N2	2	25	3
155	N2	2	25	3
156	N2	2	27	3
157	vhl-1	1	25	0
158	vhl-1	1	29	0
159	vhl-1	1	31	0
160	vhl-1	1	31	0
161	vhl-1	1	34	0
162	vhl-1	1	34	0
163	vhl-1	1	37	0
164	vhl-1	1	37	0
165	vhl-1	1	37	0
166	vhl-1	1	37	0
167	vhl-1	1	37	0
168	vhl-1	1	37	0
169	vhl-1	1	39	0
170	vhl-1	1	39	0
171	vhl-1	1	42	0
172	vhl-1	1	42	0
173	vhl-1	1	42	0
174	vhl-1	1	42	0
175	vhl-1	1	42	0
176	vhl-1	1	44	0
177	vhl-1	1	44	0
178	vhl-1	1	44	0
179	vhl-1	1	44	0
180	vhl-1	1	44	0
181	vhl-1	1	44	0
182	vhl-1	1	44	0
183	vhl-1	1	46	0
184	vhl-1	1	46	0
185	vhl-1	1	46	0
186	vhl-1	1	46	0
187	vhl-1	1	48	0
188	vhl-1	1	48	0
189	vhl-1	1	48	0
190	vhl-1	1	48	0
191	vhl-1	1	50	0
192	vhl-1	1	50	0
193	vhl-1	1	50	0
194	vhl-1	1	52	0
195	vhl-1	1	52	0
196	vhl-1	1	52	0
197	vhl-1	1	55	0
198	vhl-1	1	42	1
199	vhl-1	1	39	2
200	vhl-1	2	15	0
201	vhl-1	2	34	0
202	vhl-1	2	37	0
203	vhl-1	2	37	0
204	vhl-1	2	37	0
205	vhl-1	2	37	0
206	vhl-1	2	39	0
207	vhl-1	2	39	0
208	vhl-1	2	39	0
209	vhl-1	2	42	0
210	vhl-1	2	44	0
211	vhl-1	2	44	0
212	vhl-1	2	44	0
213	vhl-1	2	46	0
214	vhl-1	2	46	0
215	vhl-1	2	46	0
216	vhl-1	2	46	0
217	vhl-1	2	46	0
218	vhl-1	2	48	0
219	vhl-1	2	48	0
220	vhl-1	2	48	0
221	vhl-1	2	48	0
222	vhl-1	2	48	0
223	vhl-1	2	48	0
224	vhl-1	2	50	0
225	vhl-1	2	50	0
226	vhl-1	2	50	0
227	vhl-1	2	52	0
228	vhl-1	2	52	0
229	vhl-1	2	52	0
230	vhl-1	2	55	0
231	vhl-1	2	37	2
232	vhl-1	2	42	2
233	egl-9	1	25	0
234	egl-9	1	29	0
235	egl-9	1	29	0
236	egl-9	1	29	0
237	egl-9	1	29	0
238	egl-9	1	29	0
239	egl-9	1	29	0
240	egl-9	1	29	0
241	egl-9	1	31	0
242	egl-9	1	31	0
243	egl-9	1	31	0
244	egl-9	1	31	0
245	egl-9	1	31	0
246	egl-9	1	31	0
247	egl-9	1	31	0
248	egl-9	1	34	0
249	egl-9	1	34	0
250	egl-9	1	34	0
251	egl-9	1	37	0
252	egl-9	1	37	0
253	egl-9	1	37	0
254	egl-9	1	37	0
255	egl-9	1	37	0
256	egl-9	1	37	0
257	egl-9	1	39	0
258	egl-9	1	39	0
259	egl-9	1	39	0
260	egl-9	1	42	0
261	egl-9	1	42	0
262	egl-9	1	42	0
263	egl-9	1	44	0
264	egl-9	1	52	0
265	egl-9	1	25	1
266	egl-9	1	25	1
267	egl-9	1	27	1
268	egl-9	1	27	1
269	egl-9	1	27	1
270	egl-9	1	27	1
271	egl-9	1	27	1
272	egl-9	1	27	1
273	egl-9	1	27	1
274	egl-9	1	27	1
275	egl-9	1	27	1
276	egl-9	1	29	1
277	egl-9	1	29	1
278	egl-9	1	22	2
279	egl-9	1	22	2
280	egl-9	1	22	2
281	egl-9	1	22	2
282	egl-9	1	22	2
283	egl-9	1	25	2
284	egl-9	1	25	2
285	egl-9	1	27	2
286	egl-9	1	27	2
287	egl-9	1	27	2
288	egl-9	1	27	2
289	egl-9	1	27	2
290	egl-9	1	29	2
291	egl-9	1	29	2
292	egl-9	1	29	2
293	egl-9	1	29	2
294	egl-9	1	31	2
295	egl-9	1	31	2
296	egl-9	1	34	2
297	egl-9	1	34	2
298	egl-9	1	18	3
299	egl-9	1	20	3
300	egl-9	1	20	3
301	egl-9	1	20	3
302	egl-9	1	20	3
303	egl-9	1	22	3
304	egl-9	1	22	3
305	egl-9	1	22	3
306	egl-9	1	22	3
307	egl-9	1	22	3
308	egl-9	1	22	3
309	egl-9	1	22	3
310	egl-9	1	25	3
311	egl-9	1	25	3
312	egl-9	1	25	3
313	egl-9	1	25	3
314	egl-9	1	25	3
315	egl-9	1	25	3
316	egl-9	1	25	3
317	egl-9	1	27	3
318	egl-9	1	31	3
319	egl-9	1	31	3
320	egl-9	1	39	3
321	egl-9	1	39	3
322	egl-9	2	29	0
323	egl-9	2	29	0
324	egl-9	2	29	0
325	egl-9	2	29	0
326	egl-9	2	29	0
327	egl-9	2	29	0
328	egl-9	2	29	0
329	egl-9	2	31	0
330	egl-9	2	31	0
331	egl-9	2	31	0
332	egl-9	2	31	0
333	egl-9	2	31	0
334	egl-9	2	31	0
335	egl-9	2	34	0
336	egl-9	2	34	0
337	egl-9	2	34	0
338	egl-9	2	34	0
339	egl-9	2	34	0
340	egl-9	2	34	0
341	egl-9	2	34	0
342	egl-9	2	34	0
343	egl-9	2	37	0
344	egl-9	2	37	0
345	egl-9	2	37	0
346	egl-9	2	37	0
347	egl-9	2	37	0
348	egl-9	2	37	0
349	egl-9	2	37	0
350	egl-9	2	37	0
351	egl-9	2	37	0
352	egl-9	2	37	0
353	egl-9	2	37	0
354	egl-9	2	39	0
355	egl-9	2	39	0
356	egl-9	2	39	0
357	egl-9	2	39	0
358	egl-9	2	39	0
359	egl-9	2	39	0
360	egl-9	2	39	0
361	egl-9	2	39	0
362	egl-9	2	39	0
363	egl-9	2	39	0
364	egl-9	2	39	0
365	egl-9	2	39	0
366	egl-9	2	39	0
367	egl-9	2	39	0
368	egl-9	2	44	0
369	egl-9	2	44	0
370	egl-9	2	44	0
371	egl-9	2	31	1
372	egl-9	2	25	2
373	egl-9	2	25	2
374	egl-9	2	25	2
375	egl-9	2	25	2
376	egl-9	2	27	2
377	egl-9	2	27	2
378	egl-9	2	27	2
379	egl-9	2	29	2
380	egl-9	2	29	2
381	egl-9	2	31	2
382	egl-9	2	31	2
383	egl-9	2	31	2
384	egl-9	2	31	2
385	egl-9	2	34	2
386	egl-9(n571)	1	20	0
387	egl-9(n571)	1	25	0
388	egl-9(n571)	1	25	0
389	egl-9(n571)	1	27	0
390	egl-9(n571)	1	27	0
391	egl-9(n571)	1	27	0
392	egl-9(n571)	1	27	0
393	egl-9(n571)	1	27	0
394	egl-9(n571)	1	27	0
395	egl-9(n571)	1	29	0
396	egl-9(n571)	1	29	0
397	egl-9(n571)	1	31	0
398	egl-9(n571)	1	31	0
399	egl-9(n571)	1	31	0
400	egl-9(n571)	1	31	0
401	egl-9(n571)	1	31	0
402	egl-9(n571)	1	31	0
403	egl-9(n571)	1	31	0
404	egl-9(n571)	1	31	0
405	egl-9(n571)	1	31	0
406	egl-9(n571)	1	34	0
407	egl-9(n571)	1	34	0
408	egl-9(n571)	1	34	0
409	egl-9(n571)	1	34	0
410	egl-9(n571)	1	34	0
411	egl-9(n571)	1	34	0
412	egl-9(n571)	1	34	0
413	egl-9(n571)	1	34	0
414	egl-9(n571)	1	34	0
415	egl-9(n571)	1	34	0
416	egl-9(n571)	1	34	0
417	egl-9(n571)	1	34	0
418	egl-9(n571)	1	34	0
419	egl-9(n571)	1	37	0
420	egl-9(n571)	1	37	0
421	egl-9(n571)	1	37	0
422	egl-9(n571)	1	37	0
423	egl-9(n571)	1	37	0
424	egl-9(n571)	1	37	0
425	egl-9(n571)	1	37	0
426	egl-9(n571)	1	37	0
427	egl-9(n571)	1	37	0
428	egl-9(n571)	1	37	0
429	egl-9(n571)	1	37	0
430	egl-9(n571)	1	37	0
431	egl-9(n571)	1	37	0
432	egl-9(n571)	1	37	0
433	egl-9(n571)	1	37	0
434	egl-9(n571)	1	37	0
435	egl-9(n571)	1	37	0
436	egl-9(n571)	1	37	0
437	egl-9(n571)	1	39	0
438	egl-9(n571)	1	39	0
439	egl-9(n571)	1	39	0
440	egl-9(n571)	1	39	0
441	egl-9(n571)	1	39	0
442	egl-9(n571)	1	39	0
443	egl-9(n571)	1	39	0
444	egl-9(n571)	1	39	0
445	egl-9(n571)	1	39	0
446	egl-9(n571)	1	39	0
447	egl-9(n571)	1	39	0
448	egl-9(n571)	1	42	0
449	egl-9(n571)	1	42	0
450	egl-9(n571)	1	42	0
451	egl-9(n571)	1	42	0
452	egl-9(n571)	1	42	0
453	egl-9(n571)	1	42	0
454	egl-9(n571)	1	42	0
455	egl-9(n571)	1	22	1
456	egl-9(n571)	1	29	2
457	egl-9(n571)	1	39	2
458	egl-9(n571)	1	39	2
459	egl-9(n571)	1	31	3
460	egl-9(n571)	2	20	0
461	egl-9(n571)	2	22	0
462	egl-9(n571)	2	25	0
463	egl-9(n571)	2	27	0
464	egl-9(n571)	2	27	0
465	egl-9(n571)	2	27	0
466	egl-9(n571)	2	29	0
467	egl-9(n571)	2	31	0
468	egl-9(n571)	2	31	0
469	egl-9(n571)	2	31	0
470	egl-9(n571)	2	31	0
471	egl-9(n571)	2	31	0
472	egl-9(n571)	2	31	0
473	egl-9(n571)	2	31	0
474	egl-9(n571)	2	31	0
475	egl-9(n571)	2	31	0
476	egl-9(n571)	2	34	0
477	egl-9(n571)	2	34	0
478	egl-9(n571)	2	34	0
479	egl-9(n571)	2	34	0
480	egl-9(n571)	2	34	0
481	egl-9(n571)	2	34	0
482	egl-9(n571)	2	34	0
483	egl-9(n571)	2	34	0
484	egl-9(n571)	2	34	0
485	egl-9(n571)	2	34	0
486	egl-9(n571)	2	37	0
487	egl-9(n571)	2	37	0
488	egl-9(n571)	2	37	0
489	egl-9(n571)	2	37	0
490	egl-9(n571)	2	37	0
491	egl-9(n571)	2	37	0
492	egl-9(n571)	2	37	0
493	egl-9(n571)	2	37	0
494	egl-9(n571)	2	37	0
495	egl-9(n571)	2	37	0
496	egl-9(n571)	2	37	0
497	egl-9(n571)	2	39	0
498	egl-9(n571)	2	39	0
499	egl-9(n571)	2	39	0
500	egl-9(n571)	2	39	0
501	egl-9(n571)	2	39	0
502	egl-9(n571)	2	39	0
503	egl-9(n571)	2	39	0
504	egl-9(n571)	2	39	0
505	egl-9(n571)	2	39	0
506	egl-9(n571)	2	39	0
507	egl-9(n571)	2	39	0
508	egl-9(n571)	2	39	0
509	egl-9(n571)	2	39	0
510	egl-9(n571)	2	39	0
511	egl-9(n571)	2	42	0
512	egl-9(n571)	2	42	0
513	egl-9(n571)	2	42	0
514	egl-9(n571)	2	42	0
515	egl-9(n571)	2	42	0
516	egl-9(n571)	2	42	0
517	egl-9(n571)	2	42	0
518	egl-9(n571)	2	44	0
519	egl-9(n571)	2	44	0
520	egl-9(n571)	2	44	0
521	egl-9(n571)	2	46	0
522	egl-9(n571)	2	46	0
523	egl-9(n571)	2	48	0
524	egl-9(n571)	2	50	0
525	egl-9(n571)	2	42	1
