strain	replicate	age.at.death	rupture	
1	N2	1	13	0
2	N2	1	18	0
3	N2	1	18	0
4	N2	1	18	0
5	N2	1	18	0
6	N2	1	18	0
7	N2	1	18	0
8	N2	1	18	0
9	N2	1	18	0
10	N2	1	18	0
11	N2	1	18	0
12	N2	1	18	0
13	N2	1	21	0
14	N2	1	21	0
15	N2	1	21	0
16	N2	1	21	0
17	N2	1	21	0
18	N2	1	21	0
19	N2	1	21	0
20	N2	1	21	0
21	N2	1	21	0
22	N2	1	21	0
23	N2	1	21	0
24	N2	1	21	0
25	N2	1	21	0
26	N2	1	21	0
27	N2	1	21	0
28	N2	1	21	0
29	N2	1	23	0
30	N2	1	23	0
31	N2	1	23	0
32	N2	1	23	0
33	N2	1	23	0
34	N2	1	23	0
35	N2	1	23	0
36	N2	1	23	0
37	N2	1	23	0
38	N2	1	23	0
39	N2	1	23	0
40	N2	1	23	0
41	N2	1	23	0
42	N2	1	23	0
43	N2	1	23	0
44	N2	1	23	0
45	N2	1	23	0
46	N2	1	23	0
47	N2	1	24	0
48	N2	1	24	0
49	N2	1	24	0
50	N2	1	24	0
51	N2	1	24	0
52	N2	1	24	0
53	N2	1	24	0
54	N2	1	24	0
55	N2	1	24	0
56	N2	1	24	0
57	N2	1	24	0
58	N2	1	24	0
59	N2	1	24	0
60	N2	1	24	0
61	N2	1	24	0
62	N2	1	24	0
63	N2	1	24	0
64	N2	1	24	0
65	N2	1	27	0
66	N2	1	27	0
67	N2	1	27	0
68	N2	1	27	0
69	N2	1	27	0
70	N2	1	27	0
71	N2	1	27	0
72	N2	1	27	0
73	N2	1	27	0
74	N2	1	27	0
75	N2	1	27	0
76	N2	1	29	0
77	N2	1	29	0
78	N2	1	29	0
79	N2	1	29	0
80	N2	1	29	0
81	N2	1	29	0
82	N2	1	29	0
83	N2	1	29	0
84	N2	1	29	0
85	N2	1	29	0
86	N2	1	31	0
87	N2	1	31	0
88	N2	1	31	0
89	N2	1	31	0
90	N2	1	31	0
91	N2	1	31	0
92	N2	1	34	0
93	N2	1	36	0
94	egl-9	1	13	0
95	egl-9	1	13	0
96	egl-9	1	13	0
97	egl-9	1	18	0
98	egl-9	1	18	0
99	egl-9	1	18	0
100	egl-9	1	18	0
101	egl-9	1	18	0
102	egl-9	1	18	0
103	egl-9	1	18	0
104	egl-9	1	18	0
105	egl-9	1	21	0
106	egl-9	1	21	0
107	egl-9	1	21	0
108	egl-9	1	21	0
109	egl-9	1	21	0
110	egl-9	1	21	0
111	egl-9	1	21	0
112	egl-9	1	21	0
113	egl-9	1	21	0
114	egl-9	1	21	0
115	egl-9	1	21	0
116	egl-9	1	21	0
117	egl-9	1	21	0
118	egl-9	1	21	0
119	egl-9	1	21	0
120	egl-9	1	21	0
121	egl-9	1	23	0
122	egl-9	1	23	0
123	egl-9	1	23	0
124	egl-9	1	23	0
125	egl-9	1	23	0
126	egl-9	1	23	0
127	egl-9	1	23	0
128	egl-9	1	23	0
129	egl-9	1	23	0
130	egl-9	1	23	0
131	egl-9	1	23	0
132	egl-9	1	23	0
133	egl-9	1	23	0
134	egl-9	1	23	0
135	egl-9	1	23	0
136	egl-9	1	23	0
137	egl-9	1	23	0
138	egl-9	1	23	0
139	egl-9	1	23	0
140	egl-9	1	23	0
141	egl-9	1	23	0
142	egl-9	1	23	0
143	egl-9	1	23	0
144	egl-9	1	23	0
145	egl-9	1	23	0
146	egl-9	1	23	0
147	egl-9	1	23	0
148	egl-9	1	24	0
149	egl-9	1	24	0
150	egl-9	1	24	0
151	egl-9	1	24	0
152	egl-9	1	24	0
153	egl-9	1	24	0
154	egl-9	1	24	0
155	egl-9	1	24	0
156	egl-9	1	24	0
157	egl-9	1	24	0
158	egl-9	1	24	0
159	egl-9	1	24	0
160	egl-9	1	24	0
161	egl-9	1	24	0
162	egl-9	1	24	0
163	egl-9	1	24	0
164	egl-9	1	24	0
165	egl-9	1	24	0
166	egl-9	1	24	0
167	egl-9	1	24	0
168	egl-9	1	24	0
169	egl-9	1	24	0
170	egl-9	1	24	0
171	egl-9	1	24	0
172	egl-9	1	24	0
173	egl-9	1	24	0
174	egl-9	1	24	0
175	egl-9	1	24	0
176	egl-9	1	24	0
177	egl-9	1	24	0
178	egl-9	1	24	0
179	egl-9	1	24	0
180	egl-9	1	27	0
181	egl-9	1	27	0
182	egl-9	1	27	0
183	egl-9	1	27	0
184	egl-9	1	27	0
185	egl-9	1	27	0
186	egl-9	1	27	0
187	egl-9	1	27	0
188	egl-9	1	27	0
189	egl-9	1	27	0
190	egl-9	1	27	0
191	egl-9	1	27	0
192	egl-9	1	27	0
193	egl-9	1	27	0
194	egl-9	1	27	0
195	egl-9	1	27	0
196	egl-9	1	27	0
197	egl-9	1	27	0
198	egl-9	1	27	0
199	egl-9	1	27	0
200	egl-9	1	27	0
201	egl-9	1	27	0
202	egl-9	1	27	0
203	egl-9	1	27	0
204	egl-9	1	27	0
205	egl-9	1	27	0
206	egl-9	1	27	0
207	egl-9	1	27	0
208	egl-9	1	27	0
209	egl-9	1	27	0
210	egl-9	1	27	0
211	egl-9	1	29	0
212	egl-9	1	29	0
213	egl-9	1	29	0
214	egl-9	1	29	0
215	egl-9	1	29	0
216	egl-9	1	29	0
217	egl-9	1	29	0
218	egl-9	1	29	0
219	egl-9	1	29	0
220	egl-9	1	29	0
221	egl-9	1	29	0
222	egl-9	1	29	0
223	egl-9	1	29	0
224	egl-9	1	29	0
225	egl-9	1	29	0
226	egl-9	1	29	0
227	egl-9	1	29	0
228	egl-9	1	29	0
229	egl-9	1	29	0
230	egl-9	1	31	0
231	egl-9	1	31	0
232	egl-9	1	31	0
233	egl-9	1	31	0
234	egl-9	1	31	0
235	egl-9	1	31	0
236	egl-9	1	31	0
237	egl-9	1	31	0
238	egl-9	1	31	0
239	egl-9	1	31	0
240	egl-9	1	31	0
241	egl-9	1	31	0
242	egl-9	1	31	0
243	egl-9	1	31	0
244	egl-9	1	31	0
245	egl-9	1	31	0
246	egl-9	1	31	0
247	egl-9	1	31	0
248	egl-9	1	31	0
249	egl-9	1	31	0
250	egl-9	1	31	0
251	egl-9	1	31	0
252	egl-9	1	34	0
253	egl-9	1	34	0
254	egl-9	1	34	0
255	egl-9	1	34	0
256	egl-9	1	34	0
257	egl-9	1	34	0
258	egl-9	1	34	0
259	egl-9	1	34	0
260	egl-9	1	34	0
261	egl-9	1	34	0
262	egl-9	1	36	0
263	egl-9	1	36	0
264	egl-9	1	36	0
265	egl-9	1	36	0
266	egl-9	1	38	0
267	egl-9	1	38	0
268	egl-9	1	38	0
269	egl-9	1	41	0
