strain	replicate	age.at.death	rupture	
1	N2	1	22	0
2	N2	1	25	0
3	N2	1	25	0
4	N2	1	25	0
5	N2	1	29	0
6	N2	1	32	0
7	N2	1	32	0
8	N2	1	32	0
9	N2	1	32	0
10	N2	1	32	0
11	N2	1	32	0
12	N2	1	32	0
13	N2	1	32	0
14	N2	1	36	0
15	N2	1	32	1
16	N2	1	32	1
17	N2	1	32	1
18	N2	1	32	1
19	N2	1	32	1
20	N2	1	32	1
21	N2	1	32	1
22	N2	1	20	2
23	N2	1	22	2
24	N2	1	22	2
25	N2	1	25	2
26	N2	1	25	2
27	N2	1	25	2
28	N2	1	25	2
29	N2	1	25	2
30	N2	1	25	2
31	N2	1	25	2
32	N2	1	25	2
33	N2	1	25	2
34	N2	1	25	2
35	N2	1	25	2
36	N2	1	25	2
37	N2	1	25	2
38	N2	1	25	2
39	N2	1	25	2
40	N2	1	27	2
41	N2	1	27	2
42	N2	1	27	2
43	N2	1	27	2
44	N2	1	27	2
45	N2	1	27	2
46	N2	1	27	2
47	N2	1	27	2
48	N2	1	27	2
49	N2	1	27	2
50	N2	1	27	2
51	N2	1	27	2
52	N2	1	27	2
53	N2	1	29	2
54	N2	1	29	2
55	N2	1	29	2
56	N2	1	29	2
57	N2	1	29	2
58	N2	1	29	2
59	N2	1	29	2
60	N2	1	29	2
61	N2	1	29	2
62	N2	1	29	2
63	N2	1	29	2
64	N2	1	29	2
65	N2	1	29	2
66	N2	1	29	2
67	N2	1	29	2
68	N2	1	32	2
69	N2	1	32	2
70	N2	1	32	2
71	N2	1	32	2
72	N2	1	32	2
73	N2	1	32	2
74	N2	1	32	2
75	N2	1	32	2
76	N2	1	34	2
77	N2	1	29	3
78	N2	1	29	3
79	aak-1	1	18	0
80	aak-1	1	18	0
81	aak-1	1	25	0
82	aak-1	1	25	0
83	aak-1	1	25	0
84	aak-1	1	25	0
85	aak-1	1	25	0
86	aak-1	1	27	0
87	aak-1	1	27	0
88	aak-1	1	29	0
89	aak-1	1	29	0
90	aak-1	1	32	0
91	aak-1	1	32	0
92	aak-1	1	32	0
93	aak-1	1	32	0
94	aak-1	1	32	0
95	aak-1	1	32	0
96	aak-1	1	32	0
97	aak-1	1	34	0
98	aak-1	1	34	0
99	aak-1	1	34	0
100	aak-1	1	34	0
101	aak-1	1	34	0
102	aak-1	1	34	0
103	aak-1	1	34	0
104	aak-1	1	34	0
105	aak-1	1	36	0
106	aak-1	1	36	0
107	aak-1	1	36	0
108	aak-1	1	39	0
109	aak-1	1	39	0
110	aak-1	1	39	0
111	aak-1	1	39	0
112	aak-1	1	41	0
113	aak-1	1	53	0
114	aak-1	1	20	2
115	aak-1	1	22	2
116	aak-1	1	22	2
117	aak-1	1	22	2
118	aak-1	1	22	2
119	aak-1	1	22	2
120	aak-1	1	27	2
121	aak-1	2	18	0
122	aak-1	2	18	0
123	aak-1	2	22	0
124	aak-1	2	22	0
125	aak-1	2	25	0
126	aak-1	2	27	0
127	aak-1	2	27	0
128	aak-1	2	27	0
129	aak-1	2	27	0
130	aak-1	2	27	0
131	aak-1	2	27	0
132	aak-1	2	29	0
133	aak-1	2	29	0
134	aak-1	2	32	0
135	aak-1	2	32	0
136	aak-1	2	32	0
137	aak-1	2	32	0
138	aak-1	2	32	0
139	aak-1	2	34	0
140	aak-1	2	34	0
141	aak-1	2	34	0
142	aak-1	2	34	0
143	aak-1	2	34	0
144	aak-1	2	36	0
145	aak-1	2	39	0
146	aak-1	2	57	0
147	aak-1	2	20	2
148	aak-1	2	22	2
149	aak-1	2	22	2
150	aak-1	2	22	2
151	aak-1	2	25	2
152	aak-1	2	25	2
153	aak-1	2	27	2
154	aak-1	2	27	2
155	aak-2	1	20	0
156	aak-2	1	22	0
157	aak-2	1	22	0
158	aak-2	1	22	0
159	aak-2	1	22	0
160	aak-2	1	22	0
161	aak-2	1	25	0
162	aak-2	1	25	0
163	aak-2	1	25	0
164	aak-2	1	27	0
165	aak-2	1	27	0
166	aak-2	1	27	0
167	aak-2	1	27	0
168	aak-2	1	29	0
169	aak-2	1	29	0
170	aak-2	1	29	0
171	aak-2	1	32	0
172	aak-2	1	34	0
173	aak-2	1	18	2
174	aak-2	1	18	2
175	aak-2	1	20	2
176	aak-2	1	20	2
177	aak-2	1	20	2
178	aak-2	1	20	2
179	aak-2	1	20	2
180	aak-2	1	20	2
181	aak-2	1	22	2
182	aak-2	1	22	2
183	aak-2	1	22	2
184	aak-2	1	22	2
185	aak-2	1	22	2
186	aak-2	1	22	2
187	aak-2	1	22	2
188	aak-2	1	22	2
189	aak-2	1	22	2
190	aak-2	1	22	2
191	aak-2	1	22	2
192	aak-2	1	22	2
193	aak-2	1	22	2
194	aak-2	1	25	2
195	aak-2	1	25	2
196	aak-2	1	25	2
197	aak-2	1	25	2
198	aak-2	1	25	2
199	aak-2	1	25	2
200	aak-2	1	25	2
201	aak-2	1	27	2
202	aak-2	1	27	2
203	aak-2	1	32	2
204	aak-2	1	15	3
205	aak-2	1	18	3
206	aak-2	1	18	3
207	aak-2	1	22	3
208	aak-2	1	22	3
209	aak-2	1	22	3
210	aak-2	1	22	3
211	aak-2	1	25	3
212	aak-2	2	18	0
213	aak-2	2	18	0
214	aak-2	2	18	0
215	aak-2	2	18	0
216	aak-2	2	18	0
217	aak-2	2	20	0
218	aak-2	2	22	0
219	aak-2	2	22	0
220	aak-2	2	22	0
221	aak-2	2	22	0
222	aak-2	2	25	0
223	aak-2	2	25	0
224	aak-2	2	25	0
225	aak-2	2	25	0
226	aak-2	2	25	0
227	aak-2	2	25	0
228	aak-2	2	27	0
229	aak-2	2	29	0
230	aak-2	2	18	2
231	aak-2	2	20	2
232	aak-2	2	20	2
233	aak-2	2	20	2
234	aak-2	2	22	2
235	aak-2	2	22	2
236	aak-2	2	22	2
237	aak-2	2	22	2
238	aak-2	2	22	2
239	aak-2	2	22	2
240	aak-2	2	22	2
241	aak-2	2	22	2
242	aak-2	2	22	2
243	aak-2	2	22	2
244	aak-2	2	22	2
245	aak-2	2	22	2
246	aak-2	2	22	2
247	aak-2	2	22	2
248	aak-2	2	22	2
249	aak-2	2	22	2
250	aak-2	2	22	2
251	aak-2	2	22	2
252	aak-2	2	22	2
253	aak-2	2	22	2
254	aak-2	2	22	2
255	aak-2	2	22	2
256	aak-2	2	22	2
257	aak-2	2	22	2
258	aak-2	2	22	2
259	aak-2	2	22	2
260	aak-2	2	25	2
261	aak-2	2	25	2
262	aak-2	2	25	2
263	aak-2	2	25	2
264	aak-2	2	25	2
265	aak-2	2	25	2
266	aak-2	2	25	2
267	aak-2	2	25	2
268	aak-2	2	25	2
269	aak-2	2	25	2
270	aak-2	2	25	2
271	aak-2	2	25	2
272	aak-2	2	20	3
273	aak-2	2	22	3
274	atm-1	1	11	0
275	atm-1	1	18	0
276	atm-1	1	25	0
277	atm-1	1	32	0
278	atm-1	1	32	0
279	atm-1	1	32	0
280	atm-1	1	18	2
281	atm-1	1	18	2
282	atm-1	1	18	2
283	atm-1	1	20	2
284	atm-1	1	22	2
285	atm-1	1	22	2
286	atm-1	1	22	2
287	atm-1	1	22	2
288	atm-1	1	22	2
289	atm-1	1	22	2
290	atm-1	1	22	2
291	atm-1	1	22	2
292	atm-1	1	22	2
293	atm-1	1	22	2
294	atm-1	1	22	2
295	atm-1	1	22	2
296	atm-1	1	22	2
297	atm-1	1	22	2
298	atm-1	1	22	2
299	atm-1	1	22	2
300	atm-1	1	22	2
301	atm-1	1	22	2
302	atm-1	1	22	2
303	atm-1	1	22	2
304	atm-1	1	25	2
305	atm-1	1	25	2
306	atm-1	1	25	2
307	atm-1	1	25	2
308	atm-1	1	25	2
309	atm-1	1	25	2
310	atm-1	1	25	2
311	atm-1	1	25	2
312	atm-1	1	25	2
313	atm-1	1	25	2
314	atm-1	1	25	2
315	atm-1	1	25	2
316	atm-1	1	25	2
317	atm-1	1	25	2
318	atm-1	1	25	2
319	atm-1	1	25	2
320	atm-1	1	25	2
321	atm-1	1	25	2
322	atm-1	1	25	2
323	atm-1	1	25	2
324	atm-1	1	25	2
325	atm-1	1	25	2
326	atm-1	1	25	2
327	atm-1	1	25	2
328	atm-1	1	25	2
329	atm-1	1	25	2
330	atm-1	1	25	2
331	atm-1	1	25	2
332	atm-1	1	25	2
333	atm-1	1	25	2
334	atm-1	1	27	2
335	atm-1	1	27	2
336	atm-1	1	27	2
337	atm-1	1	27	2
338	atm-1	1	27	2
339	atm-1	1	27	2
340	atm-1	1	27	2
341	atm-1	1	27	2
342	atm-1	1	27	2
343	atm-1	1	27	2
344	atm-1	1	27	2
345	atm-1	1	29	2
346	atm-1	1	29	2
347	atm-1	1	18	3
348	atm-1	1	18	3
349	atm-1	1	18	3
350	atm-1	1	20	3
351	atm-1	1	20	3
352	atm-1	1	22	3
353	atm-1	1	22	3
354	atm-1	1	25	3
355	atm-1	1	25	3
356	atm-1	2	29	0
357	atm-1	2	32	0
358	atm-1	2	32	0
359	atm-1	2	32	0
360	atm-1	2	32	0
361	atm-1	2	36	0
362	atm-1	2	46	0
363	atm-1	2	25	1
364	atm-1	2	18	2
365	atm-1	2	20	2
366	atm-1	2	20	2
367	atm-1	2	20	2
368	atm-1	2	22	2
369	atm-1	2	22	2
370	atm-1	2	22	2
371	atm-1	2	22	2
372	atm-1	2	22	2
373	atm-1	2	22	2
374	atm-1	2	22	2
375	atm-1	2	25	2
376	atm-1	2	25	2
377	atm-1	2	25	2
378	atm-1	2	25	2
379	atm-1	2	25	2
380	atm-1	2	25	2
381	atm-1	2	25	2
382	atm-1	2	25	2
383	atm-1	2	25	2
384	atm-1	2	25	2
385	atm-1	2	25	2
386	atm-1	2	25	2
387	atm-1	2	25	2
388	atm-1	2	25	2
389	atm-1	2	25	2
390	atm-1	2	25	2
391	atm-1	2	25	2
392	atm-1	2	25	2
393	atm-1	2	25	2
394	atm-1	2	25	2
395	atm-1	2	25	2
396	atm-1	2	25	2
397	atm-1	2	25	2
398	atm-1	2	25	2
399	atm-1	2	25	2
400	atm-1	2	25	2
401	atm-1	2	25	2
402	atm-1	2	25	2
403	atm-1	2	25	2
404	atm-1	2	27	2
405	atm-1	2	27	2
406	atm-1	2	27	2
407	atm-1	2	27	2
408	atm-1	2	27	2
409	atm-1	2	27	2
410	atm-1	2	27	2
411	atm-1	2	27	2
412	atm-1	2	27	2
413	atm-1	2	27	2
414	atm-1	2	27	2
415	atm-1	2	27	2
416	atm-1	2	29	2
417	atm-1	2	29	2
418	atm-1	2	29	2
419	atm-1	2	39	2
420	atm-1	2	18	3
421	atm-1	2	18	3
422	atm-1	2	18	3
423	atm-1	2	18	3
424	atm-1	2	20	3
425	atm-1	2	20	3
426	atm-1	2	20	3
427	atm-1	2	22	3
428	atm-1	2	25	3
429	atm-1	2	25	3
430	atm-1	2	25	3
431	atm-1	2	25	3
432	daf-2	1	29	0
433	daf-2	1	32	0
434	daf-2	1	32	0
435	daf-2	1	32	0
436	daf-2	1	34	0
437	daf-2	1	34	0
438	daf-2	1	36	0
439	daf-2	1	39	0
440	daf-2	1	39	0
441	daf-2	1	39	0
442	daf-2	1	39	0
443	daf-2	1	39	0
444	daf-2	1	39	0
445	daf-2	1	39	0
446	daf-2	1	39	0
447	daf-2	1	39	0
448	daf-2	1	39	0
449	daf-2	1	39	0
450	daf-2	1	41	0
451	daf-2	1	41	0
452	daf-2	1	41	0
453	daf-2	1	41	0
454	daf-2	1	41	0
455	daf-2	1	41	0
456	daf-2	1	41	0
457	daf-2	1	41	0
458	daf-2	1	41	0
459	daf-2	1	41	0
460	daf-2	1	43	0
461	daf-2	1	43	0
462	daf-2	1	43	0
463	daf-2	1	43	0
464	daf-2	1	43	0
465	daf-2	1	43	0
466	daf-2	1	43	0
467	daf-2	1	46	0
468	daf-2	1	46	0
469	daf-2	1	46	0
470	daf-2	1	46	0
471	daf-2	1	46	0
472	daf-2	1	46	0
473	daf-2	1	46	0
474	daf-2	1	46	0
475	daf-2	1	46	0
476	daf-2	1	48	0
477	daf-2	1	48	0
478	daf-2	1	48	0
479	daf-2	1	48	0
480	daf-2	1	48	0
481	daf-2	1	48	0
482	daf-2	1	48	0
483	daf-2	1	50	0
484	daf-2	1	50	0
485	daf-2	1	50	0
486	daf-2	1	53	0
487	daf-2	1	53	0
488	daf-2	1	53	0
489	daf-2	1	53	0
490	daf-2	1	53	0
491	daf-2	1	55	0
492	daf-2	1	55	0
493	daf-2	1	55	0
494	daf-2	1	55	0
495	daf-2	1	55	0
496	daf-2	1	57	0
497	daf-2	1	57	0
498	daf-2	1	57	0
499	daf-2	1	57	0
500	daf-2	1	57	0
501	daf-2	1	60	0
502	daf-2	1	60	0
503	daf-2	1	60	0
504	daf-2	1	60	0
505	daf-2	1	60	0
506	daf-2	1	60	0
507	daf-2	1	62	0
508	daf-2	1	64	0
509	daf-2	1	64	0
510	daf-2	1	67	0
511	daf-2	1	74	0
512	daf-2	1	74	0
513	daf-2	1	32	2
514	daf-2	1	34	2
515	daf-2	1	43	2
516	daf-2	1	27	3
517	daf-2	2	25	0
518	daf-2	2	29	0
519	daf-2	2	32	0
520	daf-2	2	32	0
521	daf-2	2	32	0
522	daf-2	2	32	0
523	daf-2	2	32	0
524	daf-2	2	32	0
525	daf-2	2	32	0
526	daf-2	2	34	0
527	daf-2	2	36	0
528	daf-2	2	39	0
529	daf-2	2	39	0
530	daf-2	2	39	0
531	daf-2	2	39	0
532	daf-2	2	39	0
533	daf-2	2	39	0
534	daf-2	2	39	0
535	daf-2	2	39	0
536	daf-2	2	39	0
537	daf-2	2	41	0
538	daf-2	2	41	0
539	daf-2	2	41	0
540	daf-2	2	41	0
541	daf-2	2	41	0
542	daf-2	2	41	0
543	daf-2	2	41	0
544	daf-2	2	41	0
545	daf-2	2	41	0
546	daf-2	2	41	0
547	daf-2	2	41	0
548	daf-2	2	41	0
549	daf-2	2	41	0
550	daf-2	2	41	0
551	daf-2	2	41	0
552	daf-2	2	41	0
553	daf-2	2	43	0
554	daf-2	2	43	0
555	daf-2	2	43	0
556	daf-2	2	43	0
557	daf-2	2	43	0
558	daf-2	2	43	0
559	daf-2	2	43	0
560	daf-2	2	46	0
561	daf-2	2	46	0
562	daf-2	2	46	0
563	daf-2	2	46	0
564	daf-2	2	46	0
565	daf-2	2	46	0
566	daf-2	2	46	0
567	daf-2	2	46	0
568	daf-2	2	46	0
569	daf-2	2	46	0
570	daf-2	2	46	0
571	daf-2	2	46	0
572	daf-2	2	48	0
573	daf-2	2	48	0
574	daf-2	2	48	0
575	daf-2	2	48	0
576	daf-2	2	48	0
577	daf-2	2	48	0
578	daf-2	2	50	0
579	daf-2	2	50	0
580	daf-2	2	53	0
581	daf-2	2	53	0
582	daf-2	2	55	0
583	daf-2	2	57	0
584	daf-2	2	57	0
585	daf-2	2	57	0
586	daf-2	2	57	0
587	daf-2	2	57	0
588	daf-2	2	57	0
589	daf-2	2	60	0
590	daf-2	2	60	0
591	daf-2	2	60	0
592	daf-2	2	60	0
593	daf-2	2	62	0
594	daf-2	2	64	0
595	daf-2	2	71	0
596	daf-2	2	74	0
597	daf-2	2	32	2
598	daf-2	2	32	2
599	daf-2	2	32	2
600	daf-2	2	34	2
601	daf-2	2	34	2
602	daf-2	2	36	2
603	daf-2	2	36	2
604	daf-2	2	36	2
605	daf-2	2	29	3
606	daf-2	2	32	3
607	daf-2	2	34	3
608	daf-2	2	34	3
609	daf-2	2	36	3
610	skn-1(zu67)	1	29	0
611	skn-1(zu67)	1	36	0
612	skn-1(zu67)	1	39	0
613	skn-1(zu67)	1	20	2
614	skn-1(zu67)	1	20	2
615	skn-1(zu67)	1	20	2
616	skn-1(zu67)	1	22	2
617	skn-1(zu67)	1	22	2
618	skn-1(zu67)	1	22	2
619	skn-1(zu67)	1	22	2
620	skn-1(zu67)	1	22	2
621	skn-1(zu67)	1	22	2
622	skn-1(zu67)	1	22	2
623	skn-1(zu67)	1	22	2
624	skn-1(zu67)	1	22	2
625	skn-1(zu67)	1	22	2
626	skn-1(zu67)	1	22	2
627	skn-1(zu67)	1	22	2
628	skn-1(zu67)	1	22	2
629	skn-1(zu67)	1	22	2
630	skn-1(zu67)	1	22	2
631	skn-1(zu67)	1	22	2
632	skn-1(zu67)	1	22	2
633	skn-1(zu67)	1	22	2
634	skn-1(zu67)	1	25	2
635	skn-1(zu67)	1	25	2
636	skn-1(zu67)	1	25	2
637	skn-1(zu67)	1	25	2
638	skn-1(zu67)	1	25	2
639	skn-1(zu67)	1	25	2
640	skn-1(zu67)	1	25	2
641	skn-1(zu67)	1	25	2
642	skn-1(zu67)	1	25	2
643	skn-1(zu67)	1	25	2
644	skn-1(zu67)	1	25	2
645	skn-1(zu67)	1	25	2
646	skn-1(zu67)	1	25	2
647	skn-1(zu67)	1	25	2
648	skn-1(zu67)	1	25	2
649	skn-1(zu67)	1	25	2
650	skn-1(zu67)	1	25	2
651	skn-1(zu67)	1	25	2
652	skn-1(zu67)	1	25	2
653	skn-1(zu67)	1	25	2
654	skn-1(zu67)	1	25	2
655	skn-1(zu67)	1	25	2
656	skn-1(zu67)	1	25	2
657	skn-1(zu67)	1	25	2
658	skn-1(zu67)	1	25	2
659	skn-1(zu67)	1	25	2
660	skn-1(zu67)	1	25	2
661	skn-1(zu67)	1	25	2
662	skn-1(zu67)	1	25	2
663	skn-1(zu67)	1	25	2
664	skn-1(zu67)	1	25	2
665	skn-1(zu67)	1	25	2
666	skn-1(zu67)	1	25	2
667	skn-1(zu67)	1	27	2
668	skn-1(zu67)	1	27	2
669	skn-1(zu67)	1	27	2
670	skn-1(zu67)	1	27	2
671	skn-1(zu67)	1	20	3
672	skn-1(zu67)	1	20	3
673	skn-1(zu67)	1	20	3
674	skn-1(zu67)	1	20	3
675	skn-1(zu67)	1	22	3
676	skn-1(zu67)	1	22	3
677	skn-1(zu67)	1	22	3
678	skn-1(zu67)	1	22	3
679	skn-1(zu67)	1	22	3
680	skn-1(zu67)	1	22	3
681	skn-1(zu67)	1	22	3
682	skn-1(zu67)	1	22	3
683	skn-1(zu67)	1	22	3
684	skn-1(zu67)	1	22	3
685	skn-1(zu67)	1	22	3
686	skn-1(zu67)	1	22	3
687	skn-1(zu67)	1	22	3
688	skn-1(zu67)	2	32	0
689	skn-1(zu67)	2	34	0
690	skn-1(zu67)	2	34	0
691	skn-1(zu67)	2	36	0
692	skn-1(zu67)	2	36	0
693	skn-1(zu67)	2	36	0
694	skn-1(zu67)	2	39	0
695	skn-1(zu67)	2	39	0
696	skn-1(zu67)	2	39	0
697	skn-1(zu67)	2	32	1
698	skn-1(zu67)	2	32	1
699	skn-1(zu67)	2	32	1
700	skn-1(zu67)	2	18	2
701	skn-1(zu67)	2	20	2
702	skn-1(zu67)	2	22	2
703	skn-1(zu67)	2	22	2
704	skn-1(zu67)	2	22	2
705	skn-1(zu67)	2	22	2
706	skn-1(zu67)	2	22	2
707	skn-1(zu67)	2	22	2
708	skn-1(zu67)	2	22	2
709	skn-1(zu67)	2	22	2
710	skn-1(zu67)	2	22	2
711	skn-1(zu67)	2	22	2
712	skn-1(zu67)	2	22	2
713	skn-1(zu67)	2	22	2
714	skn-1(zu67)	2	25	2
715	skn-1(zu67)	2	25	2
716	skn-1(zu67)	2	25	2
717	skn-1(zu67)	2	25	2
718	skn-1(zu67)	2	25	2
719	skn-1(zu67)	2	25	2
720	skn-1(zu67)	2	25	2
721	skn-1(zu67)	2	25	2
722	skn-1(zu67)	2	25	2
723	skn-1(zu67)	2	25	2
724	skn-1(zu67)	2	25	2
725	skn-1(zu67)	2	25	2
726	skn-1(zu67)	2	25	2
727	skn-1(zu67)	2	25	2
728	skn-1(zu67)	2	25	2
729	skn-1(zu67)	2	25	2
730	skn-1(zu67)	2	25	2
731	skn-1(zu67)	2	25	2
732	skn-1(zu67)	2	25	2
733	skn-1(zu67)	2	25	2
734	skn-1(zu67)	2	25	2
735	skn-1(zu67)	2	25	2
736	skn-1(zu67)	2	25	2
737	skn-1(zu67)	2	25	2
738	skn-1(zu67)	2	25	2
739	skn-1(zu67)	2	25	2
740	skn-1(zu67)	2	25	2
741	skn-1(zu67)	2	25	2
742	skn-1(zu67)	2	25	2
743	skn-1(zu67)	2	25	2
744	skn-1(zu67)	2	25	2
745	skn-1(zu67)	2	25	2
746	skn-1(zu67)	2	27	2
747	skn-1(zu67)	2	27	2
748	skn-1(zu67)	2	27	2
749	skn-1(zu67)	2	27	2
750	skn-1(zu67)	2	27	2
751	skn-1(zu67)	2	27	2
752	skn-1(zu67)	2	27	2
753	skn-1(zu67)	2	27	2
754	skn-1(zu67)	2	27	2
755	skn-1(zu67)	2	27	2
756	skn-1(zu67)	2	27	2
757	skn-1(zu67)	2	27	2
758	skn-1(zu67)	2	27	2
759	skn-1(zu67)	2	27	2
760	skn-1(zu67)	2	27	2
761	skn-1(zu67)	2	27	2
762	skn-1(zu67)	2	27	2
763	skn-1(zu67)	2	29	2
764	skn-1(zu67)	2	29	2
765	skn-1(zu67)	2	29	2
766	skn-1(zu67)	2	29	2
767	skn-1(zu67)	2	29	2
768	skn-1(zu67)	2	32	2
769	skn-1(zu67)	2	32	2
770	skn-1(zu67)	2	18	3
771	skn-1(zu67)	2	20	3
772	skn-1(zu67)	2	25	3
773	rhy-1	1	32	0
774	rhy-1	1	34	0
775	rhy-1	1	34	0
776	rhy-1	1	36	0
777	rhy-1	1	39	0
778	rhy-1	1	39	0
779	rhy-1	1	41	0
780	rhy-1	1	18	2
781	rhy-1	1	22	2
782	rhy-1	1	22	2
783	rhy-1	1	25	2
784	rhy-1	1	25	2
785	rhy-1	1	25	2
786	rhy-1	1	25	2
787	rhy-1	1	25	2
788	rhy-1	1	25	2
789	rhy-1	1	25	2
790	rhy-1	1	25	2
791	rhy-1	1	25	2
792	rhy-1	1	25	2
793	rhy-1	1	25	2
794	rhy-1	1	25	2
795	rhy-1	1	27	2
796	rhy-1	1	27	2
797	rhy-1	1	27	2
798	rhy-1	1	27	2
799	rhy-1	1	27	2
800	rhy-1	1	27	2
801	rhy-1	1	27	2
802	rhy-1	1	27	2
803	rhy-1	1	27	2
804	rhy-1	1	27	2
805	rhy-1	1	27	2
806	rhy-1	1	27	2
807	rhy-1	1	27	2
808	rhy-1	1	27	2
809	rhy-1	1	27	2
810	rhy-1	1	27	2
811	rhy-1	1	27	2
812	rhy-1	1	27	2
813	rhy-1	1	27	2
814	rhy-1	1	27	2
815	rhy-1	1	27	2
816	rhy-1	1	27	2
817	rhy-1	1	27	2
818	rhy-1	1	27	2
819	rhy-1	1	27	2
820	rhy-1	1	29	2
821	rhy-1	1	29	2
822	rhy-1	1	29	2
823	rhy-1	1	29	2
824	rhy-1	1	29	2
825	rhy-1	1	29	2
826	rhy-1	1	29	2
827	rhy-1	1	29	2
828	rhy-1	1	29	2
829	rhy-1	1	29	2
830	rhy-1	1	29	2
831	rhy-1	1	29	2
832	rhy-1	1	29	2
833	rhy-1	1	29	2
834	rhy-1	1	32	2
835	rhy-1	1	32	2
836	rhy-1	1	32	2
837	rhy-1	1	32	2
838	rhy-1	1	18	3
839	rhy-1	1	18	3
840	rhy-1	1	20	3
841	rhy-1	1	20	3
842	rhy-1	1	22	3
843	rhy-1	1	22	3
844	rhy-1	1	22	3
845	rhy-1	1	22	3
846	rhy-1	1	22	3
847	rhy-1	1	22	3
848	rhy-1	1	22	3
849	rhy-1	1	22	3
850	rhy-1	1	25	3
851	rhy-1	1	25	3
852	rhy-1	1	25	3
853	rhy-1	1	25	3
854	rhy-1	1	25	3
855	rhy-1	1	25	3
856	rhy-1	1	25	3
857	rhy-1	1	25	3
858	rhy-1	1	25	3
859	rhy-1	1	27	3
860	rhy-1	1	27	3
861	rhy-1	1	27	3
862	rhy-1	1	27	3
863	rhy-1	1	27	3
864	rhy-1	1	29	3
865	rhy-1	1	29	3
866	rhy-1	1	29	3
867	rhy-1	1	29	3
868	rhy-1	1	32	3
869	rhy-1	1	32	3
870	rhy-1	2	32	0
871	rhy-1	2	32	0
872	rhy-1	2	34	0
873	rhy-1	2	34	0
874	rhy-1	2	36	0
875	rhy-1	2	39	0
876	rhy-1	2	39	0
877	rhy-1	2	39	0
878	rhy-1	2	20	2
879	rhy-1	2	22	2
880	rhy-1	2	22	2
881	rhy-1	2	22	2
882	rhy-1	2	22	2
883	rhy-1	2	22	2
884	rhy-1	2	22	2
885	rhy-1	2	25	2
886	rhy-1	2	25	2
887	rhy-1	2	25	2
888	rhy-1	2	25	2
889	rhy-1	2	25	2
890	rhy-1	2	25	2
891	rhy-1	2	25	2
892	rhy-1	2	25	2
893	rhy-1	2	25	2
894	rhy-1	2	25	2
895	rhy-1	2	25	2
896	rhy-1	2	25	2
897	rhy-1	2	25	2
898	rhy-1	2	25	2
899	rhy-1	2	25	2
900	rhy-1	2	25	2
901	rhy-1	2	25	2
902	rhy-1	2	25	2
903	rhy-1	2	25	2
904	rhy-1	2	25	2
905	rhy-1	2	27	2
906	rhy-1	2	27	2
907	rhy-1	2	27	2
908	rhy-1	2	27	2
909	rhy-1	2	27	2
910	rhy-1	2	27	2
911	rhy-1	2	27	2
912	rhy-1	2	27	2
913	rhy-1	2	27	2
914	rhy-1	2	27	2
915	rhy-1	2	29	2
916	rhy-1	2	29	2
917	rhy-1	2	29	2
918	rhy-1	2	29	2
919	rhy-1	2	29	2
920	rhy-1	2	29	2
921	rhy-1	2	29	2
922	rhy-1	2	29	2
923	rhy-1	2	29	2
924	rhy-1	2	29	2
925	rhy-1	2	29	2
926	rhy-1	2	29	2
927	rhy-1	2	32	2
928	rhy-1	2	32	2
929	rhy-1	2	32	2
930	rhy-1	2	18	3
931	rhy-1	2	22	3
932	rhy-1	2	22	3
933	rhy-1	2	22	3
934	rhy-1	2	22	3
935	rhy-1	2	22	3
936	rhy-1	2	22	3
937	rhy-1	2	22	3
938	rhy-1	2	25	3
939	rhy-1	2	25	3
940	rhy-1	2	25	3
941	rhy-1	2	25	3
942	rhy-1	2	25	3
943	rhy-1	2	25	3
944	rhy-1	2	25	3
945	rhy-1	2	25	3
946	rhy-1	2	25	3
947	rhy-1	2	25	3
948	rhy-1	2	25	3
949	rhy-1	2	27	3
950	rhy-1	2	27	3
951	rhy-1	2	27	3
952	rhy-1	2	27	3
953	rhy-1	2	27	3
954	rhy-1	2	27	3
955	rhy-1	2	27	3
956	rhy-1	2	29	3
957	rhy-1	2	29	3
958	rhy-1	2	29	3
959	rhy-1	2	29	3
960	rhy-1	2	32	3
961	hif-1(ia07)	1	25	0
962	hif-1(ia07)	1	29	0
963	hif-1(ia07)	1	32	0
964	hif-1(ia07)	1	32	0
965	hif-1(ia07)	1	32	0
966	hif-1(ia07)	1	32	0
967	hif-1(ia07)	1	34	0
968	hif-1(ia07)	1	34	0
969	hif-1(ia07)	1	34	0
970	hif-1(ia07)	1	34	0
971	hif-1(ia07)	1	36	0
972	hif-1(ia07)	1	36	0
973	hif-1(ia07)	1	36	0
974	hif-1(ia07)	1	36	0
975	hif-1(ia07)	1	36	0
976	hif-1(ia07)	1	39	0
977	hif-1(ia07)	1	39	0
978	hif-1(ia07)	1	39	0
979	hif-1(ia07)	1	41	0
980	hif-1(ia07)	1	41	0
981	hif-1(ia07)	1	41	0
982	hif-1(ia07)	1	43	0
983	hif-1(ia07)	1	43	0
984	hif-1(ia07)	1	43	0
985	hif-1(ia07)	1	46	0
986	hif-1(ia07)	1	46	0
987	hif-1(ia07)	1	46	0
988	hif-1(ia07)	1	32	1
989	hif-1(ia07)	1	32	1
990	hif-1(ia07)	1	32	1
991	hif-1(ia07)	1	20	2
992	hif-1(ia07)	1	22	2
993	hif-1(ia07)	1	22	2
994	hif-1(ia07)	1	25	2
995	hif-1(ia07)	1	25	2
996	hif-1(ia07)	1	25	2
997	hif-1(ia07)	1	25	2
998	hif-1(ia07)	1	25	2
999	hif-1(ia07)	1	25	2
1000	hif-1(ia07)	1	25	2
1001	hif-1(ia07)	1	25	2
1002	hif-1(ia07)	1	25	2
1003	hif-1(ia07)	1	25	2
1004	hif-1(ia07)	1	25	2
1005	hif-1(ia07)	1	25	2
1006	hif-1(ia07)	1	25	2
1007	hif-1(ia07)	1	27	2
1008	hif-1(ia07)	1	27	2
1009	hif-1(ia07)	1	27	2
1010	hif-1(ia07)	1	27	2
1011	hif-1(ia07)	1	27	2
1012	hif-1(ia07)	1	27	2
1013	hif-1(ia07)	1	27	2
1014	hif-1(ia07)	1	27	2
1015	hif-1(ia07)	1	27	2
1016	hif-1(ia07)	1	27	2
1017	hif-1(ia07)	1	27	2
1018	hif-1(ia07)	1	27	2
1019	hif-1(ia07)	1	27	2
1020	hif-1(ia07)	1	27	2
1021	hif-1(ia07)	1	27	2
1022	hif-1(ia07)	1	27	2
1023	hif-1(ia07)	1	27	2
1024	hif-1(ia07)	1	27	2
1025	hif-1(ia07)	1	29	2
1026	hif-1(ia07)	1	29	2
1027	hif-1(ia07)	1	29	2
1028	hif-1(ia07)	1	29	2
1029	hif-1(ia07)	1	29	2
1030	hif-1(ia07)	1	29	2
1031	hif-1(ia07)	1	29	2
1032	hif-1(ia07)	1	29	2
1033	hif-1(ia07)	1	32	2
1034	hif-1(ia07)	1	32	2
1035	hif-1(ia07)	1	32	2
1036	hif-1(ia07)	1	34	2
1037	hif-1(ia07)	1	34	2
1038	hif-1(ia07)	1	34	2
1039	hif-1(ia07)	1	34	2
1040	hif-1(ia07)	1	34	2
1041	hif-1(ia07)	1	34	2
1042	hif-1(ia07)	1	25	3
1043	hif-1(ia07)	1	27	3
1044	hif-1(ia07)	1	27	3
1045	hif-1(ia07)	1	29	3
1046	hif-1(ia07)	2	15	0
1047	hif-1(ia07)	2	15	0
1048	hif-1(ia07)	2	29	0
1049	hif-1(ia07)	2	32	0
1050	hif-1(ia07)	2	36	0
1051	hif-1(ia07)	2	36	0
1052	hif-1(ia07)	2	36	0
1053	hif-1(ia07)	2	36	0
1054	hif-1(ia07)	2	39	0
1055	hif-1(ia07)	2	39	0
1056	hif-1(ia07)	2	39	0
1057	hif-1(ia07)	2	39	0
1058	hif-1(ia07)	2	39	0
1059	hif-1(ia07)	2	39	0
1060	hif-1(ia07)	2	39	0
1061	hif-1(ia07)	2	41	0
1062	hif-1(ia07)	2	43	0
1063	hif-1(ia07)	2	43	0
1064	hif-1(ia07)	2	46	0
1065	hif-1(ia07)	2	46	0
1066	hif-1(ia07)	2	46	0
1067	hif-1(ia07)	2	48	0
1068	hif-1(ia07)	2	48	0
1069	hif-1(ia07)	2	53	0
1070	hif-1(ia07)	2	32	1
1071	hif-1(ia07)	2	32	1
1072	hif-1(ia07)	2	22	2
1073	hif-1(ia07)	2	25	2
1074	hif-1(ia07)	2	25	2
1075	hif-1(ia07)	2	25	2
1076	hif-1(ia07)	2	25	2
1077	hif-1(ia07)	2	25	2
1078	hif-1(ia07)	2	25	2
1079	hif-1(ia07)	2	25	2
1080	hif-1(ia07)	2	25	2
1081	hif-1(ia07)	2	27	2
1082	hif-1(ia07)	2	27	2
1083	hif-1(ia07)	2	27	2
1084	hif-1(ia07)	2	27	2
1085	hif-1(ia07)	2	27	2
1086	hif-1(ia07)	2	27	2
1087	hif-1(ia07)	2	27	2
1088	hif-1(ia07)	2	27	2
1089	hif-1(ia07)	2	27	2
1090	hif-1(ia07)	2	27	2
1091	hif-1(ia07)	2	27	2
1092	hif-1(ia07)	2	27	2
1093	hif-1(ia07)	2	27	2
1094	hif-1(ia07)	2	27	2
1095	hif-1(ia07)	2	27	2
1096	hif-1(ia07)	2	29	2
1097	hif-1(ia07)	2	29	2
1098	hif-1(ia07)	2	29	2
1099	hif-1(ia07)	2	29	2
1100	hif-1(ia07)	2	29	2
1101	hif-1(ia07)	2	29	2
1102	hif-1(ia07)	2	29	2
1103	hif-1(ia07)	2	29	2
1104	hif-1(ia07)	2	29	2
1105	hif-1(ia07)	2	29	2
1106	hif-1(ia07)	2	29	2
1107	hif-1(ia07)	2	29	2
1108	hif-1(ia07)	2	32	2
1109	hif-1(ia07)	2	32	2
1110	hif-1(ia07)	2	32	2
1111	hif-1(ia07)	2	32	2
1112	hif-1(ia07)	2	32	2
1113	hif-1(ia07)	2	32	2
1114	hif-1(ia07)	2	32	2
1115	hif-1(ia07)	2	32	2
1116	hif-1(ia07)	2	32	2
1117	hif-1(ia07)	2	32	2
1118	hif-1(ia07)	2	32	2
1119	hif-1(ia07)	2	34	2
1120	hif-1(ia07)	2	34	2
1121	hif-1(ia07)	2	34	2
1122	hif-1(ia07)	2	34	2
1123	hif-1(ia07)	2	34	2
1124	hif-1(ia07)	2	36	2
1125	hif-1(ia07)	2	36	2
1126	hif-1(ia07)	2	20	3
1127	hif-1(ia07)	2	22	3
1128	hif-1(ia07)	2	25	3
1129	hif-1(ia07)	2	25	3
1130	hif-1(ia07)	2	25	3
1131	hif-1(ia07)	2	25	3
1132	hif-1(ia07)	2	25	3
1133	hif-1(ia07)	2	25	3
1134	hif-1(ia07)	2	25	3
1135	hif-1(ia07)	2	27	3
1136	hif-1(ia07)	2	27	3
1137	hif-1(ia07)	2	29	3
1138	hif-1(ia07)	2	29	3
1139	hif-1(ia07)	2	29	3
1140	hif-1(ia07)	2	32	3
1141	hif-1(ia07)	2	32	3
1142	rsks-1	1	32	0
1143	rsks-1	1	36	0
1144	rsks-1	1	39	0
1145	rsks-1	1	39	0
1146	rsks-1	1	39	0
1147	rsks-1	1	39	0
1148	rsks-1	1	39	0
1149	rsks-1	1	48	0
1150	rsks-1	1	53	0
1151	rsks-1	1	25	1
1152	rsks-1	1	18	2
1153	rsks-1	1	20	2
1154	rsks-1	1	20	2
1155	rsks-1	1	22	2
1156	rsks-1	1	22	2
1157	rsks-1	1	22	2
1158	rsks-1	1	22	2
1159	rsks-1	1	22	2
1160	rsks-1	1	22	2
1161	rsks-1	1	22	2
1162	rsks-1	1	22	2
1163	rsks-1	1	22	2
1164	rsks-1	1	22	2
1165	rsks-1	1	22	2
1166	rsks-1	1	22	2
1167	rsks-1	1	25	2
1168	rsks-1	1	25	2
1169	rsks-1	1	25	2
1170	rsks-1	1	25	2
1171	rsks-1	1	25	2
1172	rsks-1	1	25	2
1173	rsks-1	1	25	2
1174	rsks-1	1	25	2
1175	rsks-1	1	25	2
1176	rsks-1	1	25	2
1177	rsks-1	1	25	2
1178	rsks-1	1	25	2
1179	rsks-1	1	25	2
1180	rsks-1	1	25	2
1181	rsks-1	1	25	2
1182	rsks-1	1	25	2
1183	rsks-1	1	27	2
1184	rsks-1	1	27	2
1185	rsks-1	1	27	2
1186	rsks-1	1	27	2
1187	rsks-1	1	27	2
1188	rsks-1	1	27	2
1189	rsks-1	1	27	2
1190	rsks-1	1	27	2
1191	rsks-1	1	27	2
1192	rsks-1	1	27	2
1193	rsks-1	1	27	2
1194	rsks-1	1	27	2
1195	rsks-1	1	27	2
1196	rsks-1	1	27	2
1197	rsks-1	1	29	2
1198	rsks-1	1	29	2
1199	rsks-1	1	29	2
1200	rsks-1	1	29	2
1201	rsks-1	1	32	2
1202	rsks-1	1	32	2
1203	rsks-1	1	32	2
1204	rsks-1	1	15	3
1205	rsks-1	1	22	3
1206	rsks-1	2	22	0
1207	rsks-1	2	18	0
1208	rsks-1	2	32	0
1209	rsks-1	2	32	0
1210	rsks-1	2	34	0
1211	rsks-1	2	34	0
1212	rsks-1	2	39	0
1213	rsks-1	2	39	0
1214	rsks-1	2	39	0
1215	rsks-1	2	43	0
1216	rsks-1	2	60	0
1217	rsks-1	2	22	2
1218	rsks-1	2	22	2
1219	rsks-1	2	22	2
1220	rsks-1	2	22	2
1221	rsks-1	2	22	2
1222	rsks-1	2	22	2
1223	rsks-1	2	22	2
1224	rsks-1	2	22	2
1225	rsks-1	2	22	2
1226	rsks-1	2	22	2
1227	rsks-1	2	22	2
1228	rsks-1	2	22	2
1229	rsks-1	2	22	2
1230	rsks-1	2	22	2
1231	rsks-1	2	22	2
1232	rsks-1	2	25	2
1233	rsks-1	2	25	2
1234	rsks-1	2	25	2
1235	rsks-1	2	25	2
1236	rsks-1	2	25	2
1237	rsks-1	2	25	2
1238	rsks-1	2	25	2
1239	rsks-1	2	25	2
1240	rsks-1	2	25	2
1241	rsks-1	2	25	2
1242	rsks-1	2	25	2
1243	rsks-1	2	27	2
1244	rsks-1	2	27	2
1245	rsks-1	2	27	2
1246	rsks-1	2	27	2
1247	rsks-1	2	27	2
1248	rsks-1	2	27	2
1249	rsks-1	2	27	2
1250	rsks-1	2	27	2
1251	rsks-1	2	27	2
1252	rsks-1	2	27	2
1253	rsks-1	2	27	2
1254	rsks-1	2	27	2
1255	rsks-1	2	27	2
1256	rsks-1	2	27	2
1257	rsks-1	2	27	2
1258	rsks-1	2	27	2
1259	rsks-1	2	27	2
1260	rsks-1	2	27	2
1261	rsks-1	2	27	2
1262	rsks-1	2	27	2
1263	rsks-1	2	27	2
1264	rsks-1	2	27	2
1265	rsks-1	2	29	2
1266	rsks-1	2	29	2
1267	rsks-1	2	29	2
1268	rsks-1	2	29	2
1269	rsks-1	2	29	2
1270	rsks-1	2	29	2
1271	rsks-1	2	32	2
1272	rsks-1	2	32	2
1273	rsks-1	2	32	2
1274	rsks-1	2	22	3
1275	rol-6	1	20	0
1276	rol-6	1	22	0
1277	rol-6	1	25	0
1278	rol-6	1	27	0
1279	rol-6	1	27	0
1280	rol-6	1	27	0
1281	rol-6	1	29	0
1282	rol-6	1	29	0
1283	rol-6	1	29	0
1284	rol-6	1	29	0
1285	rol-6	1	32	0
1286	rol-6	1	32	0
1287	rol-6	1	32	0
1288	rol-6	1	32	0
1289	rol-6	1	32	0
1290	rol-6	1	32	0
1291	rol-6	1	34	0
1292	rol-6	1	34	0
1293	rol-6	1	34	0
1294	rol-6	1	34	0
1295	rol-6	1	34	0
1296	rol-6	1	34	0
1297	rol-6	1	34	0
1298	rol-6	1	34	0
1299	rol-6	1	34	0
1300	rol-6	1	34	0
1301	rol-6	1	34	0
1302	rol-6	1	34	0
1303	rol-6	1	34	0
1304	rol-6	1	36	0
1305	rol-6	1	36	0
1306	rol-6	1	36	0
1307	rol-6	1	36	0
1308	rol-6	1	36	0
1309	rol-6	1	36	0
1310	rol-6	1	36	0
1311	rol-6	1	36	0
1312	rol-6	1	36	0
1313	rol-6	1	36	0
1314	rol-6	1	36	0
1315	rol-6	1	36	0
1316	rol-6	1	36	0
1317	rol-6	1	36	0
1318	rol-6	1	36	0
1319	rol-6	1	39	0
1320	rol-6	1	39	0
1321	rol-6	1	39	0
1322	rol-6	1	39	0
1323	rol-6	1	39	0
1324	rol-6	1	39	0
1325	rol-6	1	39	0
1326	rol-6	1	39	0
1327	rol-6	1	39	0
1328	rol-6	1	39	0
1329	rol-6	1	39	0
1330	rol-6	1	39	0
1331	rol-6	1	39	0
1332	rol-6	1	39	0
1333	rol-6	1	39	0
1334	rol-6	1	39	0
1335	rol-6	1	41	0
1336	rol-6	1	41	0
1337	rol-6	1	41	0
1338	rol-6	1	41	0
1339	rol-6	1	41	0
1340	rol-6	1	41	0
1341	rol-6	1	41	0
1342	rol-6	1	41	0
1343	rol-6	1	41	0
1344	rol-6	1	41	0
1345	rol-6	1	41	0
1346	rol-6	1	43	0
1347	rol-6	1	43	0
1348	rol-6	1	43	0
1349	rol-6	1	43	0
1350	rol-6	1	43	0
1351	rol-6	1	43	0
1352	rol-6	1	43	0
1353	rol-6	1	43	0
1354	rol-6	1	46	0
1355	rol-6	1	46	0
1356	rol-6	1	46	0
1357	rol-6	1	46	0
1358	rol-6	1	48	0
1359	rol-6	1	25	3
1360	rol-6	1	27	3
1361	SKN-1 (OE)	1	22	0
1362	SKN-1 (OE)	1	25	0
1363	SKN-1 (OE)	1	25	0
1364	SKN-1 (OE)	1	25	0
1365	SKN-1 (OE)	1	29	0
1366	SKN-1 (OE)	1	29	0
1367	SKN-1 (OE)	1	32	0
1368	SKN-1 (OE)	1	32	0
1369	SKN-1 (OE)	1	32	0
1370	SKN-1 (OE)	1	34	0
1371	SKN-1 (OE)	1	34	0
1372	SKN-1 (OE)	1	34	0
1373	SKN-1 (OE)	1	36	0
1374	SKN-1 (OE)	1	36	0
1375	SKN-1 (OE)	1	36	0
1376	SKN-1 (OE)	1	36	0
1377	SKN-1 (OE)	1	36	0
1378	SKN-1 (OE)	1	39	0
1379	SKN-1 (OE)	1	39	0
1380	SKN-1 (OE)	1	39	0
1381	SKN-1 (OE)	1	39	0
1382	SKN-1 (OE)	1	39	0
1383	SKN-1 (OE)	1	39	0
1384	SKN-1 (OE)	1	41	0
1385	SKN-1 (OE)	1	41	0
1386	SKN-1 (OE)	1	41	0
1387	SKN-1 (OE)	1	41	0
1388	SKN-1 (OE)	1	41	0
1389	SKN-1 (OE)	1	41	0
1390	SKN-1 (OE)	1	41	0
1391	SKN-1 (OE)	1	41	0
1392	SKN-1 (OE)	1	41	0
1393	SKN-1 (OE)	1	41	0
1394	SKN-1 (OE)	1	41	0
1395	SKN-1 (OE)	1	41	0
1396	SKN-1 (OE)	1	43	0
1397	SKN-1 (OE)	1	43	0
1398	SKN-1 (OE)	1	43	0
1399	SKN-1 (OE)	1	43	0
1400	SKN-1 (OE)	1	43	0
1401	SKN-1 (OE)	1	43	0
1402	SKN-1 (OE)	1	43	0
1403	SKN-1 (OE)	1	43	0
1404	SKN-1 (OE)	1	43	0
1405	SKN-1 (OE)	1	46	0
1406	SKN-1 (OE)	1	46	0
1407	SKN-1 (OE)	1	46	0
1408	SKN-1 (OE)	1	46	0
1409	SKN-1 (OE)	1	46	0
1410	SKN-1 (OE)	1	46	0
1411	SKN-1 (OE)	1	46	0
1412	SKN-1 (OE)	1	46	0
1413	SKN-1 (OE)	1	46	0
1414	SKN-1 (OE)	1	46	0
1415	SKN-1 (OE)	1	46	0
1416	SKN-1 (OE)	1	48	0
1417	SKN-1 (OE)	1	48	0
1418	SKN-1 (OE)	1	48	0
1419	SKN-1 (OE)	1	48	0
1420	SKN-1 (OE)	1	48	0
1421	SKN-1 (OE)	1	50	0
1422	SKN-1 (OE)	1	50	0
1423	SKN-1 (OE)	1	50	0
1424	SKN-1 (OE)	1	50	0
1425	SKN-1 (OE)	1	50	0
1426	SKN-1 (OE)	1	50	0
1427	SKN-1 (OE)	1	50	0
1428	SKN-1 (OE)	1	50	0
1429	SKN-1 (OE)	1	50	0
1430	SKN-1 (OE)	1	50	0
1431	SKN-1 (OE)	1	53	0
1432	SKN-1 (OE)	1	53	0
1433	SKN-1 (OE)	1	53	0
1434	SKN-1 (OE)	1	53	0
1435	SKN-1 (OE)	1	53	0
1436	SKN-1 (OE)	1	55	0
1437	SKN-1 (OE)	1	55	0
1438	SKN-1 (OE)	1	55	0
1439	SKN-1 (OE)	1	55	0
1440	SKN-1 (OE)	1	55	0
1441	SKN-1 (OE)	1	25	2
1442	SKN-1 (OE)	1	27	2
1443	SKN-1 (OE)	1	27	2
1444	SKN-1 (OE)	2	22	0
1445	SKN-1 (OE)	2	25	0
1446	SKN-1 (OE)	2	25	0
1447	SKN-1 (OE)	2	25	0
1448	SKN-1 (OE)	2	25	0
1449	SKN-1 (OE)	2	25	0
1450	SKN-1 (OE)	2	27	0
1451	SKN-1 (OE)	2	27	0
1452	SKN-1 (OE)	2	29	0
1453	SKN-1 (OE)	2	32	0
1454	SKN-1 (OE)	2	32	0
1455	SKN-1 (OE)	2	34	0
1456	SKN-1 (OE)	2	34	0
1457	SKN-1 (OE)	2	34	0
1458	SKN-1 (OE)	2	36	0
1459	SKN-1 (OE)	2	36	0
1460	SKN-1 (OE)	2	36	0
1461	SKN-1 (OE)	2	36	0
1462	SKN-1 (OE)	2	36	0
1463	SKN-1 (OE)	2	36	0
1464	SKN-1 (OE)	2	39	0
1465	SKN-1 (OE)	2	39	0
1466	SKN-1 (OE)	2	39	0
1467	SKN-1 (OE)	2	39	0
1468	SKN-1 (OE)	2	39	0
1469	SKN-1 (OE)	2	39	0
1470	SKN-1 (OE)	2	39	0
1471	SKN-1 (OE)	2	39	0
1472	SKN-1 (OE)	2	39	0
1473	SKN-1 (OE)	2	39	0
1474	SKN-1 (OE)	2	39	0
1475	SKN-1 (OE)	2	39	0
1476	SKN-1 (OE)	2	41	0
1477	SKN-1 (OE)	2	41	0
1478	SKN-1 (OE)	2	41	0
1479	SKN-1 (OE)	2	41	0
1480	SKN-1 (OE)	2	41	0
1481	SKN-1 (OE)	2	41	0
1482	SKN-1 (OE)	2	41	0
1483	SKN-1 (OE)	2	41	0
1484	SKN-1 (OE)	2	41	0
1485	SKN-1 (OE)	2	41	0
1486	SKN-1 (OE)	2	41	0
1487	SKN-1 (OE)	2	41	0
1488	SKN-1 (OE)	2	41	0
1489	SKN-1 (OE)	2	43	0
1490	SKN-1 (OE)	2	43	0
1491	SKN-1 (OE)	2	43	0
1492	SKN-1 (OE)	2	43	0
1493	SKN-1 (OE)	2	43	0
1494	SKN-1 (OE)	2	43	0
1495	SKN-1 (OE)	2	43	0
1496	SKN-1 (OE)	2	43	0
1497	SKN-1 (OE)	2	46	0
1498	SKN-1 (OE)	2	46	0
1499	SKN-1 (OE)	2	46	0
1500	SKN-1 (OE)	2	46	0
1501	SKN-1 (OE)	2	46	0
1502	SKN-1 (OE)	2	46	0
1503	SKN-1 (OE)	2	46	0
1504	SKN-1 (OE)	2	46	0
1505	SKN-1 (OE)	2	46	0
1506	SKN-1 (OE)	2	46	0
1507	SKN-1 (OE)	2	48	0
1508	SKN-1 (OE)	2	48	0
1509	SKN-1 (OE)	2	48	0
1510	SKN-1 (OE)	2	48	0
1511	SKN-1 (OE)	2	48	0
1512	SKN-1 (OE)	2	48	0
1513	SKN-1 (OE)	2	48	0
1514	SKN-1 (OE)	2	48	0
1515	SKN-1 (OE)	2	48	0
1516	SKN-1 (OE)	2	48	0
1517	SKN-1 (OE)	2	50	0
1518	SKN-1 (OE)	2	50	0
1519	SKN-1 (OE)	2	50	0
1520	SKN-1 (OE)	2	50	0
1521	SKN-1 (OE)	2	50	0
1522	SKN-1 (OE)	2	53	0
1523	SKN-1 (OE)	2	53	0
1524	SKN-1 (OE)	2	53	0
1525	SKN-1 (OE)	2	57	0
1526	SKN-1 (OE)	2	57	0
1527	SKN-1 (OE)	2	60	0
1528	SKN-1 (OE)	2	53	3
