strain	replicate	age.at.death	rupture			
1	hif-1	1	24	0		
2	hif-1	1	26	0		
3	hif-1	1	26	0		
4	hif-1	1	26	0		
5	hif-1	1	26	0		
6	hif-1	1	26	1		
7	hif-1	1	26	1		
8	hif-1	1	26	1		
9	hif-1	1	28	1		
10	hif-1	1	28	2		
11	hif-1	1	28	2		
12	hif-1	1	28	2		
13	hif-1	1	28	2		
14	hif-1	1	28	2		
15	hif-1	1	28	2		
16	hif-1	1	28	2		
17	hif-1	1	28	2		
18	hif-1	1	28	2		
19	hif-1	1	28	2		
20	hif-1	1	31	2		
21	hif-1	1	31	2		
22	hif-1	1	31	2		
23	hif-1	1	31	3		
24	hif-1	1	31	3		
25	hif-1	1	31	3		
26	hif-1	1	31	3		
27	hif-1	1	33	3		
28	hif-1	1	33	3		
29	hif-1	1	33	3		
30	hif-1	1	33	3		
31	hif-1	1	38	3		
32	hif-1	2	26	0		
33	hif-1	2	28	0		
34	hif-1	2	28	0		
35	hif-1	2	28	0		
36	hif-1	2	28	0		
37	hif-1	2	31	0		
38	hif-1	2	26	0		
39	hif-1	2	26	0		
40	hif-1	2	28	0		
41	hif-1	2	28	0		
42	hif-1	2	28	0		
43	hif-1	2	28	1		
44	hif-1	2	28	1		
45	hif-1	2	28	2		
46	hif-1	2	28	2		
47	hif-1	2	28	2		
48	hif-1	2	31	2		
49	hif-1	2	31	2		
50	hif-1	2	31	2		
51	hif-1	2	31	2		
52	hif-1	2	31	2		
53	hif-1	2	31	2		
54	hif-1	2	31	2		
55	hif-1	2	31	2		
56	hif-1	2	31	2		
57	hif-1	2	31	2		
58	hif-1	2	31	2		
59	hif-1	2	31	2		
60	hif-1	2	31	3		
61	hif-1	2	31	3		
62	hif-1	2	31	3		
63	hif-1	2	31	3		
64	hif-1	2	31	3		
65	hif-1	3	31	0		
66	hif-1	3	33	0		
67	hif-1	3	33	0		
68	hif-1	3	33	0		
69	hif-1	3	33	0		
70	hif-1	3	33	0		
71	hif-1	3	33	0		
72	hif-1	3	33	0		
73	hif-1	3	33	0		
74	hif-1	3	33	0		
75	hif-1	3	33	0		
76	hif-1	3	33	0		
77	hif-1	3	33	0		
78	hif-1	3	33	0		
79	hif-1	3	33	0		
80	hif-1	3	26	2		
81	hif-1	3	26	2		
82	hif-1	3	26	2		
83	hif-1	3	26	2		
84	hif-1	3	28	2		
85	hif-1	3	28	2		
86	hif-1	3	28	2		
87	hif-1	3	28	2		
88	hif-1	3	28	2		
89	hif-1	3	28	2		
90	hif-1	3	28	2		
91	hif-1	3	31	2		
92	hif-1	3	31	2		
93	hif-1	3	31	2		
94	hif-1	3	33	3		
95	hif-1	3	33	3		
96	hif-1	3	35	3		
97	vhl-1	1	33	0		
98	vhl-1	1	33	0		
99	vhl-1	1	35	0		
100	vhl-1	1	38	0		
101	vhl-1	1	42	0		
102	vhl-1	1	42	0		
103	vhl-1	1	42	0		
104	vhl-1	1	42	0		
105	vhl-1	1	42	0		
106	vhl-1	1	42	0		
107	vhl-1	1	42	0		
108	vhl-1	1	42	0		
109	vhl-1	1	42	0		
110	vhl-1	1	45	0		
111	vhl-1	1	45	0		
112	vhl-1	1	45	0		
113	vhl-1	1	45	0		
114	vhl-1	1	45	0		
115	vhl-1	1	45	0		
116	vhl-1	1	47	0		
117	vhl-1	1	47	0		
118	vhl-1	1	47	0		
119	vhl-1	1	47	0		
120	vhl-1	1	47	0		
121	vhl-1	1	47	0		
122	vhl-1	1	59	0		
123	vhl-1	1	59	0		
124	vhl-1	1	61	0		
125	vhl-1	2	26	0		
126	vhl-1	2	31	0		
127	vhl-1	2	33	0		
128	vhl-1	2	33	0		
129	vhl-1	2	33	0		
130	vhl-1	2	33	0		
131	vhl-1	2	33	0		
132	vhl-1	2	35	0		
133	vhl-1	2	35	0		
134	vhl-1	2	35	0		
135	vhl-1	2	35	0		
136	vhl-1	2	38	0		
137	vhl-1	2	38	0		
138	vhl-1	2	38	0		
139	vhl-1	2	38	0		
140	vhl-1	2	38	0		
141	vhl-1	2	42	0		
142	vhl-1	2	42	0		
143	vhl-1	2	42	0		
144	vhl-1	2	42	0		
145	vhl-1	2	45	0		
146	vhl-1	2	45	0		
147	vhl-1	2	45	0		
148	vhl-1	2	45	0		
149	vhl-1	2	45	0		
150	vhl-1	2	45	0		
151	vhl-1	2	47	0		
152	vhl-1	2	47	0		
153	vhl-1	2	47	0		
154	vhl-1	2	47	0		
155	vhl-1	2	49	0		
156	vhl-1	2	52	0		
157	vhl-1	3	28	0		
158	vhl-1	3	31	0		
159	vhl-1	3	33	0		
160	vhl-1	3	33	0		
161	vhl-1	3	35	0		
162	vhl-1	3	35	0		
163	vhl-1	3	35	0		
164	vhl-1	3	35	0		
165	vhl-1	3	35	0		
166	vhl-1	3	35	0		
167	vhl-1	3	35	0		
168	vhl-1	3	42	0		
169	vhl-1	3	42	0		
170	vhl-1	3	42	0		
171	vhl-1	3	42	0		
172	vhl-1	3	42	0		
173	vhl-1	3	42	0		
174	vhl-1	3	45	0		
175	vhl-1	3	45	0		
176	vhl-1	3	45	0		
177	vhl-1	3	45	0		
178	vhl-1	3	45	0		
179	vhl-1	3	47	0		
180	vhl-1	3	47	0		
181	vhl-1	3	49	0		
182	vhl-1	3	52	0		
183	vhl-1	3	52	0		
184	vhl-1	3	54	0		
185	N2	1	19	0		
186	N2	1	19	0		
187	N2	1	21	0		
188	N2	1	21	0		
189	N2	1	21	0		
190	N2	1	21	0		
191	N2	1	21	0		
192	N2	1	24	0		
193	N2	1	24	0		
194	N2	1	24	0		
195	N2	1	24	0		
196	N2	1	24	0		
197	N2	1	24	0		
198	N2	1	24	0		
199	N2	1	24	0		
200	N2	1	26	0		
201	N2	1	26	0		
202	N2	1	26	2		
203	N2	1	26	2		
204	N2	1	26	2		
205	N2	1	26	2		
206	N2	1	26	2		
207	N2	1	26	2		
208	N2	1	28	2		
209	N2	1	28	2		
210	N2	1	28	3		
211	N2	1	28	3		
212	N2	1	28	3		
213	N2	1	28	3		
214	N2	1	28	3		
215	N2	1	28	3		
216	N2	1	28	3		
217	N2	1	28	3		
218	N2	1	28	3		
219	N2	1	28	3		
220	N2	2	28	0		
221	N2	2	28	0		
222	N2	2	28	0		
223	N2	2	31	0		
224	N2	2	31	0		
225	N2	2	31	0		
226	N2	2	31	0		
227	N2	2	24	2		
228	N2	2	24	2		
229	N2	2	26	2		
230	N2	2	26	2		
231	N2	2	26	2		
232	N2	2	26	2		
233	N2	2	26	2		
234	N2	2	26	2		
235	N2	2	26	3		
236	N2	2	26	3		
237	N2	2	26	3		
238	N2	2	28	3		
239	N2	2	28	3		
240	N2	2	28	3		
241	N2	2	28	3		
242	N2	2	28	3		
243	N2	2	28	3		
244	N2	2	28	3		
245	N2	2	28	3		
246	N2	2	28	3		
247	N2	2	28	3		
248	N2	2	28	3		
249	N2	2	28	3		
250	N2	2	31	3		
251	N2	3	33	0		
252	N2	3	21	0		
253	N2	3	21	0		
254	N2	3	24	0		
255	N2	3	24	0		
256	N2	3	24	0		
257	N2	3	24	0		
258	N2	3	24	0		
259	N2	3	24	0		
260	N2	3	24	0		
261	N2	3	24	0		
262	N2	3	24	0		
263	N2	3	26	0		
264	N2	3	26	0		
265	N2	3	26	0		
266	N2	3	26	0		
267	N2	3	26	0		
268	N2	3	26	0		
269	N2	3	26	2		
270	N2	3	26	2		
271	N2	3	26	2		
272	N2	3	26	2		
273	N2	3	26	2		
274	N2	3	26	2		
275	N2	3	26	2		
276	N2	3	28	2		
277	N2	3	28	2		
278	N2	3	28	3		
279	N2	3	28	3		
280	N2	3	28	3		
281	N2	3	28	3		
282	N2	3	28	3		
