strain	replicate	age.at.death	rupture	
1	N2	1	10	0
2	N2	1	10	0
3	N2	1	15	0
4	N2	1	15	0
5	N2	1	15	0
6	N2	1	15	0
7	N2	1	15	0
8	N2	1	17	0
9	N2	1	17	0
10	N2	1	17	0
11	N2	1	19	0
12	N2	1	19	0
13	N2	1	19	0
14	N2	1	19	0
15	N2	1	19	0
16	N2	1	19	0
17	N2	1	19	0
18	N2	1	19	0
19	N2	1	19	0
20	N2	1	19	0
21	N2	1	19	0
22	N2	1	19	0
23	N2	1	19	0
24	N2	1	19	0
25	N2	1	19	0
26	N2	1	22	0
27	N2	1	22	0
28	N2	1	22	0
29	N2	1	22	0
30	N2	1	22	0
31	N2	1	22	0
32	N2	1	22	0
33	N2	1	22	0
34	N2	1	22	0
35	N2	1	22	0
36	N2	1	22	0
37	N2	1	22	0
38	N2	1	24	0
39	N2	1	24	0
40	N2	1	24	0
41	N2	1	26	0
42	N2	1	26	0
43	N2	1	26	0
44	N2	1	26	0
45	N2	1	26	0
46	N2	1	26	0
47	N2	1	26	0
48	N2	1	26	0
49	N2	1	26	0
50	N2	1	26	0
51	N2	1	29	0
52	N2	1	29	0
53	N2	1	29	0
54	N2	1	29	0
55	N2	1	29	0
56	N2	1	29	0
57	N2	1	29	0
58	N2	1	29	0
59	N2	1	29	0
60	N2	1	29	0
61	N2	1	29	0
62	N2	1	29	0
63	N2	1	29	0
64	N2	1	29	0
65	N2	1	29	0
66	N2	1	29	0
67	N2	1	29	0
68	N2	1	31	0
69	N2	1	31	0
70	N2	1	31	0
71	N2	1	31	0
72	N2	1	31	0
73	N2	1	31	0
74	N2	1	33	0
75	N2	1	36	0
76	N2	1	36	0
77	N2	1	36	0
78	N2	1	36	0
79	N2	1	38	0
80	N2	1	38	0
81	N2	1	38	0
82	N2	1	45	0
83	N2	1	19	1
84	N2	1	19	1
85	N2	1	19	1
86	N2	1	19	1
87	N2	1	24	1
88	N2	1	24	1
89	N2	1	24	1
90	N2	1	24	1
91	N2	1	24	1
92	N2	1	29	1
93	N2	1	31	1
94	N2	1	15	2
95	N2	1	15	2
96	N2	1	17	2
97	N2	1	17	2
98	N2	1	17	2
99	N2	1	17	2
100	N2	1	19	2
101	N2	1	19	2
102	N2	1	22	2
103	N2	1	22	2
104	N2	1	22	2
105	N2	1	22	2
106	N2	1	22	2
107	N2	1	22	2
108	N2	1	22	2
109	N2	1	22	2
110	N2	1	22	2
111	N2	1	22	2
112	N2	1	22	2
113	N2	1	22	2
114	N2	1	22	2
115	N2	1	22	2
116	N2	1	22	2
117	N2	1	22	2
118	N2	1	24	2
119	N2	1	24	2
120	N2	1	24	2
121	N2	1	24	2
122	N2	1	29	2
123	N2	1	29	2
124	N2	1	31	2
125	N2	1	15	3
126	N2	1	17	3
127	N2	1	31	3
128	N2	1	31	3
129	N2	2	17	0
130	N2	2	33	0
131	N2	2	33	0
132	N2	2	45	1
133	N2	2	15	2
134	N2	2	17	2
135	N2	2	17	2
136	N2	2	19	2
137	N2	2	22	2
138	N2	2	24	2
139	N2	2	26	2
140	N2	2	26	2
141	N2	2	26	2
142	N2	2	29	2
143	N2	2	29	2
144	N2	2	29	2
145	N2	2	31	2
146	N2	2	31	2
147	N2	2	36	2
148	N2	2	40	2
149	N2	2	15	3
150	N2	2	17	3
151	N2	2	17	3
152	N2	2	17	3
153	N2	2	17	3
154	N2	2	17	3
155	N2	2	19	3
156	N2	2	19	3
157	N2	2	19	3
158	N2	2	19	3
159	N2	2	19	3
160	N2	2	22	3
161	N2	2	22	3
162	N2	2	22	3
163	N2	2	22	3
164	N2	2	22	3
165	N2	2	22	3
166	N2	2	22	3
167	N2	2	22	3
168	N2	2	22	3
169	N2	2	22	3
170	N2	2	22	3
171	N2	2	22	3
172	N2	2	22	3
173	N2	2	22	3
174	N2	2	22	3
175	N2	2	24	3
176	N2	2	26	3
177	N2	2	26	3
178	hif-1	1	10	0
179	hif-1	1	10	0
180	hif-1	1	10	0
181	hif-1	1	15	0
182	hif-1	1	15	0
183	hif-1	1	15	0
184	hif-1	1	15	0
185	hif-1	1	15	0
186	hif-1	1	17	0
187	hif-1	1	17	0
188	hif-1	1	17	0
189	hif-1	1	19	0
190	hif-1	1	19	0
191	hif-1	1	19	0
192	hif-1	1	22	0
193	hif-1	1	22	0
194	hif-1	1	22	0
195	hif-1	1	22	0
196	hif-1	1	22	0
197	hif-1	1	22	0
198	hif-1	1	22	0
199	hif-1	1	22	0
200	hif-1	1	22	0
201	hif-1	1	22	0
202	hif-1	1	22	0
203	hif-1	1	22	0
204	hif-1	1	22	0
205	hif-1	1	22	0
206	hif-1	1	22	0
207	hif-1	1	22	0
208	hif-1	1	22	0
209	hif-1	1	22	0
210	hif-1	1	22	0
211	hif-1	1	22	0
212	hif-1	1	22	0
213	hif-1	1	22	0
214	hif-1	1	24	0
215	hif-1	1	24	0
216	hif-1	1	24	0
217	hif-1	1	24	0
218	hif-1	1	24	0
219	hif-1	1	24	0
220	hif-1	1	24	0
221	hif-1	1	24	0
222	hif-1	1	24	0
223	hif-1	1	24	0
224	hif-1	1	24	0
225	hif-1	1	24	0
226	hif-1	1	24	0
227	hif-1	1	24	0
228	hif-1	1	24	0
229	hif-1	1	24	0
230	hif-1	1	24	0
231	hif-1	1	24	0
232	hif-1	1	24	0
233	hif-1	1	26	0
234	hif-1	1	26	0
235	hif-1	1	26	0
236	hif-1	1	26	0
237	hif-1	1	26	0
238	hif-1	1	26	0
239	hif-1	1	26	0
240	hif-1	1	26	0
241	hif-1	1	26	0
242	hif-1	1	26	0
243	hif-1	1	26	0
244	hif-1	1	26	0
245	hif-1	1	26	0
246	hif-1	1	26	0
247	hif-1	1	26	0
248	hif-1	1	26	0
249	hif-1	1	26	0
250	hif-1	1	26	0
251	hif-1	1	26	0
252	hif-1	1	26	0
253	hif-1	1	26	0
254	hif-1	1	29	0
255	hif-1	1	29	0
256	hif-1	1	29	0
257	hif-1	1	29	0
258	hif-1	1	29	0
259	hif-1	1	29	0
260	hif-1	1	29	0
261	hif-1	1	29	0
262	hif-1	1	29	0
263	hif-1	1	29	0
264	hif-1	1	29	0
265	hif-1	1	29	0
266	hif-1	1	29	0
267	hif-1	1	29	0
268	hif-1	1	29	0
269	hif-1	1	29	0
270	hif-1	1	29	0
271	hif-1	1	29	0
272	hif-1	1	29	0
273	hif-1	1	29	0
274	hif-1	1	29	0
275	hif-1	1	29	0
276	hif-1	1	29	0
277	hif-1	1	29	0
278	hif-1	1	29	0
279	hif-1	1	29	0
280	hif-1	1	29	0
281	hif-1	1	29	0
282	hif-1	1	29	0
283	hif-1	1	29	0
284	hif-1	1	31	0
285	hif-1	1	31	0
286	hif-1	1	31	0
287	hif-1	1	31	0
288	hif-1	1	31	0
289	hif-1	1	31	0
290	hif-1	1	31	0
291	hif-1	1	31	0
292	hif-1	1	31	0
293	hif-1	1	31	0
294	hif-1	1	31	0
295	hif-1	1	31	0
296	hif-1	1	31	0
297	hif-1	1	31	0
298	hif-1	1	31	0
299	hif-1	1	31	0
300	hif-1	1	31	0
301	hif-1	1	33	0
302	hif-1	1	33	0
303	hif-1	1	33	0
304	hif-1	1	33	0
305	hif-1	1	33	0
306	hif-1	1	33	0
307	hif-1	1	33	0
308	hif-1	1	38	0
309	hif-1	1	15	2
310	hif-1	1	15	2
311	hif-1	1	15	2
312	hif-1	1	15	2
313	hif-1	1	17	2
314	hif-1	1	17	2
315	hif-1	1	17	2
316	hif-1	1	17	2
317	hif-1	1	22	2
318	hif-1	1	22	2
319	hif-1	1	22	2
320	hif-1	1	22	2
321	hif-1	1	22	2
322	hif-1	1	22	2
323	hif-1	2	10	0
324	hif-1	2	22	0
325	hif-1	2	22	0
326	hif-1	2	22	0
327	hif-1	2	22	0
328	hif-1	2	22	0
329	hif-1	2	22	0
330	hif-1	2	22	0
331	hif-1	2	24	0
332	hif-1	2	24	0
333	hif-1	2	26	0
334	hif-1	2	26	0
335	hif-1	2	26	0
336	hif-1	2	26	0
337	hif-1	2	26	0
338	hif-1	2	26	0
339	hif-1	2	26	0
340	hif-1	2	26	0
341	hif-1	2	26	0
342	hif-1	2	26	0
343	hif-1	2	29	0
344	hif-1	2	29	0
345	hif-1	2	29	0
346	hif-1	2	29	0
347	hif-1	2	29	0
348	hif-1	2	29	0
349	hif-1	2	29	0
350	hif-1	2	29	0
351	hif-1	2	29	0
352	hif-1	2	31	0
353	hif-1	2	31	0
354	hif-1	2	31	0
355	hif-1	2	31	0
356	hif-1	2	31	0
357	hif-1	2	31	0
358	hif-1	2	33	0
359	hif-1	2	33	0
360	hif-1	2	33	0
361	hif-1	2	33	0
362	hif-1	2	36	0
363	hif-1	2	36	0
364	hif-1	2	38	0
365	hif-1	2	10	2
366	vhl-1	1	15	0
367	vhl-1	1	15	0
368	vhl-1	1	24	0
369	vhl-1	1	29	0
370	vhl-1	1	31	0
371	vhl-1	1	31	0
372	vhl-1	1	33	0
373	vhl-1	1	33	0
374	vhl-1	1	33	0
375	vhl-1	1	36	0
376	vhl-1	1	36	0
377	vhl-1	1	36	0
378	vhl-1	1	36	0
379	vhl-1	1	36	0
380	vhl-1	1	36	0
381	vhl-1	1	36	0
382	vhl-1	1	36	0
383	vhl-1	1	36	0
384	vhl-1	1	38	0
385	vhl-1	1	38	0
386	vhl-1	1	38	0
387	vhl-1	1	38	0
388	vhl-1	1	38	0
389	vhl-1	1	40	0
390	vhl-1	1	40	0
391	vhl-1	1	40	0
392	vhl-1	1	40	0
393	vhl-1	1	40	0
394	vhl-1	1	40	0
395	vhl-1	1	43	0
396	vhl-1	1	43	0
397	vhl-1	1	43	0
398	vhl-1	1	43	0
399	vhl-1	1	43	0
400	vhl-1	1	43	0
401	vhl-1	1	43	0
402	vhl-1	1	43	0
403	vhl-1	1	43	0
404	vhl-1	1	43	0
405	vhl-1	1	43	0
406	vhl-1	1	43	0
407	vhl-1	1	43	0
408	vhl-1	1	43	0
409	vhl-1	1	43	0
410	vhl-1	1	43	0
411	vhl-1	1	43	0
412	vhl-1	1	45	0
413	vhl-1	1	45	0
414	vhl-1	1	45	0
415	vhl-1	1	45	0
416	vhl-1	1	45	0
417	vhl-1	1	45	0
418	vhl-1	1	45	0
419	vhl-1	1	45	0
420	vhl-1	1	47	0
421	vhl-1	1	47	0
422	vhl-1	1	47	0
423	vhl-1	1	50	0
424	vhl-1	1	50	0
425	vhl-1	1	52	0
426	vhl-1	1	52	0
427	vhl-1	1	54	0
428	vhl-1	1	54	0
429	vhl-1	1	59	0
430	vhl-1	1	22	2
431	vhl-1	1	22	2
432	vhl-1	1	36	2
433	vhl-1	2	15	0
434	vhl-1	2	17	0
435	vhl-1	2	19	0
436	vhl-1	2	24	0
437	vhl-1	2	26	0
438	vhl-1	2	26	0
439	vhl-1	2	26	0
440	vhl-1	2	26	0
441	vhl-1	2	26	0
442	vhl-1	2	26	0
443	vhl-1	2	26	0
444	vhl-1	2	29	0
445	vhl-1	2	29	0
446	vhl-1	2	29	0
447	vhl-1	2	29	0
448	vhl-1	2	29	0
449	vhl-1	2	29	0
450	vhl-1	2	29	0
451	vhl-1	2	31	0
452	vhl-1	2	31	0
453	vhl-1	2	31	0
454	vhl-1	2	31	0
455	vhl-1	2	31	0
456	vhl-1	2	33	0
457	vhl-1	2	33	0
458	vhl-1	2	33	0
459	vhl-1	2	33	0
460	vhl-1	2	36	0
461	vhl-1	2	36	0
462	vhl-1	2	36	0
463	vhl-1	2	38	0
464	vhl-1	2	38	0
465	vhl-1	2	38	0
