strain	replicate	age.at.death	rupture	
1	N2	1	26	0
2	N2	1	26	0
3	N2	1	30	0
4	N2	1	30	0
5	N2	1	30	0
6	N2	1	30	0
7	N2	1	30	0
8	N2	1	30	0
9	N2	1	30	0
10	N2	1	30	0
11	N2	1	34	0
12	N2	1	34	0
13	N2	1	37	0
14	N2	1	39	0
15	N2	1	24	2
16	N2	1	24	2
17	N2	1	26	2
18	N2	1	26	2
19	N2	1	30	2
20	N2	1	30	2
21	N2	1	30	2
22	N2	1	30	2
23	N2	1	30	2
24	N2	1	30	2
25	N2	1	30	2
26	N2	1	30	2
27	N2	1	32	2
28	N2	1	32	2
29	N2	1	34	2
30	N2	1	34	2
31	N2	1	39	2
32	N2	1	18	3
33	N2	1	18	3
34	N2	1	18	3
35	N2	1	18	3
36	N2	1	24	3
37	N2	1	24	3
38	N2	1	24	3
39	N2	1	24	3
40	N2	1	26	3
41	N2	1	26	3
42	N2	1	26	3
43	N2	1	26	3
44	N2	1	30	3
45	N2	1	30	3
46	N2	1	32	3
47	N2	1	32	3
48	N2	1	32	3
49	N2	1	37	3
50	N2	1	24	0
51	N2	1	24	0
52	N2	1	24	0
53	N2	1	26	0
54	N2	1	26	0
55	N2	1	26	0
56	N2	1	26	0
57	N2	1	30	0
58	N2	1	30	0
59	N2	1	30	0
60	N2	1	30	0
61	N2	1	30	0
62	N2	1	30	0
63	N2	1	30	0
64	N2	1	30	0
65	N2	1	32	0
66	N2	1	34	0
67	N2	1	37	0
68	N2	1	39	0
69	N2	1	39	0
70	N2	1	39	0
71	N2	1	41	0
72	N2	1	41	0
73	N2	1	45	0
74	N2	2	24	2
75	N2	2	24	2
76	N2	2	26	2
77	N2	2	26	2
78	N2	2	26	2
79	N2	2	30	2
80	N2	2	30	2
81	N2	2	30	2
82	N2	2	30	2
83	N2	2	30	2
84	N2	2	30	2
85	N2	2	30	2
86	N2	2	30	2
87	N2	2	30	2
88	N2	2	30	2
89	N2	2	30	2
90	N2	2	30	2
91	N2	2	30	2
92	N2	2	30	2
93	N2	2	30	2
94	N2	2	30	2
95	N2	2	32	2
96	N2	2	32	2
97	N2	2	32	2
98	N2	2	34	2
99	N2	2	34	2
100	N2	2	34	2
101	N2	2	34	2
102	N2	2	34	2
103	N2	2	37	2
104	N2	2	37	2
105	N2	2	39	2
106	N2	2	18	3
107	N2	2	18	3
108	N2	2	18	3
109	N2	2	18	3
110	N2	2	18	3
111	N2	2	24	3
112	N2	2	24	3
113	N2	2	24	3
114	N2	2	24	3
115	N2	2	24	3
116	N2	2	24	3
117	N2	2	24	3
118	N2	2	24	3
119	N2	2	24	3
120	N2	2	24	3
121	N2	2	24	3
122	N2	2	26	3
123	N2	2	26	3
124	N2	2	26	3
125	N2	2	26	3
126	N2	2	26	3
127	N2	2	26	3
128	N2	2	26	3
129	N2	2	30	3
130	N2	2	30	3
131	N2	2	30	3
132	N2	2	30	3
133	N2	2	30	3
134	N2	2	30	3
135	N2	2	30	3
136	N2	2	30	3
137	N2	2	30	3
138	N2	2	32	3
139	N2	2	32	3
140	N2	2	32	3
141	N2	2	34	3
142	N2	2	34	3
143	N2	2	37	3
144	N2	2	37	3
145	hif-1	1	18	0
146	hif-1	1	18	0
147	hif-1	1	24	0
148	hif-1	1	24	0
149	hif-1	1	24	0
150	hif-1	1	24	0
151	hif-1	1	26	0
152	hif-1	1	26	0
153	hif-1	1	26	0
154	hif-1	1	26	0
155	hif-1	1	30	0
156	hif-1	1	30	0
157	hif-1	1	30	0
158	hif-1	1	30	0
159	hif-1	1	30	0
160	hif-1	1	30	0
161	hif-1	1	30	0
162	hif-1	1	30	0
163	hif-1	1	30	0
164	hif-1	1	30	0
165	hif-1	1	30	0
166	hif-1	1	30	0
167	hif-1	1	30	0
168	hif-1	1	30	0
169	hif-1	1	30	0
170	hif-1	1	30	0
171	hif-1	1	30	0
172	hif-1	1	30	0
173	hif-1	1	30	0
174	hif-1	1	30	0
175	hif-1	1	30	0
176	hif-1	1	30	0
177	hif-1	1	30	0
178	hif-1	1	32	0
179	hif-1	1	32	0
180	hif-1	1	34	0
181	hif-1	1	34	0
182	hif-1	1	34	0
183	hif-1	1	34	0
184	hif-1	1	37	0
185	hif-1	1	37	0
186	hif-1	1	37	0
187	hif-1	1	37	0
188	hif-1	1	37	0
189	hif-1	1	37	0
190	hif-1	1	37	0
191	hif-1	1	37	0
192	hif-1	1	37	0
193	hif-1	1	37	0
194	hif-1	1	37	0
195	hif-1	1	37	0
196	hif-1	1	37	0
197	hif-1	1	37	0
198	hif-1	1	37	0
199	hif-1	1	37	0
200	hif-1	1	37	0
201	hif-1	1	37	0
202	hif-1	1	37	0
203	hif-1	1	37	0
204	hif-1	1	37	0
205	hif-1	1	37	0
206	hif-1	1	37	0
207	hif-1	1	39	0
208	hif-1	1	39	0
209	hif-1	1	39	0
210	hif-1	1	39	0
211	hif-1	1	39	0
212	hif-1	1	39	0
213	hif-1	1	39	0
214	hif-1	1	39	0
215	hif-1	1	39	0
216	hif-1	1	39	0
217	hif-1	1	39	0
218	hif-1	1	41	0
219	hif-1	1	41	0
220	hif-1	1	41	0
221	hif-1	1	41	0
222	hif-1	1	41	0
223	hif-1	1	41	0
224	hif-1	1	45	0
225	hif-1	1	45	0
226	hif-1	1	45	0
227	hif-1	1	45	0
228	hif-1	1	45	0
229	hif-1	1	45	0
230	hif-1	1	45	0
231	hif-1	1	45	0
232	hif-1	1	45	0
233	hif-1	1	45	0
234	hif-1	1	45	0
235	hif-1	1	45	0
236	hif-1	1	51	0
237	hif-1	1	24	2
238	hif-1	1	24	2
239	hif-1	1	26	2
240	hif-1	1	26	2
241	hif-1	1	30	2
242	hif-1	1	30	2
243	hif-1	1	30	2
244	hif-1	1	30	2
245	hif-1	1	30	2
246	hif-1	1	30	2
247	hif-1	1	30	2
248	hif-1	1	30	2
249	hif-1	1	30	2
250	hif-1	1	30	2
251	hif-1	1	30	2
252	hif-1	1	30	2
253	hif-1	1	30	2
254	hif-1	1	30	2
255	hif-1	1	30	2
256	hif-1	1	32	2
257	hif-1	1	32	2
258	hif-1	1	32	2
259	hif-1	1	32	2
260	hif-1	1	32	2
261	hif-1	1	32	2
262	hif-1	1	34	2
263	hif-1	1	34	2
264	hif-1	1	34	2
265	hif-1	1	34	2
266	hif-1	1	37	2
267	hif-1	1	37	2
268	hif-1	1	39	2
269	hif-1	1	39	2
270	hif-1	1	39	2
271	hif-1	1	39	2
272	hif-1	1	41	2
273	hif-1	1	41	2
274	hif-1	1	18	3
275	hif-1	1	24	3
276	hif-1	1	24	3
277	hif-1	1	24	3
278	hif-1	1	26	3
279	hif-1	1	26	3
280	hif-1	1	26	3
281	hif-1	1	26	3
282	hif-1	1	26	3
283	hif-1	1	26	3
284	hif-1	1	26	3
285	hif-1	1	26	3
286	hif-1	1	26	3
287	hif-1	1	30	3
288	hif-1	1	30	3
289	hif-1	1	30	3
290	hif-1	1	32	3
291	hif-1	1	32	3
292	hif-1	1	34	3
293	hif-1	1	34	3
294	hif-1	1	39	3
295	hif-1	1	41	3
296	hif-1	1	18	0
297	hif-1	1	24	0
298	hif-1	1	24	0
299	hif-1	1	26	0
300	hif-1	1	30	0
301	hif-1	1	30	0
302	hif-1	1	39	0
303	hif-1	1	39	0
304	hif-1	1	39	0
305	hif-1	1	41	0
306	hif-1	1	41	0
307	hif-1	1	41	0
308	hif-1	2	24	2
309	hif-1	2	26	2
310	hif-1	2	30	2
311	hif-1	2	30	2
312	hif-1	2	30	2
313	hif-1	2	30	2
314	hif-1	2	30	2
315	hif-1	2	30	2
316	hif-1	2	30	2
317	hif-1	2	30	2
318	hif-1	2	30	2
319	hif-1	2	30	2
320	hif-1	2	30	2
321	hif-1	2	30	2
322	hif-1	2	30	2
323	hif-1	2	30	2
324	hif-1	2	32	2
325	hif-1	2	32	2
326	hif-1	2	39	2
327	hif-1	2	41	2
328	hif-1	2	18	3
329	hif-1	2	18	3
330	hif-1	2	18	3
331	hif-1	2	24	3
332	hif-1	2	24	3
333	hif-1	2	24	3
334	hif-1	2	24	3
335	hif-1	2	26	3
336	hif-1	2	26	3
337	hif-1	2	26	3
338	hif-1	2	26	3
339	hif-1	2	26	3
340	hif-1	2	26	3
341	hif-1	2	26	3
342	hif-1	2	26	3
343	hif-1	2	30	3
344	hif-1	2	30	3
345	hif-1	2	30	3
346	hif-1	2	30	3
347	hif-1	2	30	3
348	hif-1	2	30	3
349	hif-1	2	30	3
350	vhl-1	1	18	0
351	vhl-1	1	18	0
352	vhl-1	1	24	0
353	vhl-1	1	24	0
354	vhl-1	1	24	0
355	vhl-1	1	24	0
356	vhl-1	1	26	0
357	vhl-1	1	32	0
358	vhl-1	1	32	0
359	vhl-1	1	32	0
360	vhl-1	1	34	0
361	vhl-1	1	34	0
362	vhl-1	1	34	0
363	vhl-1	1	34	0
364	vhl-1	1	37	0
365	vhl-1	1	37	0
366	vhl-1	1	37	0
367	vhl-1	1	39	0
368	vhl-1	1	41	0
369	vhl-1	1	41	0
370	vhl-1	1	41	0
371	vhl-1	1	41	0
372	vhl-1	1	41	0
373	vhl-1	1	41	0
374	vhl-1	1	41	0
375	vhl-1	1	41	0
376	vhl-1	1	45	0
377	vhl-1	1	45	0
378	vhl-1	1	45	0
379	vhl-1	1	45	0
380	vhl-1	1	45	0
381	vhl-1	1	45	0
382	vhl-1	1	45	0
383	vhl-1	1	45	0
384	vhl-1	1	45	0
385	vhl-1	1	45	0
386	vhl-1	1	45	0
387	vhl-1	1	45	0
388	vhl-1	1	45	0
389	vhl-1	1	45	0
390	vhl-1	1	45	0
391	vhl-1	1	45	0
392	vhl-1	1	45	0
393	vhl-1	1	45	0
394	vhl-1	1	45	0
395	vhl-1	1	45	0
396	vhl-1	1	45	0
397	vhl-1	1	45	0
398	vhl-1	1	45	0
399	vhl-1	1	45	0
400	vhl-1	1	45	0
401	vhl-1	1	45	0
402	vhl-1	1	45	0
403	vhl-1	1	45	0
404	vhl-1	1	45	0
405	vhl-1	1	45	0
406	vhl-1	1	48	0
407	vhl-1	1	51	0
408	vhl-1	1	51	0
409	vhl-1	1	26	2
410	vhl-1	1	26	2
411	vhl-1	1	30	2
412	vhl-1	1	30	2
413	vhl-1	1	32	2
414	vhl-1	1	32	2
415	vhl-1	1	32	2
416	vhl-1	1	32	2
417	vhl-1	1	32	2
418	vhl-1	1	32	2
419	vhl-1	1	34	2
420	vhl-1	1	37	2
421	vhl-1	1	37	2
422	vhl-1	1	37	2
423	vhl-1	1	37	2
424	vhl-1	1	39	2
425	vhl-1	1	39	2
426	vhl-1	1	39	2
427	vhl-1	1	41	2
428	vhl-1	1	41	2
429	vhl-1	1	45	2
430	vhl-1	1	24	3
431	vhl-1	1	26	3
432	vhl-1	1	34	3
433	vhl-1	1	18	0
434	vhl-1	1	18	0
435	vhl-1	1	24	0
436	vhl-1	1	26	0
437	vhl-1	1	26	0
438	vhl-1	1	26	0
439	vhl-1	1	30	0
440	vhl-1	1	32	0
441	vhl-1	1	32	0
442	vhl-1	1	34	0
443	vhl-1	1	34	0
444	vhl-1	1	34	0
445	vhl-1	1	37	0
446	vhl-1	1	37	0
447	vhl-1	1	39	0
448	vhl-1	1	39	0
449	vhl-1	1	39	0
450	vhl-1	1	39	0
451	vhl-1	1	41	0
452	vhl-1	1	41	0
453	vhl-1	1	41	0
454	vhl-1	1	41	0
455	vhl-1	1	41	0
456	vhl-1	1	41	0
457	vhl-1	1	41	0
458	vhl-1	1	41	0
459	vhl-1	1	41	0
460	vhl-1	1	45	0
461	vhl-1	1	45	0
462	vhl-1	1	45	0
463	vhl-1	1	45	0
464	vhl-1	1	45	0
465	vhl-1	1	45	0
466	vhl-1	1	45	0
467	vhl-1	1	45	0
468	vhl-1	1	45	0
469	vhl-1	1	45	0
470	vhl-1	1	45	0
471	vhl-1	1	45	0
472	vhl-1	1	45	0
473	vhl-1	1	45	0
474	vhl-1	1	45	0
475	vhl-1	1	48	0
476	vhl-1	1	48	0
477	vhl-1	1	48	0
478	vhl-1	1	51	0
479	vhl-1	2	32	2
480	vhl-1	2	34	2
481	vhl-1	2	39	2
482	vhl-1	2	39	2
483	vhl-1	2	41	2
484	vhl-1	2	41	2
485	vhl-1	2	41	2
486	vhl-1	2	18	3
487	vhl-1	2	24	3
488	hif-1(ia07)	1	18	0
489	hif-1(ia07)	1	18	0
490	hif-1(ia07)	1	24	0
491	hif-1(ia07)	1	24	0
492	hif-1(ia07)	1	24	0
493	hif-1(ia07)	1	24	0
494	hif-1(ia07)	1	24	0
495	hif-1(ia07)	1	24	0
496	hif-1(ia07)	1	26	0
497	hif-1(ia07)	1	26	0
498	hif-1(ia07)	1	26	0
499	hif-1(ia07)	1	26	0
500	hif-1(ia07)	1	26	0
501	hif-1(ia07)	1	26	0
502	hif-1(ia07)	1	26	0
503	hif-1(ia07)	1	26	0
504	hif-1(ia07)	1	30	0
505	hif-1(ia07)	1	32	0
506	hif-1(ia07)	1	34	0
507	hif-1(ia07)	1	37	0
508	hif-1(ia07)	1	37	0
509	hif-1(ia07)	1	37	0
510	hif-1(ia07)	1	37	0
511	hif-1(ia07)	1	37	0
512	hif-1(ia07)	1	37	0
513	hif-1(ia07)	1	39	0
514	hif-1(ia07)	1	39	0
515	hif-1(ia07)	1	39	0
516	hif-1(ia07)	1	39	0
517	hif-1(ia07)	1	39	0
518	hif-1(ia07)	1	41	0
519	hif-1(ia07)	1	41	0
520	hif-1(ia07)	1	41	0
521	hif-1(ia07)	1	41	0
522	hif-1(ia07)	1	41	0
523	hif-1(ia07)	1	41	0
524	hif-1(ia07)	1	41	0
525	hif-1(ia07)	1	45	0
526	hif-1(ia07)	1	45	0
527	hif-1(ia07)	1	45	0
528	hif-1(ia07)	1	45	0
529	hif-1(ia07)	1	45	0
530	hif-1(ia07)	1	45	0
531	hif-1(ia07)	1	24	2
532	hif-1(ia07)	1	26	2
533	hif-1(ia07)	1	26	2
534	hif-1(ia07)	1	26	2
535	hif-1(ia07)	1	30	2
536	hif-1(ia07)	1	30	2
537	hif-1(ia07)	1	30	2
538	hif-1(ia07)	1	30	2
539	hif-1(ia07)	1	30	2
540	hif-1(ia07)	1	30	2
541	hif-1(ia07)	1	30	2
542	hif-1(ia07)	1	30	2
543	hif-1(ia07)	1	30	2
544	hif-1(ia07)	1	32	2
545	hif-1(ia07)	1	32	2
546	hif-1(ia07)	1	34	2
547	hif-1(ia07)	1	34	2
548	hif-1(ia07)	1	34	2
549	hif-1(ia07)	1	34	2
550	hif-1(ia07)	1	37	2
551	hif-1(ia07)	1	37	2
552	hif-1(ia07)	1	37	2
553	hif-1(ia07)	1	37	2
554	hif-1(ia07)	1	39	2
555	hif-1(ia07)	1	39	2
556	hif-1(ia07)	1	39	2
557	hif-1(ia07)	1	39	2
558	hif-1(ia07)	1	39	2
559	hif-1(ia07)	1	39	2
560	hif-1(ia07)	1	39	2
561	hif-1(ia07)	1	39	2
562	hif-1(ia07)	1	41	2
563	hif-1(ia07)	1	41	2
564	hif-1(ia07)	1	41	2
565	hif-1(ia07)	1	18	3
566	hif-1(ia07)	1	24	3
567	hif-1(ia07)	1	24	3
568	hif-1(ia07)	1	26	3
569	hif-1(ia07)	1	26	3
570	hif-1(ia07)	1	26	3
571	hif-1(ia07)	1	30	3
572	hif-1(ia07)	1	30	3
573	hif-1(ia07)	1	30	3
574	hif-1(ia07)	1	30	3
575	hif-1(ia07)	1	30	3
576	hif-1(ia07)	1	30	3
577	hif-1(ia07)	1	30	3
578	hif-1(ia07)	1	30	3
579	hif-1(ia07)	1	30	3
580	hif-1(ia07)	1	30	3
581	hif-1(ia07)	1	30	3
582	hif-1(ia07)	1	30	3
583	hif-1(ia07)	1	32	3
584	hif-1(ia07)	1	32	3
585	hif-1(ia07)	1	32	3
586	hif-1(ia07)	1	32	3
587	hif-1(ia07)	1	32	3
588	hif-1(ia07)	1	32	3
589	hif-1(ia07)	1	32	3
590	hif-1(ia07)	1	32	3
591	hif-1(ia07)	1	32	3
592	hif-1(ia07)	1	34	3
593	hif-1(ia07)	1	34	3
594	hif-1(ia07)	1	34	3
595	hif-1(ia07)	1	34	3
596	hif-1(ia07)	1	34	3
597	hif-1(ia07)	1	34	3
598	hif-1(ia07)	1	37	3
599	hif-1(ia07)	1	37	3
600	hif-1(ia07)	1	37	3
601	hif-1(ia07)	1	37	3
602	hif-1(ia07)	1	37	3
603	hif-1(ia07)	1	37	3
604	hif-1(ia07)	1	39	3
605	hif-1(ia07)	1	39	3
606	hif-1(ia07)	1	39	3
607	hif-1(ia07)	1	39	3
608	hif-1(ia07)	1	41	3
609	hif-1(ia07)	1	41	3
610	hif-1(ia07)	1	41	3
611	hif-1(ia07)	1	41	3
612	hif-1(ia07)	1	41	3
613	hif-1(ia07)	1	41	3
614	eu-1	1	18	0
615	eu-1	1	18	0
616	eu-1	1	18	0
617	eu-1	1	24	0
618	eu-1	1	24	0
619	eu-1	1	24	0
620	eu-1	1	24	0
621	eu-1	1	24	0
622	eu-1	1	26	0
623	eu-1	1	26	0
624	eu-1	1	30	0
625	eu-1	1	30	0
626	eu-1	1	30	0
627	eu-1	1	30	0
628	eu-1	1	30	0
629	eu-1	1	30	0
630	eu-1	1	30	0
631	eu-1	1	41	0
632	eu-1	1	24	2
633	eu-1	1	24	2
634	eu-1	1	26	2
635	eu-1	1	30	2
636	eu-1	1	30	2
637	eu-1	1	30	2
638	eu-1	1	30	2
639	eu-1	1	30	2
640	eu-1	1	30	2
641	eu-1	1	30	2
642	eu-1	1	30	2
643	eu-1	1	30	2
644	eu-1	1	30	2
645	eu-1	1	30	2
646	eu-1	1	30	2
647	eu-1	1	30	2
648	eu-1	1	30	2
649	eu-1	1	30	2
650	eu-1	1	30	2
651	eu-1	1	30	2
652	eu-1	1	30	2
653	eu-1	1	30	2
654	eu-1	1	30	2
655	eu-1	1	30	2
656	eu-1	1	30	2
657	eu-1	1	30	2
658	eu-1	1	30	2
659	eu-1	1	30	2
660	eu-1	1	30	2
661	eu-1	1	30	2
662	eu-1	1	30	2
663	eu-1	1	30	2
664	eu-1	1	32	2
665	eu-1	1	32	2
666	eu-1	1	32	2
667	eu-1	1	32	2
668	eu-1	1	39	2
669	eu-1	1	39	2
670	eu-1	1	41	2
671	eu-1	1	18	3
672	eu-1	1	18	3
673	eu-1	1	18	3
674	eu-1	1	18	3
675	eu-1	1	18	3
676	eu-1	1	18	3
677	eu-1	1	18	3
678	eu-1	1	18	3
679	eu-1	1	18	3
680	eu-1	1	18	3
681	eu-1	1	18	3
682	eu-1	1	18	3
683	eu-1	1	18	3
684	eu-1	1	24	3
685	eu-1	1	24	3
686	eu-1	1	24	3
687	eu-1	1	24	3
688	eu-1	1	24	3
689	eu-1	1	24	3
690	eu-1	1	24	3
691	eu-1	1	24	3
692	eu-1	1	24	3
693	eu-1	1	24	3
694	eu-1	1	24	3
695	eu-1	1	24	3
696	eu-1	1	24	3
697	eu-1	1	24	3
698	eu-1	1	24	3
699	eu-1	1	24	3
700	eu-1	1	24	3
701	eu-1	1	24	3
702	eu-1	1	24	3
703	eu-1	1	26	3
704	eu-1	1	26	3
705	eu-1	1	26	3
706	eu-1	1	26	3
707	eu-1	1	26	3
708	eu-1	1	26	3
709	eu-1	1	26	3
710	eu-1	1	26	3
711	eu-1	1	26	3
712	eu-1	1	26	3
713	eu-1	1	26	3
714	eu-1	1	26	3
715	eu-1	1	26	3
716	eu-1	1	26	3
717	eu-1	1	26	3
718	eu-1	1	26	3
719	eu-1	1	26	3
720	eu-1	1	26	3
721	eu-1	1	30	3
722	eu-1	1	30	3
723	eu-1	1	30	3
724	eu-1	1	32	3
725	eu-1	1	32	3
726	eu-1	1	34	3
727	eu-1	1	37	3
728	eu-1	1	18	0
729	eu-1	1	18	0
730	eu-1	1	18	0
731	eu-1	1	24	0
732	eu-1	1	24	0
733	eu-1	1	26	0
734	eu-1	1	30	0
735	eu-1	1	30	0
736	eu-1	1	30	0
737	eu-1	1	32	0
738	eu-1	2	30	2
739	eu-1	2	30	2
740	eu-1	2	30	2
741	eu-1	2	30	2
742	eu-1	2	30	2
743	eu-1	2	30	2
744	eu-1	2	30	2
745	eu-1	2	30	2
746	eu-1	2	30	2
747	eu-1	2	30	2
748	eu-1	2	30	2
749	eu-1	2	30	2
750	eu-1	2	30	2
751	eu-1	2	30	2
752	eu-1	2	30	2
753	eu-1	2	30	2
754	eu-1	2	30	2
755	eu-1	2	32	2
756	eu-1	2	32	2
757	eu-1	2	34	2
758	eu-1	2	37	2
759	eu-1	2	18	3
760	eu-1	2	18	3
761	eu-1	2	18	3
762	eu-1	2	18	3
763	eu-1	2	18	3
764	eu-1	2	18	3
765	eu-1	2	18	3
766	eu-1	2	18	3
767	eu-1	2	18	3
768	eu-1	2	24	3
769	eu-1	2	24	3
770	eu-1	2	24	3
771	eu-1	2	24	3
772	eu-1	2	24	3
773	eu-1	2	24	3
774	eu-1	2	24	3
775	eu-1	2	24	3
776	eu-1	2	24	3
777	eu-1	2	24	3
778	eu-1	2	24	3
779	eu-1	2	24	3
780	eu-1	2	24	3
781	eu-1	2	24	3
782	eu-1	2	26	3
783	eu-1	2	26	3
784	eu-1	2	26	3
785	eu-1	2	26	3
786	eu-1	2	26	3
787	eu-1	2	26	3
788	eu-1	2	26	3
789	eu-1	2	26	3
790	eu-1	2	26	3
791	eu-1	2	26	3
792	eu-1	2	26	3
793	eu-1	2	26	3
794	eu-1	2	26	3
795	eu-1	2	30	3
796	eu-1	2	30	3
797	eu-1	2	30	3
798	eu-1	2	30	3
799	eu-1	2	30	3
800	eu-1	2	30	3
801	eu-1	2	30	3
802	eu-1	2	32	3
803	eu-1	2	34	3
804	eu-1	2	37	3
805	eu-31	1	24	0
806	eu-31	1	26	0
807	eu-31	1	26	0
808	eu-31	1	30	0
809	eu-31	1	30	0
810	eu-31	1	30	0
811	eu-31	1	30	0
812	eu-31	1	32	0
813	eu-31	1	26	2
814	eu-31	1	26	2
815	eu-31	1	30	2
816	eu-31	1	30	2
817	eu-31	1	30	2
818	eu-31	1	30	2
819	eu-31	1	30	2
820	eu-31	1	30	2
821	eu-31	1	30	2
822	eu-31	1	30	2
823	eu-31	1	30	2
824	eu-31	1	30	2
825	eu-31	1	30	2
826	eu-31	1	30	2
827	eu-31	1	30	2
828	eu-31	1	30	2
829	eu-31	1	30	2
830	eu-31	1	30	2
831	eu-31	1	30	2
832	eu-31	1	30	2
833	eu-31	1	30	2
834	eu-31	1	30	2
835	eu-31	1	32	2
836	eu-31	1	32	2
837	eu-31	1	18	3
838	eu-31	1	18	3
839	eu-31	1	18	3
840	eu-31	1	18	3
841	eu-31	1	18	3
842	eu-31	1	18	3
843	eu-31	1	18	3
844	eu-31	1	18	3
845	eu-31	1	18	3
846	eu-31	1	18	3
847	eu-31	1	18	3
848	eu-31	1	18	3
849	eu-31	1	18	3
850	eu-31	1	18	3
851	eu-31	1	18	3
852	eu-31	1	18	3
853	eu-31	1	24	3
854	eu-31	1	24	3
855	eu-31	1	24	3
856	eu-31	1	24	3
857	eu-31	1	24	3
858	eu-31	1	24	3
859	eu-31	1	24	3
860	eu-31	1	24	3
861	eu-31	1	24	3
862	eu-31	1	24	3
863	eu-31	1	24	3
864	eu-31	1	26	3
865	eu-31	1	26	3
866	eu-31	1	26	3
867	eu-31	1	26	3
868	eu-31	1	26	3
869	eu-31	1	26	3
870	eu-31	1	26	3
871	eu-31	1	26	3
872	eu-31	1	26	3
873	eu-31	1	26	3
874	eu-31	1	26	3
875	eu-31	1	26	3
876	eu-31	1	26	3
877	eu-31	1	30	3
878	eu-31	1	30	3
879	eu-31	1	30	3
880	eu-31	1	30	3
881	eu-31	1	30	3
882	eu-31	1	30	3
883	eu-31	1	30	3
884	eu-31	1	32	3
885	eu-31	1	18	0
886	eu-31	1	26	0
887	eu-31	1	30	0
888	eu-31	1	30	0
889	eu-31	2	26	2
890	eu-31	2	30	2
891	eu-31	2	30	2
892	eu-31	2	30	2
893	eu-31	2	30	2
894	eu-31	2	32	2
895	eu-31	2	34	2
896	eu-31	2	18	3
897	eu-31	2	18	3
898	eu-31	2	18	3
899	eu-31	2	18	3
900	eu-31	2	18	3
901	eu-31	2	24	3
902	eu-31	2	24	3
903	eu-31	2	24	3
904	eu-31	2	24	3
905	eu-31	2	24	3
906	eu-31	2	26	3
907	eu-31	2	26	3
908	eu-31	2	26	3
909	eu-31	2	30	3
910	eu-31	2	30	3
911	cep-1	1	18	0
912	cep-1	1	18	0
913	cep-1	1	18	0
914	cep-1	1	24	0
915	cep-1	1	24	0
916	cep-1	1	26	0
917	cep-1	1	26	0
918	cep-1	1	30	0
919	cep-1	1	30	0
920	cep-1	1	30	0
921	cep-1	1	30	0
922	cep-1	1	30	0
923	cep-1	1	30	0
924	cep-1	1	32	0
925	cep-1	1	32	0
926	cep-1	1	32	0
927	cep-1	1	32	0
928	cep-1	1	32	0
929	cep-1	1	34	0
930	cep-1	1	34	0
931	cep-1	1	34	0
932	cep-1	1	34	0
933	cep-1	1	34	0
934	cep-1	1	34	0
935	cep-1	1	34	0
936	cep-1	1	34	0
937	cep-1	1	34	0
938	cep-1	1	34	0
939	cep-1	1	34	0
940	cep-1	1	34	0
941	cep-1	1	34	0
942	cep-1	1	37	0
943	cep-1	1	37	0
944	cep-1	1	37	0
945	cep-1	1	37	0
946	cep-1	1	37	0
947	cep-1	1	37	0
948	cep-1	1	37	0
949	cep-1	1	37	0
950	cep-1	1	37	0
951	cep-1	1	37	0
952	cep-1	1	39	0
953	cep-1	1	39	0
954	cep-1	1	39	0
955	cep-1	1	39	0
956	cep-1	1	39	0
957	cep-1	1	41	0
958	cep-1	1	41	0
959	cep-1	1	41	0
960	cep-1	1	41	0
961	cep-1	1	41	0
962	cep-1	1	41	0
963	cep-1	1	41	0
964	cep-1	1	41	0
965	cep-1	1	41	0
966	cep-1	1	41	0
967	cep-1	1	41	0
968	cep-1	1	41	0
969	cep-1	1	41	0
970	cep-1	1	45	0
971	cep-1	1	45	0
972	cep-1	1	45	0
973	cep-1	1	45	0
974	cep-1	1	45	0
975	cep-1	1	45	0
976	cep-1	1	45	0
977	cep-1	1	45	0
978	cep-1	1	45	0
979	cep-1	1	45	0
980	cep-1	1	45	0
981	cep-1	1	45	0
982	cep-1	1	45	0
983	cep-1	1	45	0
984	cep-1	1	45	0
985	cep-1	1	45	0
986	cep-1	1	45	0
987	cep-1	1	45	0
988	cep-1	1	45	0
989	cep-1	1	45	0
990	cep-1	1	48	0
991	cep-1	1	48	0
992	cep-1	1	51	0
993	cep-1	1	51	0
994	cep-1	1	26	2
995	cep-1	1	26	2
996	cep-1	1	30	2
997	cep-1	1	30	2
998	cep-1	1	32	2
999	cep-1	1	32	2
1000	cep-1	1	32	2
1001	cep-1	1	32	2
1002	cep-1	1	32	2
1003	cep-1	1	32	2
1004	cep-1	1	34	2
1005	cep-1	1	34	2
1006	cep-1	1	34	2
1007	cep-1	1	34	2
1008	cep-1	1	37	2
1009	cep-1	1	37	2
1010	cep-1	1	37	2
1011	cep-1	1	37	2
1012	cep-1	1	37	2
1013	cep-1	1	37	2
1014	cep-1	1	37	2
1015	cep-1	1	37	2
1016	cep-1	1	39	2
1017	cep-1	1	39	2
1018	cep-1	1	39	2
1019	cep-1	1	39	2
1020	cep-1	1	39	2
1021	cep-1	1	39	2
1022	cep-1	1	39	2
1023	cep-1	1	41	2
1024	cep-1	1	41	2
1025	cep-1	1	41	2
1026	cep-1	1	41	2
1027	cep-1	1	41	2
1028	cep-1	1	41	2
1029	cep-1	1	18	3
1030	cep-1	1	24	3
1031	cep-1	1	24	3
1032	cep-1	1	24	3
1033	cep-1	1	26	3
1034	cep-1	1	26	3
1035	cep-1	1	26	3
1036	cep-1	1	26	3
1037	cep-1	1	26	3
1038	cep-1	1	26	3
1039	cep-1	1	32	3
1040	cep-1	1	34	3
1041	cep-1	1	37	3
1042	cep-1	1	39	3
1043	cep-1	1	39	3
1044	cep-1	1	41	3
1045	tyr-2	1	26	0
1046	tyr-2	1	26	0
1047	tyr-2	1	34	0
1048	tyr-2	1	34	0
1049	tyr-2	1	37	0
1050	tyr-2	1	39	0
1051	tyr-2	1	39	0
1052	tyr-2	1	39	0
1053	tyr-2	1	39	0
1054	tyr-2	1	39	0
1055	tyr-2	1	41	0
1056	tyr-2	1	41	0
1057	tyr-2	1	41	0
1058	tyr-2	1	45	0
1059	tyr-2	1	45	0
1060	tyr-2	1	45	0
1061	tyr-2	1	45	0
1062	tyr-2	1	48	0
1063	tyr-2	1	48	0
1064	tyr-2	1	48	0
1065	tyr-2	1	48	0
1066	tyr-2	1	51	0
1067	tyr-2	1	24	2
1068	tyr-2	1	26	2
1069	tyr-2	1	30	2
1070	tyr-2	1	30	2
1071	tyr-2	1	30	2
1072	tyr-2	1	30	2
1073	tyr-2	1	30	2
1074	tyr-2	1	30	2
1075	tyr-2	1	30	2
1076	tyr-2	1	30	2
1077	tyr-2	1	30	2
1078	tyr-2	1	30	2
1079	tyr-2	1	30	2
1080	tyr-2	1	30	2
1081	tyr-2	1	30	2
1082	tyr-2	1	30	2
1083	tyr-2	1	32	2
1084	tyr-2	1	32	2
1085	tyr-2	1	32	2
1086	tyr-2	1	32	2
1087	tyr-2	1	32	2
1088	tyr-2	1	32	2
1089	tyr-2	1	32	2
1090	tyr-2	1	32	2
1091	tyr-2	1	32	2
1092	tyr-2	1	32	2
1093	tyr-2	1	34	2
1094	tyr-2	1	34	2
1095	tyr-2	1	34	2
1096	tyr-2	1	34	2
1097	tyr-2	1	34	2
1098	tyr-2	1	34	2
1099	tyr-2	1	34	2
1100	tyr-2	1	34	2
1101	tyr-2	1	34	2
1102	tyr-2	1	34	2
1103	tyr-2	1	34	2
1104	tyr-2	1	34	2
1105	tyr-2	1	34	2
1106	tyr-2	1	34	2
1107	tyr-2	1	34	2
1108	tyr-2	1	37	2
1109	tyr-2	1	37	2
1110	tyr-2	1	37	2
1111	tyr-2	1	37	2
1112	tyr-2	1	37	2
1113	tyr-2	1	39	2
1114	tyr-2	1	39	2
1115	tyr-2	1	41	2
1116	tyr-2	1	41	2
1117	tyr-2	1	48	2
1118	tyr-2	1	24	3
1119	tyr-2	1	26	3
1120	tyr-2	1	26	3
1121	tyr-2	1	30	3
1122	tyr-2	1	30	3
1123	tyr-2	1	30	3
1124	tyr-2	1	30	3
1125	tyr-2	1	30	3
1126	tyr-2	1	30	3
1127	tyr-2	1	30	3
1128	tyr-2	1	30	3
1129	tyr-2	1	32	3
1130	tyr-2	1	32	3
1131	tyr-2	1	32	3
1132	tyr-2	1	32	3
1133	tyr-2	1	32	3
1134	tyr-2	1	34	3
1135	tyr-2	1	34	3
1136	tyr-2	1	34	3
1137	tyr-2	1	34	3
1138	tyr-2	1	34	3
1139	tyr-2	1	37	3
1140	tyr-2	1	37	3
1141	tyr-2	1	39	3
1142	tyr-2	1	41	3
1143	tyr-2	1	24	0
1144	tyr-2	1	26	0
1145	tyr-2	1	30	0
1146	tyr-2	1	30	0
1147	tyr-2	1	30	0
1148	tyr-2	1	30	0
1149	tyr-2	1	30	0
1150	tyr-2	1	30	0
1151	tyr-2	1	30	0
1152	tyr-2	1	30	0
1153	tyr-2	1	30	0
1154	tyr-2	1	30	0
1155	tyr-2	1	34	0
1156	tyr-2	1	37	0
1157	tyr-2	1	39	0
1158	tyr-2	1	41	0
1159	tyr-2	1	41	0
1160	tyr-2	2	26	2
1161	tyr-2	2	26	2
1162	tyr-2	2	26	2
1163	tyr-2	2	26	2
1164	tyr-2	2	30	2
1165	tyr-2	2	30	2
1166	tyr-2	2	30	2
1167	tyr-2	2	30	2
1168	tyr-2	2	30	2
1169	tyr-2	2	30	2
1170	tyr-2	2	30	2
1171	tyr-2	2	32	2
1172	tyr-2	2	32	2
1173	tyr-2	2	32	2
1174	tyr-2	2	32	2
1175	tyr-2	2	32	2
1176	tyr-2	2	32	2
1177	tyr-2	2	32	2
1178	tyr-2	2	32	2
1179	tyr-2	2	34	2
1180	tyr-2	2	34	2
1181	tyr-2	2	34	2
1182	tyr-2	2	34	2
1183	tyr-2	2	34	2
1184	tyr-2	2	34	2
1185	tyr-2	2	34	2
1186	tyr-2	2	37	2
1187	tyr-2	2	37	2
1188	tyr-2	2	39	2
1189	tyr-2	2	39	2
1190	tyr-2	2	39	2
1191	tyr-2	2	18	3
1192	tyr-2	2	26	3
1193	tyr-2	2	30	3
1194	tyr-2	2	30	3
1195	tyr-2	2	30	3
1196	tyr-2	2	30	3
1197	tyr-2	2	30	3
1198	tyr-2	2	32	3
1199	tyr-2	2	32	3
1200	tyr-2	2	32	3
1201	tyr-2	2	32	3
1202	tyr-2	2	34	3
1203	tyr-2	2	34	3
1204	tyr-2	2	34	3
1205	tyr-2	2	37	3
1206	tyr-2	2	37	3
1207	tyr-2	2	37	3
1208	tyr-2	2	37	3
1209	tyr-2	2	41	3
1210	tyr-2	2	41	3
