strain	replicate	age.at.death	rupture	
strain	replicate	age.at.death	rupture	
1	N2	1	14	0
1	N2	1	14	0
2	N2	1	14	0
2	N2	1	14	0
3	N2	1	14	0
3	N2	1	14	0
4	N2	1	14	0
4	N2	1	14	0
5	N2	1	14	0
5	N2	1	14	0
6	N2	1	14	0
6	N2	1	14	0
7	N2	1	16	0
7	N2	1	16	0
8	N2	1	16	0
8	N2	1	16	0
9	N2	1	16	0
9	N2	1	16	0
10	N2	1	16	0
10	N2	1	16	0
11	N2	1	16	0
11	N2	1	16	0
12	N2	1	16	0
12	N2	1	16	0
13	N2	1	16	0
13	N2	1	16	0
14	N2	1	16	0
14	N2	1	16	0
15	N2	1	16	0
15	N2	1	16	0
16	N2	1	19	0
16	N2	1	19	0
17	N2	1	19	0
17	N2	1	19	0
18	N2	1	23	0
18	N2	1	23	0
19	N2	2	12	0
19	N2	2	12	0
20	N2	2	12	0
20	N2	2	12	0
21	N2	2	12	0
21	N2	2	12	0
22	N2	2	12	0
22	N2	2	12	0
23	N2	2	12	0
23	N2	2	12	0
24	N2	2	14	0
24	N2	2	14	0
25	N2	2	14	0
25	N2	2	14	0
26	N2	2	14	0
26	N2	2	14	0
27	N2	2	14	0
27	N2	2	14	0
28	N2	2	14	0
28	N2	2	14	0
29	N2	2	14	0
29	N2	2	14	0
30	N2	2	16	0
30	N2	2	16	0
31	N2	2	16	0
31	N2	2	16	0
32	N2	2	16	0
32	N2	2	16	0
33	N2	2	16	0
33	N2	2	16	0
34	N2	2	19	0
34	N2	2	19	0
35	N2	2	19	0
35	N2	2	19	0
36	N2	2	19	0
36	N2	2	19	0
37	hif-1	1	12	0
37	hif-1	1	12	0
38	hif-1	1	14	0
38	hif-1	1	14	0
39	hif-1	1	14	0
39	hif-1	1	14	0
40	hif-1	1	14	0
40	hif-1	1	14	0
41	hif-1	1	16	0
41	hif-1	1	16	0
42	hif-1	1	16	0
42	hif-1	1	16	0
43	hif-1	1	16	0
43	hif-1	1	16	0
44	hif-1	1	16	0
44	hif-1	1	16	0
45	hif-1	1	16	0
45	hif-1	1	16	0
46	hif-1	1	16	0
46	hif-1	1	16	0
47	hif-1	1	16	0
47	hif-1	1	16	0
48	hif-1	1	16	0
48	hif-1	1	16	0
49	hif-1	1	16	0
49	hif-1	1	16	0
50	hif-1	1	19	0
50	hif-1	1	19	0
51	hif-1	1	19	0
51	hif-1	1	19	0
52	hif-1	1	19	0
52	hif-1	1	19	0
53	hif-1	1	19	0
53	hif-1	1	19	0
54	hif-1	1	19	0
54	hif-1	1	19	0
55	hif-1	1	21	0
55	hif-1	1	21	0
56	hif-1	2	14	0
56	hif-1	2	14	0
57	hif-1	2	14	0
57	hif-1	2	14	0
58	hif-1	2	16	0
58	hif-1	2	16	0
59	hif-1	2	16	0
59	hif-1	2	16	0
60	hif-1	2	19	0
60	hif-1	2	19	0
61	hif-1	2	19	0
61	hif-1	2	19	0
62	hif-1	2	19	0
62	hif-1	2	19	0
63	hif-1	2	19	0
63	hif-1	2	19	0
64	hif-1	2	19	0
64	hif-1	2	19	0
65	hif-1	2	21	0
65	hif-1	2	21	0
66	hif-1	2	21	0
66	hif-1	2	21	0
67	hif-1	2	21	0
67	hif-1	2	21	0
68	hif-1	2	21	0
68	hif-1	2	21	0
69	hif-1	2	21	0
69	hif-1	2	21	0
70	hif-1	2	21	0
70	hif-1	2	21	0
71	hif-1	2	21	0
71	hif-1	2	21	0
72	hif-1	2	23	0
72	hif-1	2	23	0
73	hif-1	2	23	0
73	hif-1	2	23	0
74	hif-1	2	23	0
74	hif-1	2	23	0
75	hif-1	2	23	0
75	hif-1	2	23	0
76	hif-1	2	23	0
76	hif-1	2	23	0
77	hif-1	2	23	0
77	hif-1	2	23	0
78	hif-1	2	23	0
78	hif-1	2	23	0
79	hif-1	2	23	0
79	hif-1	2	23	0
80	hif-1	2	26	0
80	hif-1	2	26	0
81	hif-1	2	26	0
81	hif-1	2	26	0
82	hif-1	2	26	0
82	hif-1	2	26	0
83	hif-1	2	26	0
83	hif-1	2	26	0
84	hif-1	2	28	0
84	hif-1	2	28	0
85	vhl-1	1	16	0
85	vhl-1	1	16	0
86	vhl-1	1	16	0
86	vhl-1	1	16	0
87	vhl-1	1	19	0
87	vhl-1	1	19	0
88	vhl-1	1	19	0
88	vhl-1	1	19	0
89	vhl-1	1	19	0
89	vhl-1	1	19	0
90	vhl-1	1	21	0
90	vhl-1	1	21	0
91	vhl-1	1	21	0
91	vhl-1	1	21	0
92	vhl-1	1	21	0
92	vhl-1	1	21	0
93	vhl-1	1	21	0
93	vhl-1	1	21	0
94	vhl-1	1	21	0
94	vhl-1	1	21	0
95	vhl-1	1	21	0
95	vhl-1	1	21	0
96	vhl-1	1	21	0
96	vhl-1	1	21	0
97	vhl-1	1	21	0
97	vhl-1	1	21	0
98	vhl-1	1	23	0
98	vhl-1	1	23	0
99	vhl-1	1	23	0
99	vhl-1	1	23	0
100	vhl-1	1	23	0
100	vhl-1	1	23	0
101	vhl-1	1	23	0
101	vhl-1	1	23	0
102	vhl-1	1	23	0
102	vhl-1	1	23	0
103	vhl-1	1	23	0
103	vhl-1	1	23	0
104	vhl-1	1	23	0
104	vhl-1	1	23	0
105	vhl-1	1	23	0
105	vhl-1	1	23	0
106	vhl-1	1	23	0
106	vhl-1	1	23	0
107	vhl-1	1	26	0
107	vhl-1	1	26	0
108	vhl-1	1	26	0
108	vhl-1	1	26	0
109	vhl-1	1	26	0
109	vhl-1	1	26	0
110	vhl-1	1	26	0
110	vhl-1	1	26	0
111	vhl-1	1	26	0
111	vhl-1	1	26	0
112	vhl-1	1	28	0
112	vhl-1	1	28	0
113	vhl-1	1	30	0
113	vhl-1	1	30	0
114	vhl-1	1	30	0
114	vhl-1	1	30	0
115	vhl-1	1	33	0
115	vhl-1	1	33	0
116	vhl-1	2	19	0
116	vhl-1	2	19	0
117	vhl-1	2	21	0
117	vhl-1	2	21	0
118	vhl-1	2	21	0
118	vhl-1	2	21	0
119	vhl-1	2	21	0
119	vhl-1	2	21	0
120	vhl-1	2	21	0
120	vhl-1	2	21	0
121	vhl-1	2	23	0
121	vhl-1	2	23	0
122	vhl-1	2	23	0
122	vhl-1	2	23	0
123	vhl-1	2	23	0
123	vhl-1	2	23	0
124	vhl-1	2	23	0
124	vhl-1	2	23	0
125	vhl-1	2	26	0
125	vhl-1	2	26	0
126	vhl-1	2	26	0
126	vhl-1	2	26	0
127	vhl-1	2	26	0
127	vhl-1	2	26	0
128	vhl-1	2	30	0
128	vhl-1	2	30	0
129	vhl-1	2	30	0
129	vhl-1	2	30	0
130	vhl-1	2	33	0
130	vhl-1	2	33	0
131	vhl-1	2	33	0
131	vhl-1	2	33	0
