strain	replicate	age.at.death	rupture	
strain	replicate	age.at.death	rupture	
1	N2	1	15	0
1	N2	1	15	0
2	N2	1	15	0
2	N2	1	15	0
3	N2	1	15	0
3	N2	1	15	0
4	N2	1	15	0
4	N2	1	15	0
5	N2	1	15	0
5	N2	1	15	0
6	N2	1	15	0
6	N2	1	15	0
7	N2	1	15	0
7	N2	1	15	0
8	N2	1	15	0
8	N2	1	15	0
9	N2	1	15	0
9	N2	1	15	0
10	N2	1	15	0
10	N2	1	15	0
11	N2	1	15	0
11	N2	1	15	0
12	N2	1	15	0
12	N2	1	15	0
13	N2	1	15	0
13	N2	1	15	0
14	N2	1	15	0
14	N2	1	15	0
15	N2	1	15	0
15	N2	1	15	0
16	N2	1	15	0
16	N2	1	15	0
17	N2	1	15	0
17	N2	1	15	0
18	N2	1	15	0
18	N2	1	15	0
19	N2	1	15	0
19	N2	1	15	0
20	N2	1	15	0
20	N2	1	15	0
21	N2	1	15	0
21	N2	1	15	0
22	N2	1	15	0
22	N2	1	15	0
23	N2	1	15	0
23	N2	1	15	0
24	N2	1	15	0
24	N2	1	15	0
25	N2	1	15	0
25	N2	1	15	0
26	N2	1	15	0
26	N2	1	15	0
27	N2	1	15	0
27	N2	1	15	0
28	N2	1	16	0
28	N2	1	16	0
29	N2	1	16	0
29	N2	1	16	0
30	N2	1	16	0
30	N2	1	16	0
31	N2	1	16	0
31	N2	1	16	0
32	N2	1	16	0
32	N2	1	16	0
33	N2	1	16	0
33	N2	1	16	0
34	N2	1	16	0
34	N2	1	16	0
35	N2	1	16	0
35	N2	1	16	0
36	N2	1	16	0
36	N2	1	16	0
37	N2	1	16	0
37	N2	1	16	0
38	N2	1	16	0
38	N2	1	16	0
39	N2	1	16	0
39	N2	1	16	0
40	N2	1	16	0
40	N2	1	16	0
41	N2	1	16	0
41	N2	1	16	0
42	N2	1	16	0
42	N2	1	16	0
43	N2	1	16	0
43	N2	1	16	0
44	N2	1	16	0
44	N2	1	16	0
45	N2	1	17	0
45	N2	1	17	0
46	N2	1	17	0
46	N2	1	17	0
47	N2	1	17	0
47	N2	1	17	0
48	N2	1	18	0
48	N2	1	18	0
49	N2	1	18	0
49	N2	1	18	0
50	N2	1	18	0
50	N2	1	18	0
51	N2	1	18	0
51	N2	1	18	0
52	N2	1	18	0
52	N2	1	18	0
53	N2	1	20	0
53	N2	1	20	0
54	N2	1	20	0
54	N2	1	20	0
55	N2	1	20	0
55	N2	1	20	0
56	N2	1	20	0
56	N2	1	20	0
57	N2	1	20	0
57	N2	1	20	0
58	N2	1	20	0
58	N2	1	20	0
59	N2	1	20	0
59	N2	1	20	0
60	N2	1	20	0
60	N2	1	20	0
61	N2	1	20	0
61	N2	1	20	0
62	N2	1	20	0
62	N2	1	20	0
63	N2	1	20	0
63	N2	1	20	0
64	N2	1	20	0
64	N2	1	20	0
65	N2	1	22	0
65	N2	1	22	0
66	N2	1	22	0
66	N2	1	22	0
67	N2	1	17	2
67	N2	1	17	2
68	N2	2	11	0
68	N2	2	11	0
69	N2	2	11	0
69	N2	2	11	0
70	N2	2	11	0
70	N2	2	11	0
71	N2	2	15	0
71	N2	2	15	0
72	N2	2	15	0
72	N2	2	15	0
73	N2	2	15	0
73	N2	2	15	0
74	N2	2	15	0
74	N2	2	15	0
75	N2	2	15	0
75	N2	2	15	0
76	N2	2	15	0
76	N2	2	15	0
77	N2	2	15	0
77	N2	2	15	0
78	N2	2	15	0
78	N2	2	15	0
79	N2	2	15	0
79	N2	2	15	0
80	N2	2	15	0
80	N2	2	15	0
81	N2	2	15	0
81	N2	2	15	0
82	N2	2	15	0
82	N2	2	15	0
83	N2	2	15	0
83	N2	2	15	0
84	N2	2	15	0
84	N2	2	15	0
85	N2	2	15	0
85	N2	2	15	0
86	N2	2	15	0
86	N2	2	15	0
87	N2	2	15	0
87	N2	2	15	0
88	N2	2	15	0
88	N2	2	15	0
89	N2	2	15	0
89	N2	2	15	0
90	N2	2	15	0
90	N2	2	15	0
91	N2	2	15	0
91	N2	2	15	0
92	N2	2	16	0
92	N2	2	16	0
93	N2	2	16	0
93	N2	2	16	0
94	N2	2	16	0
94	N2	2	16	0
95	N2	2	16	0
95	N2	2	16	0
96	N2	2	16	0
96	N2	2	16	0
97	N2	2	16	0
97	N2	2	16	0
98	N2	2	16	0
98	N2	2	16	0
99	N2	2	16	0
99	N2	2	16	0
100	N2	2	16	0
100	N2	2	16	0
101	N2	2	16	0
101	N2	2	16	0
102	N2	2	16	0
102	N2	2	16	0
103	N2	2	16	0
103	N2	2	16	0
104	N2	2	16	0
104	N2	2	16	0
105	N2	2	16	0
105	N2	2	16	0
106	N2	2	16	0
106	N2	2	16	0
107	N2	2	16	0
107	N2	2	16	0
108	N2	2	16	0
108	N2	2	16	0
109	N2	2	16	0
109	N2	2	16	0
110	N2	2	17	0
110	N2	2	17	0
111	N2	2	17	0
111	N2	2	17	0
112	N2	2	17	0
112	N2	2	17	0
113	N2	2	17	0
113	N2	2	17	0
114	N2	2	17	0
114	N2	2	17	0
115	N2	2	17	0
115	N2	2	17	0
116	N2	2	17	0
116	N2	2	17	0
117	N2	2	17	0
117	N2	2	17	0
118	N2	2	18	0
118	N2	2	18	0
119	N2	2	18	0
119	N2	2	18	0
120	N2	2	18	0
120	N2	2	18	0
121	N2	2	18	0
121	N2	2	18	0
122	N2	2	18	0
122	N2	2	18	0
123	N2	2	18	0
123	N2	2	18	0
124	N2	2	18	0
124	N2	2	18	0
125	N2	2	18	0
125	N2	2	18	0
126	N2	2	18	0
126	N2	2	18	0
127	N2	2	18	0
127	N2	2	18	0
128	N2	2	20	0
128	N2	2	20	0
129	N2	2	20	0
129	N2	2	20	0
130	N2	2	20	0
130	N2	2	20	0
131	N2	2	20	0
131	N2	2	20	0
132	N2	2	20	0
132	N2	2	20	0
133	N2	2	22	0
133	N2	2	22	0
134	N2	2	22	0
134	N2	2	22	0
135	N2	2	22	0
135	N2	2	22	0
136	N2	2	22	0
136	N2	2	22	0
137	N2	2	11	3
137	N2	2	11	3
138	N2	3	11	0
138	N2	3	11	0
139	N2	3	11	0
139	N2	3	11	0
140	N2	3	11	0
140	N2	3	11	0
141	N2	3	15	0
141	N2	3	15	0
142	N2	3	15	0
142	N2	3	15	0
143	N2	3	15	0
143	N2	3	15	0
144	N2	3	15	0
144	N2	3	15	0
145	N2	3	15	0
145	N2	3	15	0
146	N2	3	15	0
146	N2	3	15	0
147	N2	3	15	0
147	N2	3	15	0
148	N2	3	15	0
148	N2	3	15	0
149	N2	3	15	0
149	N2	3	15	0
150	N2	3	15	0
150	N2	3	15	0
151	N2	3	15	0
151	N2	3	15	0
152	N2	3	15	0
152	N2	3	15	0
153	N2	3	15	0
153	N2	3	15	0
154	N2	3	15	0
154	N2	3	15	0
155	N2	3	15	0
155	N2	3	15	0
156	N2	3	15	0
156	N2	3	15	0
157	N2	3	15	0
157	N2	3	15	0
158	N2	3	15	0
158	N2	3	15	0
159	N2	3	15	0
159	N2	3	15	0
160	N2	3	15	0
160	N2	3	15	0
161	N2	3	15	0
161	N2	3	15	0
162	N2	3	15	0
162	N2	3	15	0
163	N2	3	15	0
163	N2	3	15	0
164	N2	3	15	0
164	N2	3	15	0
165	N2	3	15	0
165	N2	3	15	0
166	N2	3	15	0
166	N2	3	15	0
167	N2	3	16	0
167	N2	3	16	0
168	N2	3	16	0
168	N2	3	16	0
169	N2	3	16	0
169	N2	3	16	0
170	N2	3	16	0
170	N2	3	16	0
171	N2	3	16	0
171	N2	3	16	0
172	N2	3	16	0
172	N2	3	16	0
173	N2	3	16	0
173	N2	3	16	0
174	N2	3	16	0
174	N2	3	16	0
175	N2	3	16	0
175	N2	3	16	0
176	N2	3	16	0
176	N2	3	16	0
177	N2	3	16	0
177	N2	3	16	0
178	N2	3	16	0
178	N2	3	16	0
179	N2	3	16	0
179	N2	3	16	0
180	N2	3	16	0
180	N2	3	16	0
181	N2	3	16	0
181	N2	3	16	0
182	N2	3	16	0
182	N2	3	16	0
183	N2	3	16	0
183	N2	3	16	0
184	N2	3	17	0
184	N2	3	17	0
185	N2	3	17	0
185	N2	3	17	0
186	N2	3	17	0
186	N2	3	17	0
187	N2	3	17	0
187	N2	3	17	0
188	N2	3	17	0
188	N2	3	17	0
189	N2	3	17	0
189	N2	3	17	0
190	N2	3	17	0
190	N2	3	17	0
191	N2	3	18	0
191	N2	3	18	0
192	N2	3	18	0
192	N2	3	18	0
193	N2	3	18	0
193	N2	3	18	0
194	N2	3	18	0
194	N2	3	18	0
195	N2	3	18	0
195	N2	3	18	0
196	N2	3	18	0
196	N2	3	18	0
197	N2	3	20	0
197	N2	3	20	0
198	N2	3	20	0
198	N2	3	20	0
199	N2	3	20	0
199	N2	3	20	0
200	N2	3	20	0
200	N2	3	20	0
201	N2	3	20	0
201	N2	3	20	0
202	N2	3	20	0
202	N2	3	20	0
203	N2	3	22	0
203	N2	3	22	0
204	N2	3	22	0
204	N2	3	22	0
205	N2	3	22	0
205	N2	3	22	0
206	hif-1	1	14	0
206	hif-1	1	14	0
207	hif-1	1	16	0
207	hif-1	1	16	0
208	hif-1	1	16	0
208	hif-1	1	16	0
209	hif-1	1	17	0
209	hif-1	1	17	0
210	hif-1	1	17	0
210	hif-1	1	17	0
211	hif-1	1	17	0
211	hif-1	1	17	0
212	hif-1	1	17	0
212	hif-1	1	17	0
213	hif-1	1	17	0
213	hif-1	1	17	0
214	hif-1	1	18	0
214	hif-1	1	18	0
215	hif-1	1	18	0
215	hif-1	1	18	0
216	hif-1	1	20	0
216	hif-1	1	20	0
217	hif-1	1	20	0
217	hif-1	1	20	0
218	hif-1	1	20	0
218	hif-1	1	20	0
219	hif-1	1	20	0
219	hif-1	1	20	0
220	hif-1	1	20	0
220	hif-1	1	20	0
221	hif-1	1	20	0
221	hif-1	1	20	0
222	hif-1	1	20	0
222	hif-1	1	20	0
223	hif-1	1	20	0
223	hif-1	1	20	0
224	hif-1	1	20	0
224	hif-1	1	20	0
225	hif-1	1	20	0
225	hif-1	1	20	0
226	hif-1	1	20	0
226	hif-1	1	20	0
227	hif-1	1	20	0
227	hif-1	1	20	0
228	hif-1	1	20	0
228	hif-1	1	20	0
229	hif-1	1	20	0
229	hif-1	1	20	0
230	hif-1	1	20	0
230	hif-1	1	20	0
231	hif-1	1	22	0
231	hif-1	1	22	0
232	hif-1	1	22	0
232	hif-1	1	22	0
233	hif-1	1	22	0
233	hif-1	1	22	0
234	hif-1	1	22	0
234	hif-1	1	22	0
235	hif-1	1	22	0
235	hif-1	1	22	0
236	hif-1	1	22	0
236	hif-1	1	22	0
237	hif-1	1	22	0
237	hif-1	1	22	0
238	hif-1	1	22	0
238	hif-1	1	22	0
239	hif-1	1	22	0
239	hif-1	1	22	0
240	hif-1	1	22	0
240	hif-1	1	22	0
241	hif-1	1	22	0
241	hif-1	1	22	0
242	hif-1	1	24	0
242	hif-1	1	24	0
243	hif-1	1	24	0
243	hif-1	1	24	0
244	hif-1	1	24	0
244	hif-1	1	24	0
245	hif-1	1	24	0
245	hif-1	1	24	0
246	hif-1	1	24	0
246	hif-1	1	24	0
247	hif-1	1	24	0
247	hif-1	1	24	0
248	hif-1	1	24	0
248	hif-1	1	24	0
249	hif-1	1	24	0
249	hif-1	1	24	0
250	hif-1	1	24	0
250	hif-1	1	24	0
251	hif-1	1	25	0
251	hif-1	1	25	0
252	hif-1	1	25	0
252	hif-1	1	25	0
253	hif-1	1	25	0
253	hif-1	1	25	0
254	hif-1	1	27	0
254	hif-1	1	27	0
255	hif-1	1	27	0
255	hif-1	1	27	0
256	hif-1	1	14	1
256	hif-1	1	14	1
257	hif-1	1	11	2
257	hif-1	1	11	2
258	hif-1	1	16	2
258	hif-1	1	16	2
259	hif-1	1	16	2
259	hif-1	1	16	2
260	hif-1	1	18	2
260	hif-1	1	18	2
261	hif-1	1	16	3
261	hif-1	1	16	3
262	hif-1	1	16	3
262	hif-1	1	16	3
263	hif-1	2	14	0
263	hif-1	2	14	0
264	hif-1	2	14	0
264	hif-1	2	14	0
265	hif-1	2	16	0
265	hif-1	2	16	0
266	hif-1	2	16	0
266	hif-1	2	16	0
267	hif-1	2	16	0
267	hif-1	2	16	0
268	hif-1	2	16	0
268	hif-1	2	16	0
269	hif-1	2	16	0
269	hif-1	2	16	0
270	hif-1	2	17	0
270	hif-1	2	17	0
271	hif-1	2	17	0
271	hif-1	2	17	0
272	hif-1	2	17	0
272	hif-1	2	17	0
273	hif-1	2	17	0
273	hif-1	2	17	0
274	hif-1	2	17	0
274	hif-1	2	17	0
275	hif-1	2	17	0
275	hif-1	2	17	0
276	hif-1	2	17	0
276	hif-1	2	17	0
277	hif-1	2	17	0
277	hif-1	2	17	0
278	hif-1	2	18	0
278	hif-1	2	18	0
279	hif-1	2	18	0
279	hif-1	2	18	0
280	hif-1	2	18	0
280	hif-1	2	18	0
281	hif-1	2	18	0
281	hif-1	2	18	0
282	hif-1	2	20	0
282	hif-1	2	20	0
283	hif-1	2	20	0
283	hif-1	2	20	0
284	hif-1	2	20	0
284	hif-1	2	20	0
285	hif-1	2	20	0
285	hif-1	2	20	0
286	hif-1	2	20	0
286	hif-1	2	20	0
287	hif-1	2	20	0
287	hif-1	2	20	0
288	hif-1	2	20	0
288	hif-1	2	20	0
289	hif-1	2	20	0
289	hif-1	2	20	0
290	hif-1	2	20	0
290	hif-1	2	20	0
291	hif-1	2	20	0
291	hif-1	2	20	0
292	hif-1	2	20	0
292	hif-1	2	20	0
293	hif-1	2	20	0
293	hif-1	2	20	0
294	hif-1	2	20	0
294	hif-1	2	20	0
295	hif-1	2	22	0
295	hif-1	2	22	0
296	hif-1	2	22	0
296	hif-1	2	22	0
297	hif-1	2	22	0
297	hif-1	2	22	0
298	hif-1	2	22	0
298	hif-1	2	22	0
299	hif-1	2	22	0
299	hif-1	2	22	0
300	hif-1	2	22	0
300	hif-1	2	22	0
301	hif-1	2	22	0
301	hif-1	2	22	0
302	hif-1	2	22	0
302	hif-1	2	22	0
303	hif-1	2	22	0
303	hif-1	2	22	0
304	hif-1	2	22	0
304	hif-1	2	22	0
305	hif-1	2	22	0
305	hif-1	2	22	0
306	hif-1	2	22	0
306	hif-1	2	22	0
307	hif-1	2	22	0
307	hif-1	2	22	0
308	hif-1	2	22	0
308	hif-1	2	22	0
309	hif-1	2	24	0
309	hif-1	2	24	0
310	hif-1	2	24	0
310	hif-1	2	24	0
311	hif-1	2	24	0
311	hif-1	2	24	0
312	hif-1	2	24	0
312	hif-1	2	24	0
313	hif-1	2	24	0
313	hif-1	2	24	0
314	hif-1	2	24	0
314	hif-1	2	24	0
315	hif-1	2	24	0
315	hif-1	2	24	0
316	hif-1	2	24	0
316	hif-1	2	24	0
317	hif-1	2	24	0
317	hif-1	2	24	0
318	hif-1	2	24	0
318	hif-1	2	24	0
319	hif-1	2	25	0
319	hif-1	2	25	0
320	hif-1	2	25	0
320	hif-1	2	25	0
321	hif-1	2	27	0
321	hif-1	2	27	0
322	hif-1	2	29	0
322	hif-1	2	29	0
323	hif-1	2	29	0
323	hif-1	2	29	0
324	hif-1	2	29	0
324	hif-1	2	29	0
325	hif-1	2	31	0
325	hif-1	2	31	0
326	hif-1	2	27	0
326	hif-1	2	27	0
327	hif-1	2	16	2
327	hif-1	2	16	2
328	hif-1	2	17	2
328	hif-1	2	17	2
329	hif-1	2	17	2
329	hif-1	2	17	2
330	hif-1	2	11	3
330	hif-1	2	11	3
331	hif-1	2	16	3
331	hif-1	2	16	3
332	hif-1	3	14	0
332	hif-1	3	14	0
333	hif-1	3	14	0
333	hif-1	3	14	0
334	hif-1	3	14	0
334	hif-1	3	14	0
335	hif-1	3	14	0
335	hif-1	3	14	0
336	hif-1	3	14	0
336	hif-1	3	14	0
337	hif-1	3	16	0
337	hif-1	3	16	0
338	hif-1	3	16	0
338	hif-1	3	16	0
339	hif-1	3	16	0
339	hif-1	3	16	0
340	hif-1	3	16	0
340	hif-1	3	16	0
341	hif-1	3	16	0
341	hif-1	3	16	0
342	hif-1	3	16	0
342	hif-1	3	16	0
343	hif-1	3	17	0
343	hif-1	3	17	0
344	hif-1	3	17	0
344	hif-1	3	17	0
345	hif-1	3	17	0
345	hif-1	3	17	0
346	hif-1	3	17	0
346	hif-1	3	17	0
347	hif-1	3	18	0
347	hif-1	3	18	0
348	hif-1	3	18	0
348	hif-1	3	18	0
349	hif-1	3	18	0
349	hif-1	3	18	0
350	hif-1	3	18	0
350	hif-1	3	18	0
351	hif-1	3	20	0
351	hif-1	3	20	0
352	hif-1	3	20	0
352	hif-1	3	20	0
353	hif-1	3	20	0
353	hif-1	3	20	0
354	hif-1	3	20	0
354	hif-1	3	20	0
355	hif-1	3	20	0
355	hif-1	3	20	0
356	hif-1	3	20	0
356	hif-1	3	20	0
357	hif-1	3	20	0
357	hif-1	3	20	0
358	hif-1	3	20	0
358	hif-1	3	20	0
359	hif-1	3	20	0
359	hif-1	3	20	0
360	hif-1	3	20	0
360	hif-1	3	20	0
361	hif-1	3	20	0
361	hif-1	3	20	0
362	hif-1	3	20	0
362	hif-1	3	20	0
363	hif-1	3	20	0
363	hif-1	3	20	0
364	hif-1	3	20	0
364	hif-1	3	20	0
365	hif-1	3	20	0
365	hif-1	3	20	0
366	hif-1	3	20	0
366	hif-1	3	20	0
367	hif-1	3	20	0
367	hif-1	3	20	0
368	hif-1	3	20	0
368	hif-1	3	20	0
369	hif-1	3	22	0
369	hif-1	3	22	0
370	hif-1	3	22	0
370	hif-1	3	22	0
371	hif-1	3	22	0
371	hif-1	3	22	0
372	hif-1	3	22	0
372	hif-1	3	22	0
373	hif-1	3	22	0
373	hif-1	3	22	0
374	hif-1	3	22	0
374	hif-1	3	22	0
375	hif-1	3	22	0
375	hif-1	3	22	0
376	hif-1	3	22	0
376	hif-1	3	22	0
377	hif-1	3	22	0
377	hif-1	3	22	0
378	hif-1	3	22	0
378	hif-1	3	22	0
379	hif-1	3	22	0
379	hif-1	3	22	0
380	hif-1	3	22	0
380	hif-1	3	22	0
381	hif-1	3	22	0
381	hif-1	3	22	0
382	hif-1	3	22	0
382	hif-1	3	22	0
383	hif-1	3	22	0
383	hif-1	3	22	0
384	hif-1	3	22	0
384	hif-1	3	22	0
385	hif-1	3	22	0
385	hif-1	3	22	0
386	hif-1	3	22	0
386	hif-1	3	22	0
387	hif-1	3	22	0
387	hif-1	3	22	0
388	hif-1	3	24	0
388	hif-1	3	24	0
389	hif-1	3	24	0
389	hif-1	3	24	0
390	hif-1	3	24	0
390	hif-1	3	24	0
391	hif-1	3	25	0
391	hif-1	3	25	0
392	hif-1	3	25	0
392	hif-1	3	25	0
393	hif-1	3	27	0
393	hif-1	3	27	0
394	hif-1	3	16	2
394	hif-1	3	16	2
395	hif-1	3	16	2
395	hif-1	3	16	2
396	hif-1	3	18	2
396	hif-1	3	18	2
397	hif-1	3	11	3
397	hif-1	3	11	3
398	hif-1	3	16	3
398	hif-1	3	16	3
399	hif-1	3	16	3
399	hif-1	3	16	3
400	hif-1	3	20	3
400	hif-1	3	20	3
401	egl-9	1	15	3
401	egl-9	1	15	3
402	egl-9	1	10	0
402	egl-9	1	10	0
403	egl-9	1	13	0
403	egl-9	1	13	0
404	egl-9	1	13	0
404	egl-9	1	13	0
405	egl-9	1	15	0
405	egl-9	1	15	0
406	egl-9	1	15	0
406	egl-9	1	15	0
407	egl-9	1	15	0
407	egl-9	1	15	0
408	egl-9	1	15	0
408	egl-9	1	15	0
409	egl-9	1	15	0
409	egl-9	1	15	0
410	egl-9	1	15	0
410	egl-9	1	15	0
411	egl-9	1	15	0
411	egl-9	1	15	0
412	egl-9	1	15	0
412	egl-9	1	15	0
413	egl-9	1	16	0
413	egl-9	1	16	0
414	egl-9	1	16	0
414	egl-9	1	16	0
415	egl-9	1	16	0
415	egl-9	1	16	0
416	egl-9	1	16	0
416	egl-9	1	16	0
417	egl-9	1	16	0
417	egl-9	1	16	0
418	egl-9	1	16	0
418	egl-9	1	16	0
419	egl-9	1	16	0
419	egl-9	1	16	0
420	egl-9	1	17	0
420	egl-9	1	17	0
421	egl-9	1	17	0
421	egl-9	1	17	0
422	egl-9	1	17	0
422	egl-9	1	17	0
423	egl-9	1	17	0
423	egl-9	1	17	0
424	egl-9	1	17	0
424	egl-9	1	17	0
425	egl-9	1	17	0
425	egl-9	1	17	0
426	egl-9	1	17	0
426	egl-9	1	17	0
427	egl-9	1	17	0
427	egl-9	1	17	0
428	egl-9	1	19	0
428	egl-9	1	19	0
429	egl-9	1	19	0
429	egl-9	1	19	0
430	egl-9	1	19	0
430	egl-9	1	19	0
431	egl-9	1	19	0
431	egl-9	1	19	0
432	egl-9	1	19	0
432	egl-9	1	19	0
433	egl-9	1	19	0
433	egl-9	1	19	0
434	egl-9	1	19	0
434	egl-9	1	19	0
435	egl-9	1	19	0
435	egl-9	1	19	0
436	egl-9	1	19	0
436	egl-9	1	19	0
437	egl-9	1	19	0
437	egl-9	1	19	0
438	egl-9	1	19	0
438	egl-9	1	19	0
439	egl-9	1	19	0
439	egl-9	1	19	0
440	egl-9	1	21	0
440	egl-9	1	21	0
441	egl-9	1	21	0
441	egl-9	1	21	0
442	egl-9	1	21	0
442	egl-9	1	21	0
443	egl-9	1	21	0
443	egl-9	1	21	0
444	egl-9	1	21	0
444	egl-9	1	21	0
445	egl-9	1	21	0
445	egl-9	1	21	0
446	egl-9	1	21	0
446	egl-9	1	21	0
447	egl-9	1	21	0
447	egl-9	1	21	0
448	egl-9	1	23	0
448	egl-9	1	23	0
449	egl-9	1	23	0
449	egl-9	1	23	0
450	egl-9	1	23	0
450	egl-9	1	23	0
451	egl-9	1	23	0
451	egl-9	1	23	0
452	egl-9	1	23	0
452	egl-9	1	23	0
453	egl-9	1	23	0
453	egl-9	1	23	0
454	egl-9	1	26	0
454	egl-9	1	26	0
455	egl-9	2	10	0
455	egl-9	2	10	0
456	egl-9	2	13	0
456	egl-9	2	13	0
457	egl-9	2	13	0
457	egl-9	2	13	0
458	egl-9	2	13	0
458	egl-9	2	13	0
459	egl-9	2	13	0
459	egl-9	2	13	0
460	egl-9	2	13	0
460	egl-9	2	13	0
461	egl-9	2	13	0
461	egl-9	2	13	0
462	egl-9	2	13	0
462	egl-9	2	13	0
463	egl-9	2	15	0
463	egl-9	2	15	0
464	egl-9	2	15	0
464	egl-9	2	15	0
465	egl-9	2	15	0
465	egl-9	2	15	0
466	egl-9	2	15	0
466	egl-9	2	15	0
467	egl-9	2	15	0
467	egl-9	2	15	0
468	egl-9	2	15	0
468	egl-9	2	15	0
469	egl-9	2	15	0
469	egl-9	2	15	0
470	egl-9	2	15	0
470	egl-9	2	15	0
471	egl-9	2	15	0
471	egl-9	2	15	0
472	egl-9	2	15	0
472	egl-9	2	15	0
473	egl-9	2	15	0
473	egl-9	2	15	0
474	egl-9	2	15	0
474	egl-9	2	15	0
475	egl-9	2	15	0
475	egl-9	2	15	0
476	egl-9	2	15	0
476	egl-9	2	15	0
477	egl-9	2	15	0
477	egl-9	2	15	0
478	egl-9	2	15	0
478	egl-9	2	15	0
479	egl-9	2	16	0
479	egl-9	2	16	0
480	egl-9	2	16	0
480	egl-9	2	16	0
481	egl-9	2	16	0
481	egl-9	2	16	0
482	egl-9	2	16	0
482	egl-9	2	16	0
483	egl-9	2	16	0
483	egl-9	2	16	0
484	egl-9	2	16	0
484	egl-9	2	16	0
485	egl-9	2	16	0
485	egl-9	2	16	0
486	egl-9	2	16	0
486	egl-9	2	16	0
487	egl-9	2	16	0
487	egl-9	2	16	0
488	egl-9	2	17	0
488	egl-9	2	17	0
489	egl-9	2	17	0
489	egl-9	2	17	0
490	egl-9	2	17	0
490	egl-9	2	17	0
491	egl-9	2	17	0
491	egl-9	2	17	0
492	egl-9	2	17	0
492	egl-9	2	17	0
493	egl-9	2	17	0
493	egl-9	2	17	0
494	egl-9	2	17	0
494	egl-9	2	17	0
495	egl-9	2	17	0
495	egl-9	2	17	0
496	egl-9	2	17	0
496	egl-9	2	17	0
497	egl-9	2	19	0
497	egl-9	2	19	0
498	egl-9	2	19	0
498	egl-9	2	19	0
499	egl-9	2	19	0
499	egl-9	2	19	0
500	egl-9	2	19	0
500	egl-9	2	19	0
501	egl-9	2	19	0
501	egl-9	2	19	0
502	egl-9	2	19	0
502	egl-9	2	19	0
503	egl-9	2	19	0
503	egl-9	2	19	0
504	egl-9	2	19	0
504	egl-9	2	19	0
505	egl-9	2	19	0
505	egl-9	2	19	0
506	egl-9	2	19	0
506	egl-9	2	19	0
507	egl-9	2	19	0
507	egl-9	2	19	0
508	egl-9	2	21	0
508	egl-9	2	21	0
509	egl-9	2	21	0
509	egl-9	2	21	0
510	egl-9	2	21	0
510	egl-9	2	21	0
511	egl-9	2	21	0
511	egl-9	2	21	0
512	egl-9	2	21	0
512	egl-9	2	21	0
513	egl-9	2	21	0
513	egl-9	2	21	0
514	egl-9	2	21	0
514	egl-9	2	21	0
515	egl-9	2	21	0
515	egl-9	2	21	0
516	egl-9	2	21	0
516	egl-9	2	21	0
517	egl-9	2	21	0
517	egl-9	2	21	0
518	egl-9	2	21	0
518	egl-9	2	21	0
519	egl-9	2	21	0
519	egl-9	2	21	0
520	egl-9	2	23	0
520	egl-9	2	23	0
521	egl-9	2	23	0
521	egl-9	2	23	0
522	egl-9	2	23	0
522	egl-9	2	23	0
523	egl-9	2	23	0
523	egl-9	2	23	0
524	egl-9	2	23	0
524	egl-9	2	23	0
525	egl-9	2	24	0
525	egl-9	2	24	0
526	egl-9	3	13	3
526	egl-9	3	13	3
527	egl-9	3	15	3
527	egl-9	3	15	3
528	egl-9	3	19	2
528	egl-9	3	19	2
529	egl-9	3	13	1
529	egl-9	3	13	1
530	egl-9	3	13	0
530	egl-9	3	13	0
531	egl-9	3	13	0
531	egl-9	3	13	0
532	egl-9	3	13	0
532	egl-9	3	13	0
533	egl-9	3	13	0
533	egl-9	3	13	0
534	egl-9	3	13	0
534	egl-9	3	13	0
535	egl-9	3	15	0
535	egl-9	3	15	0
536	egl-9	3	15	0
536	egl-9	3	15	0
537	egl-9	3	15	0
537	egl-9	3	15	0
538	egl-9	3	15	0
538	egl-9	3	15	0
539	egl-9	3	15	0
539	egl-9	3	15	0
540	egl-9	3	15	0
540	egl-9	3	15	0
541	egl-9	3	15	0
541	egl-9	3	15	0
542	egl-9	3	15	0
542	egl-9	3	15	0
543	egl-9	3	15	0
543	egl-9	3	15	0
544	egl-9	3	15	0
544	egl-9	3	15	0
545	egl-9	3	15	0
545	egl-9	3	15	0
546	egl-9	3	15	0
546	egl-9	3	15	0
547	egl-9	3	15	0
547	egl-9	3	15	0
548	egl-9	3	15	0
548	egl-9	3	15	0
549	egl-9	3	15	0
549	egl-9	3	15	0
550	egl-9	3	15	0
550	egl-9	3	15	0
551	egl-9	3	15	0
551	egl-9	3	15	0
552	egl-9	3	15	0
552	egl-9	3	15	0
553	egl-9	3	15	0
553	egl-9	3	15	0
554	egl-9	3	15	0
554	egl-9	3	15	0
555	egl-9	3	15	0
555	egl-9	3	15	0
556	egl-9	3	15	0
556	egl-9	3	15	0
557	egl-9	3	16	0
557	egl-9	3	16	0
558	egl-9	3	16	0
558	egl-9	3	16	0
559	egl-9	3	16	0
559	egl-9	3	16	0
560	egl-9	3	16	0
560	egl-9	3	16	0
561	egl-9	3	16	0
561	egl-9	3	16	0
562	egl-9	3	16	0
562	egl-9	3	16	0
563	egl-9	3	17	0
563	egl-9	3	17	0
564	egl-9	3	17	0
564	egl-9	3	17	0
565	egl-9	3	17	0
565	egl-9	3	17	0
566	egl-9	3	17	0
566	egl-9	3	17	0
567	egl-9	3	17	0
567	egl-9	3	17	0
568	egl-9	3	17	0
568	egl-9	3	17	0
569	egl-9	3	17	0
569	egl-9	3	17	0
570	egl-9	3	17	0
570	egl-9	3	17	0
571	egl-9	3	19	0
571	egl-9	3	19	0
572	egl-9	3	19	0
572	egl-9	3	19	0
573	egl-9	3	19	0
573	egl-9	3	19	0
574	egl-9	3	19	0
574	egl-9	3	19	0
575	egl-9	3	19	0
575	egl-9	3	19	0
576	egl-9	3	19	0
576	egl-9	3	19	0
577	egl-9	3	19	0
577	egl-9	3	19	0
578	egl-9	3	19	0
578	egl-9	3	19	0
579	egl-9	3	19	0
579	egl-9	3	19	0
580	egl-9	3	19	0
580	egl-9	3	19	0
581	egl-9	3	19	0
581	egl-9	3	19	0
582	egl-9	3	19	0
582	egl-9	3	19	0
583	egl-9	3	19	0
583	egl-9	3	19	0
584	egl-9	3	19	0
584	egl-9	3	19	0
585	egl-9	3	19	0
585	egl-9	3	19	0
586	egl-9	3	19	0
586	egl-9	3	19	0
587	egl-9	3	21	0
587	egl-9	3	21	0
588	egl-9	3	21	0
588	egl-9	3	21	0
589	egl-9	3	21	0
589	egl-9	3	21	0
590	egl-9	3	21	0
590	egl-9	3	21	0
591	egl-9	3	21	0
591	egl-9	3	21	0
592	egl-9	3	21	0
592	egl-9	3	21	0
593	egl-9	3	21	0
593	egl-9	3	21	0
594	egl-9	3	21	0
594	egl-9	3	21	0
595	egl-9	3	21	0
595	egl-9	3	21	0
596	egl-9	3	23	0
596	egl-9	3	23	0
597	egl-9	3	23	0
597	egl-9	3	23	0
598	egl-9	3	23	0
598	egl-9	3	23	0
599	egl-9	3	23	0
599	egl-9	3	23	0
600	egl-9	3	23	0
600	egl-9	3	23	0
601	egl-9	3	23	0
601	egl-9	3	23	0
602	egl-9	3	23	0
602	egl-9	3	23	0
603	egl-9	3	23	0
603	egl-9	3	23	0
604	egl-9	3	23	0
604	egl-9	3	23	0
605	egl-9	3	23	0
605	egl-9	3	23	0
606	egl-9	3	23	0
606	egl-9	3	23	0
607	egl-9	3	23	0
607	egl-9	3	23	0
608	egl-9	3	23	0
608	egl-9	3	23	0
609	egl-9	3	23	0
609	egl-9	3	23	0
610	egl-9	3	24	0
610	egl-9	3	24	0
611	egl-9	3	24	0
611	egl-9	3	24	0
612	egl-9	3	24	0
612	egl-9	3	24	0
613	egl-9	3	26	0
613	egl-9	3	26	0
614	egl-9	3	26	0
614	egl-9	3	26	0
615	egl-9	3	26	0
615	egl-9	3	26	0
616	egl-9	3	26	0
616	egl-9	3	26	0
617	egl-9	3	26	0
617	egl-9	3	26	0
618	egl-9(n571)	1	11	2
618	egl-9(n571)	1	11	2
619	egl-9(n571)	1	11	0
619	egl-9(n571)	1	11	0
620	egl-9(n571)	1	11	0
620	egl-9(n571)	1	11	0
621	egl-9(n571)	1	11	0
621	egl-9(n571)	1	11	0
622	egl-9(n571)	1	14	0
622	egl-9(n571)	1	14	0
623	egl-9(n571)	1	14	0
623	egl-9(n571)	1	14	0
624	egl-9(n571)	1	14	0
624	egl-9(n571)	1	14	0
625	egl-9(n571)	1	14	0
625	egl-9(n571)	1	14	0
626	egl-9(n571)	1	14	0
626	egl-9(n571)	1	14	0
627	egl-9(n571)	1	16	0
627	egl-9(n571)	1	16	0
628	egl-9(n571)	1	16	0
628	egl-9(n571)	1	16	0
629	egl-9(n571)	1	16	0
629	egl-9(n571)	1	16	0
630	egl-9(n571)	1	16	0
630	egl-9(n571)	1	16	0
631	egl-9(n571)	1	16	0
631	egl-9(n571)	1	16	0
632	egl-9(n571)	1	16	0
632	egl-9(n571)	1	16	0
633	egl-9(n571)	1	16	0
633	egl-9(n571)	1	16	0
634	egl-9(n571)	1	16	0
634	egl-9(n571)	1	16	0
635	egl-9(n571)	1	16	0
635	egl-9(n571)	1	16	0
636	egl-9(n571)	1	16	0
636	egl-9(n571)	1	16	0
637	egl-9(n571)	1	16	0
637	egl-9(n571)	1	16	0
638	egl-9(n571)	1	16	0
638	egl-9(n571)	1	16	0
639	egl-9(n571)	1	16	0
639	egl-9(n571)	1	16	0
640	egl-9(n571)	1	16	0
640	egl-9(n571)	1	16	0
641	egl-9(n571)	1	16	0
641	egl-9(n571)	1	16	0
642	egl-9(n571)	1	16	0
642	egl-9(n571)	1	16	0
643	egl-9(n571)	1	16	0
643	egl-9(n571)	1	16	0
644	egl-9(n571)	1	16	0
644	egl-9(n571)	1	16	0
645	egl-9(n571)	1	16	0
645	egl-9(n571)	1	16	0
646	egl-9(n571)	1	17	0
646	egl-9(n571)	1	17	0
647	egl-9(n571)	1	17	0
647	egl-9(n571)	1	17	0
648	egl-9(n571)	1	17	0
648	egl-9(n571)	1	17	0
649	egl-9(n571)	1	17	0
649	egl-9(n571)	1	17	0
650	egl-9(n571)	1	17	0
650	egl-9(n571)	1	17	0
651	egl-9(n571)	1	17	0
651	egl-9(n571)	1	17	0
652	egl-9(n571)	1	17	0
652	egl-9(n571)	1	17	0
653	egl-9(n571)	1	17	0
653	egl-9(n571)	1	17	0
654	egl-9(n571)	1	17	0
654	egl-9(n571)	1	17	0
655	egl-9(n571)	1	17	0
655	egl-9(n571)	1	17	0
656	egl-9(n571)	1	17	0
656	egl-9(n571)	1	17	0
657	egl-9(n571)	1	17	0
657	egl-9(n571)	1	17	0
658	egl-9(n571)	1	17	0
658	egl-9(n571)	1	17	0
659	egl-9(n571)	1	17	0
659	egl-9(n571)	1	17	0
660	egl-9(n571)	1	17	0
660	egl-9(n571)	1	17	0
661	egl-9(n571)	1	17	0
661	egl-9(n571)	1	17	0
662	egl-9(n571)	1	18	0
662	egl-9(n571)	1	18	0
663	egl-9(n571)	1	18	0
663	egl-9(n571)	1	18	0
664	egl-9(n571)	1	18	0
664	egl-9(n571)	1	18	0
665	egl-9(n571)	1	18	0
665	egl-9(n571)	1	18	0
666	egl-9(n571)	1	18	0
666	egl-9(n571)	1	18	0
667	egl-9(n571)	1	18	0
667	egl-9(n571)	1	18	0
668	egl-9(n571)	1	18	0
668	egl-9(n571)	1	18	0
669	egl-9(n571)	1	18	0
669	egl-9(n571)	1	18	0
670	egl-9(n571)	1	20	0
670	egl-9(n571)	1	20	0
671	egl-9(n571)	1	20	0
671	egl-9(n571)	1	20	0
672	egl-9(n571)	1	20	0
672	egl-9(n571)	1	20	0
673	egl-9(n571)	1	20	0
673	egl-9(n571)	1	20	0
674	egl-9(n571)	1	20	0
674	egl-9(n571)	1	20	0
675	egl-9(n571)	1	20	0
675	egl-9(n571)	1	20	0
676	egl-9(n571)	1	20	0
676	egl-9(n571)	1	20	0
677	egl-9(n571)	1	20	0
677	egl-9(n571)	1	20	0
678	egl-9(n571)	1	20	0
678	egl-9(n571)	1	20	0
679	egl-9(n571)	1	20	0
679	egl-9(n571)	1	20	0
680	egl-9(n571)	1	20	0
680	egl-9(n571)	1	20	0
681	egl-9(n571)	1	20	0
681	egl-9(n571)	1	20	0
682	egl-9(n571)	1	22	0
682	egl-9(n571)	1	22	0
683	egl-9(n571)	1	22	0
683	egl-9(n571)	1	22	0
684	egl-9(n571)	1	22	0
684	egl-9(n571)	1	22	0
685	egl-9(n571)	1	22	0
685	egl-9(n571)	1	22	0
686	egl-9(n571)	1	22	0
686	egl-9(n571)	1	22	0
687	egl-9(n571)	1	22	0
687	egl-9(n571)	1	22	0
688	egl-9(n571)	1	22	0
688	egl-9(n571)	1	22	0
689	egl-9(n571)	1	22	0
689	egl-9(n571)	1	22	0
690	egl-9(n571)	1	22	0
690	egl-9(n571)	1	22	0
691	egl-9(n571)	1	24	0
691	egl-9(n571)	1	24	0
692	egl-9(n571)	2	11	0
692	egl-9(n571)	2	11	0
693	egl-9(n571)	2	11	0
693	egl-9(n571)	2	11	0
694	egl-9(n571)	2	11	0
694	egl-9(n571)	2	11	0
695	egl-9(n571)	2	11	0
695	egl-9(n571)	2	11	0
696	egl-9(n571)	2	14	0
696	egl-9(n571)	2	14	0
697	egl-9(n571)	2	14	0
697	egl-9(n571)	2	14	0
698	egl-9(n571)	2	14	0
698	egl-9(n571)	2	14	0
699	egl-9(n571)	2	14	0
699	egl-9(n571)	2	14	0
700	egl-9(n571)	2	14	0
700	egl-9(n571)	2	14	0
701	egl-9(n571)	2	14	0
701	egl-9(n571)	2	14	0
702	egl-9(n571)	2	14	0
702	egl-9(n571)	2	14	0
703	egl-9(n571)	2	14	0
703	egl-9(n571)	2	14	0
704	egl-9(n571)	2	14	0
704	egl-9(n571)	2	14	0
705	egl-9(n571)	2	14	0
705	egl-9(n571)	2	14	0
706	egl-9(n571)	2	14	0
706	egl-9(n571)	2	14	0
707	egl-9(n571)	2	14	0
707	egl-9(n571)	2	14	0
708	egl-9(n571)	2	14	0
708	egl-9(n571)	2	14	0
709	egl-9(n571)	2	14	0
709	egl-9(n571)	2	14	0
710	egl-9(n571)	2	14	0
710	egl-9(n571)	2	14	0
711	egl-9(n571)	2	14	0
711	egl-9(n571)	2	14	0
712	egl-9(n571)	2	14	0
712	egl-9(n571)	2	14	0
713	egl-9(n571)	2	14	0
713	egl-9(n571)	2	14	0
714	egl-9(n571)	2	14	0
714	egl-9(n571)	2	14	0
715	egl-9(n571)	2	14	0
715	egl-9(n571)	2	14	0
716	egl-9(n571)	2	14	0
716	egl-9(n571)	2	14	0
717	egl-9(n571)	2	14	0
717	egl-9(n571)	2	14	0
718	egl-9(n571)	2	16	0
718	egl-9(n571)	2	16	0
719	egl-9(n571)	2	16	0
719	egl-9(n571)	2	16	0
720	egl-9(n571)	2	16	0
720	egl-9(n571)	2	16	0
721	egl-9(n571)	2	16	0
721	egl-9(n571)	2	16	0
722	egl-9(n571)	2	16	0
722	egl-9(n571)	2	16	0
723	egl-9(n571)	2	16	0
723	egl-9(n571)	2	16	0
724	egl-9(n571)	2	16	0
724	egl-9(n571)	2	16	0
725	egl-9(n571)	2	16	0
725	egl-9(n571)	2	16	0
726	egl-9(n571)	2	16	0
726	egl-9(n571)	2	16	0
727	egl-9(n571)	2	16	0
727	egl-9(n571)	2	16	0
728	egl-9(n571)	2	16	0
728	egl-9(n571)	2	16	0
729	egl-9(n571)	2	16	0
729	egl-9(n571)	2	16	0
730	egl-9(n571)	2	16	0
730	egl-9(n571)	2	16	0
731	egl-9(n571)	2	16	0
731	egl-9(n571)	2	16	0
732	egl-9(n571)	2	16	0
732	egl-9(n571)	2	16	0
733	egl-9(n571)	2	16	0
733	egl-9(n571)	2	16	0
734	egl-9(n571)	2	16	0
734	egl-9(n571)	2	16	0
735	egl-9(n571)	2	16	0
735	egl-9(n571)	2	16	0
736	egl-9(n571)	2	16	0
736	egl-9(n571)	2	16	0
737	egl-9(n571)	2	16	0
737	egl-9(n571)	2	16	0
738	egl-9(n571)	2	16	0
738	egl-9(n571)	2	16	0
739	egl-9(n571)	2	16	0
739	egl-9(n571)	2	16	0
740	egl-9(n571)	2	16	0
740	egl-9(n571)	2	16	0
741	egl-9(n571)	2	16	0
741	egl-9(n571)	2	16	0
742	egl-9(n571)	2	16	0
742	egl-9(n571)	2	16	0
743	egl-9(n571)	2	16	0
743	egl-9(n571)	2	16	0
744	egl-9(n571)	2	16	0
744	egl-9(n571)	2	16	0
745	egl-9(n571)	2	16	0
745	egl-9(n571)	2	16	0
746	egl-9(n571)	2	16	0
746	egl-9(n571)	2	16	0
747	egl-9(n571)	2	17	0
747	egl-9(n571)	2	17	0
748	egl-9(n571)	2	17	0
748	egl-9(n571)	2	17	0
749	egl-9(n571)	2	17	0
749	egl-9(n571)	2	17	0
750	egl-9(n571)	2	17	0
750	egl-9(n571)	2	17	0
751	egl-9(n571)	2	17	0
751	egl-9(n571)	2	17	0
752	egl-9(n571)	2	17	0
752	egl-9(n571)	2	17	0
753	egl-9(n571)	2	17	0
753	egl-9(n571)	2	17	0
754	egl-9(n571)	2	17	0
754	egl-9(n571)	2	17	0
755	egl-9(n571)	2	17	0
755	egl-9(n571)	2	17	0
756	egl-9(n571)	2	17	0
756	egl-9(n571)	2	17	0
757	egl-9(n571)	2	17	0
757	egl-9(n571)	2	17	0
758	egl-9(n571)	2	17	0
758	egl-9(n571)	2	17	0
759	egl-9(n571)	2	17	0
759	egl-9(n571)	2	17	0
760	egl-9(n571)	2	18	0
760	egl-9(n571)	2	18	0
761	egl-9(n571)	2	18	0
761	egl-9(n571)	2	18	0
762	egl-9(n571)	2	18	0
762	egl-9(n571)	2	18	0
763	egl-9(n571)	2	18	0
763	egl-9(n571)	2	18	0
764	egl-9(n571)	2	18	0
764	egl-9(n571)	2	18	0
765	egl-9(n571)	2	18	0
765	egl-9(n571)	2	18	0
766	egl-9(n571)	2	18	0
766	egl-9(n571)	2	18	0
767	egl-9(n571)	2	20	0
767	egl-9(n571)	2	20	0
768	egl-9(n571)	2	20	0
768	egl-9(n571)	2	20	0
769	egl-9(n571)	2	20	0
769	egl-9(n571)	2	20	0
770	egl-9(n571)	2	20	0
770	egl-9(n571)	2	20	0
771	egl-9(n571)	2	20	0
771	egl-9(n571)	2	20	0
772	egl-9(n571)	2	20	0
772	egl-9(n571)	2	20	0
773	egl-9(n571)	2	20	0
773	egl-9(n571)	2	20	0
774	egl-9(n571)	2	20	0
774	egl-9(n571)	2	20	0
775	egl-9(n571)	2	20	0
775	egl-9(n571)	2	20	0
776	egl-9(n571)	2	20	0
776	egl-9(n571)	2	20	0
777	egl-9(n571)	2	22	0
777	egl-9(n571)	2	22	0
778	egl-9(n571)	2	22	0
778	egl-9(n571)	2	22	0
779	egl-9(n571)	2	22	0
779	egl-9(n571)	2	22	0
780	egl-9(n571)	2	22	0
780	egl-9(n571)	2	22	0
781	egl-9(n571)	3	11	2
781	egl-9(n571)	3	11	2
782	egl-9(n571)	3	14	1
782	egl-9(n571)	3	14	1
783	egl-9(n571)	3	11	0
783	egl-9(n571)	3	11	0
784	egl-9(n571)	3	14	0
784	egl-9(n571)	3	14	0
785	egl-9(n571)	3	14	0
785	egl-9(n571)	3	14	0
786	egl-9(n571)	3	14	0
786	egl-9(n571)	3	14	0
787	egl-9(n571)	3	14	0
787	egl-9(n571)	3	14	0
788	egl-9(n571)	3	14	0
788	egl-9(n571)	3	14	0
789	egl-9(n571)	3	14	0
789	egl-9(n571)	3	14	0
790	egl-9(n571)	3	14	0
790	egl-9(n571)	3	14	0
791	egl-9(n571)	3	14	0
791	egl-9(n571)	3	14	0
792	egl-9(n571)	3	14	0
792	egl-9(n571)	3	14	0
793	egl-9(n571)	3	14	0
793	egl-9(n571)	3	14	0
794	egl-9(n571)	3	14	0
794	egl-9(n571)	3	14	0
795	egl-9(n571)	3	14	0
795	egl-9(n571)	3	14	0
796	egl-9(n571)	3	14	0
796	egl-9(n571)	3	14	0
797	egl-9(n571)	3	14	0
797	egl-9(n571)	3	14	0
798	egl-9(n571)	3	14	0
798	egl-9(n571)	3	14	0
799	egl-9(n571)	3	14	0
799	egl-9(n571)	3	14	0
800	egl-9(n571)	3	14	0
800	egl-9(n571)	3	14	0
801	egl-9(n571)	3	14	0
801	egl-9(n571)	3	14	0
802	egl-9(n571)	3	14	0
802	egl-9(n571)	3	14	0
803	egl-9(n571)	3	14	0
803	egl-9(n571)	3	14	0
804	egl-9(n571)	3	14	0
804	egl-9(n571)	3	14	0
805	egl-9(n571)	3	14	0
805	egl-9(n571)	3	14	0
806	egl-9(n571)	3	14	0
806	egl-9(n571)	3	14	0
807	egl-9(n571)	3	14	0
807	egl-9(n571)	3	14	0
808	egl-9(n571)	3	14	0
808	egl-9(n571)	3	14	0
809	egl-9(n571)	3	14	0
809	egl-9(n571)	3	14	0
810	egl-9(n571)	3	14	0
810	egl-9(n571)	3	14	0
811	egl-9(n571)	3	14	0
811	egl-9(n571)	3	14	0
812	egl-9(n571)	3	14	0
812	egl-9(n571)	3	14	0
813	egl-9(n571)	3	16	0
813	egl-9(n571)	3	16	0
814	egl-9(n571)	3	16	0
814	egl-9(n571)	3	16	0
815	egl-9(n571)	3	16	0
815	egl-9(n571)	3	16	0
816	egl-9(n571)	3	16	0
816	egl-9(n571)	3	16	0
817	egl-9(n571)	3	16	0
817	egl-9(n571)	3	16	0
818	egl-9(n571)	3	16	0
818	egl-9(n571)	3	16	0
819	egl-9(n571)	3	16	0
819	egl-9(n571)	3	16	0
820	egl-9(n571)	3	16	0
820	egl-9(n571)	3	16	0
821	egl-9(n571)	3	16	0
821	egl-9(n571)	3	16	0
822	egl-9(n571)	3	16	0
822	egl-9(n571)	3	16	0
823	egl-9(n571)	3	16	0
823	egl-9(n571)	3	16	0
824	egl-9(n571)	3	16	0
824	egl-9(n571)	3	16	0
825	egl-9(n571)	3	16	0
825	egl-9(n571)	3	16	0
826	egl-9(n571)	3	16	0
826	egl-9(n571)	3	16	0
827	egl-9(n571)	3	16	0
827	egl-9(n571)	3	16	0
828	egl-9(n571)	3	16	0
828	egl-9(n571)	3	16	0
829	egl-9(n571)	3	16	0
829	egl-9(n571)	3	16	0
830	egl-9(n571)	3	16	0
830	egl-9(n571)	3	16	0
831	egl-9(n571)	3	16	0
831	egl-9(n571)	3	16	0
832	egl-9(n571)	3	16	0
832	egl-9(n571)	3	16	0
833	egl-9(n571)	3	17	0
833	egl-9(n571)	3	17	0
834	egl-9(n571)	3	17	0
834	egl-9(n571)	3	17	0
835	egl-9(n571)	3	17	0
835	egl-9(n571)	3	17	0
836	egl-9(n571)	3	17	0
836	egl-9(n571)	3	17	0
837	egl-9(n571)	3	17	0
837	egl-9(n571)	3	17	0
838	egl-9(n571)	3	17	0
838	egl-9(n571)	3	17	0
839	egl-9(n571)	3	17	0
839	egl-9(n571)	3	17	0
840	egl-9(n571)	3	17	0
840	egl-9(n571)	3	17	0
841	egl-9(n571)	3	17	0
841	egl-9(n571)	3	17	0
842	egl-9(n571)	3	17	0
842	egl-9(n571)	3	17	0
843	egl-9(n571)	3	17	0
843	egl-9(n571)	3	17	0
844	egl-9(n571)	3	17	0
844	egl-9(n571)	3	17	0
845	egl-9(n571)	3	17	0
845	egl-9(n571)	3	17	0
846	egl-9(n571)	3	17	0
846	egl-9(n571)	3	17	0
847	egl-9(n571)	3	17	0
847	egl-9(n571)	3	17	0
848	egl-9(n571)	3	18	0
848	egl-9(n571)	3	18	0
849	egl-9(n571)	3	18	0
849	egl-9(n571)	3	18	0
850	egl-9(n571)	3	18	0
850	egl-9(n571)	3	18	0
851	egl-9(n571)	3	18	0
851	egl-9(n571)	3	18	0
852	egl-9(n571)	3	18	0
852	egl-9(n571)	3	18	0
853	egl-9(n571)	3	20	0
853	egl-9(n571)	3	20	0
854	egl-9(n571)	3	20	0
854	egl-9(n571)	3	20	0
855	egl-9(n571)	3	20	0
855	egl-9(n571)	3	20	0
856	egl-9(n571)	3	20	0
856	egl-9(n571)	3	20	0
857	egl-9(n571)	3	20	0
857	egl-9(n571)	3	20	0
858	egl-9(n571)	3	20	0
858	egl-9(n571)	3	20	0
859	egl-9(n571)	3	20	0
859	egl-9(n571)	3	20	0
860	egl-9(n571)	3	22	0
860	egl-9(n571)	3	22	0
861	egl-9(n571)	3	22	0
861	egl-9(n571)	3	22	0
862	rhy-1	1	7	3
862	rhy-1	1	7	3
863	rhy-1	1	7	3
863	rhy-1	1	7	3
864	rhy-1	1	7	3
864	rhy-1	1	7	3
865	rhy-1	1	7	3
865	rhy-1	1	7	3
866	rhy-1	1	7	3
866	rhy-1	1	7	3
867	rhy-1	1	7	3
867	rhy-1	1	7	3
868	rhy-1	1	7	3
868	rhy-1	1	7	3
869	rhy-1	1	7	3
869	rhy-1	1	7	3
870	rhy-1	1	7	3
870	rhy-1	1	7	3
871	rhy-1	1	9	3
871	rhy-1	1	9	3
872	rhy-1	1	11	3
872	rhy-1	1	11	3
873	rhy-1	1	11	3
873	rhy-1	1	11	3
874	rhy-1	1	11	3
874	rhy-1	1	11	3
875	rhy-1	1	11	3
875	rhy-1	1	11	3
876	rhy-1	1	11	3
876	rhy-1	1	11	3
877	rhy-1	1	11	3
877	rhy-1	1	11	3
878	rhy-1	1	11	3
878	rhy-1	1	11	3
879	rhy-1	1	14	3
879	rhy-1	1	14	3
880	rhy-1	1	14	3
880	rhy-1	1	14	3
881	rhy-1	1	14	3
881	rhy-1	1	14	3
882	rhy-1	1	14	3
882	rhy-1	1	14	3
883	rhy-1	1	14	3
883	rhy-1	1	14	3
884	rhy-1	1	16	3
884	rhy-1	1	16	3
885	rhy-1	1	16	3
885	rhy-1	1	16	3
886	rhy-1	1	16	3
886	rhy-1	1	16	3
887	rhy-1	1	16	3
887	rhy-1	1	16	3
888	rhy-1	1	16	3
888	rhy-1	1	16	3
889	rhy-1	1	16	3
889	rhy-1	1	16	3
890	rhy-1	1	16	3
890	rhy-1	1	16	3
891	rhy-1	1	7	2
891	rhy-1	1	7	2
892	rhy-1	1	7	2
892	rhy-1	1	7	2
893	rhy-1	1	7	2
893	rhy-1	1	7	2
894	rhy-1	1	7	2
894	rhy-1	1	7	2
895	rhy-1	1	9	2
895	rhy-1	1	9	2
896	rhy-1	1	9	2
896	rhy-1	1	9	2
897	rhy-1	1	9	2
897	rhy-1	1	9	2
898	rhy-1	1	9	2
898	rhy-1	1	9	2
899	rhy-1	1	9	2
899	rhy-1	1	9	2
900	rhy-1	1	9	2
900	rhy-1	1	9	2
901	rhy-1	1	9	2
901	rhy-1	1	9	2
902	rhy-1	1	9	2
902	rhy-1	1	9	2
903	rhy-1	1	9	2
903	rhy-1	1	9	2
904	rhy-1	1	9	2
904	rhy-1	1	9	2
905	rhy-1	1	9	2
905	rhy-1	1	9	2
906	rhy-1	1	9	2
906	rhy-1	1	9	2
907	rhy-1	1	9	2
907	rhy-1	1	9	2
908	rhy-1	1	11	2
908	rhy-1	1	11	2
909	rhy-1	1	11	2
909	rhy-1	1	11	2
910	rhy-1	1	11	2
910	rhy-1	1	11	2
911	rhy-1	1	11	2
911	rhy-1	1	11	2
912	rhy-1	1	11	2
912	rhy-1	1	11	2
913	rhy-1	1	11	2
913	rhy-1	1	11	2
914	rhy-1	1	11	2
914	rhy-1	1	11	2
915	rhy-1	1	11	2
915	rhy-1	1	11	2
916	rhy-1	1	14	2
916	rhy-1	1	14	2
917	rhy-1	1	16	2
917	rhy-1	1	16	2
918	rhy-1	1	16	2
918	rhy-1	1	16	2
919	rhy-1	1	16	2
919	rhy-1	1	16	2
920	rhy-1	1	16	2
920	rhy-1	1	16	2
921	rhy-1	1	16	2
921	rhy-1	1	16	2
922	rhy-1	1	16	2
922	rhy-1	1	16	2
923	rhy-1	1	16	2
923	rhy-1	1	16	2
924	rhy-1	1	7	1
924	rhy-1	1	7	1
925	rhy-1	1	7	1
925	rhy-1	1	7	1
926	rhy-1	1	7	1
926	rhy-1	1	7	1
927	rhy-1	1	11	1
927	rhy-1	1	11	1
928	rhy-1	1	11	1
928	rhy-1	1	11	1
929	rhy-1	1	14	1
929	rhy-1	1	14	1
930	rhy-1	1	14	1
930	rhy-1	1	14	1
931	rhy-1	1	14	1
931	rhy-1	1	14	1
932	rhy-1	1	16	1
932	rhy-1	1	16	1
933	rhy-1	1	7	0
933	rhy-1	1	7	0
934	rhy-1	1	9	0
934	rhy-1	1	9	0
935	rhy-1	1	11	0
935	rhy-1	1	11	0
936	rhy-1	1	11	0
936	rhy-1	1	11	0
937	rhy-1	1	11	0
937	rhy-1	1	11	0
938	rhy-1	1	14	0
938	rhy-1	1	14	0
939	rhy-1	1	14	0
939	rhy-1	1	14	0
940	rhy-1	1	14	0
940	rhy-1	1	14	0
941	rhy-1	1	14	0
941	rhy-1	1	14	0
942	rhy-1	1	14	0
942	rhy-1	1	14	0
943	rhy-1	1	14	0
943	rhy-1	1	14	0
944	rhy-1	1	14	0
944	rhy-1	1	14	0
945	rhy-1	1	14	0
945	rhy-1	1	14	0
946	rhy-1	1	14	0
946	rhy-1	1	14	0
947	rhy-1	1	14	0
947	rhy-1	1	14	0
948	rhy-1	1	14	0
948	rhy-1	1	14	0
949	rhy-1	1	14	0
949	rhy-1	1	14	0
950	rhy-1	1	14	0
950	rhy-1	1	14	0
951	rhy-1	1	14	0
951	rhy-1	1	14	0
952	rhy-1	1	14	0
952	rhy-1	1	14	0
953	rhy-1	1	14	0
953	rhy-1	1	14	0
954	rhy-1	1	14	0
954	rhy-1	1	14	0
955	rhy-1	1	14	0
955	rhy-1	1	14	0
956	rhy-1	1	14	0
956	rhy-1	1	14	0
957	rhy-1	1	16	0
957	rhy-1	1	16	0
958	rhy-1	1	16	0
958	rhy-1	1	16	0
959	rhy-1	1	16	0
959	rhy-1	1	16	0
960	rhy-1	1	16	0
960	rhy-1	1	16	0
961	rhy-1	1	16	0
961	rhy-1	1	16	0
962	rhy-1	1	16	0
962	rhy-1	1	16	0
963	rhy-1	1	16	0
963	rhy-1	1	16	0
964	rhy-1	1	16	0
964	rhy-1	1	16	0
965	rhy-1	1	16	0
965	rhy-1	1	16	0
966	rhy-1	1	16	0
966	rhy-1	1	16	0
967	rhy-1	1	16	0
967	rhy-1	1	16	0
968	rhy-1	1	17	0
968	rhy-1	1	17	0
969	rhy-1	1	17	0
969	rhy-1	1	17	0
970	rhy-1	1	17	0
970	rhy-1	1	17	0
971	rhy-1	1	20	0
971	rhy-1	1	20	0
972	rhy-1	2	7	3
972	rhy-1	2	7	3
973	rhy-1	2	7	3
973	rhy-1	2	7	3
974	rhy-1	2	7	3
974	rhy-1	2	7	3
975	rhy-1	2	7	3
975	rhy-1	2	7	3
976	rhy-1	2	7	3
976	rhy-1	2	7	3
977	rhy-1	2	7	3
977	rhy-1	2	7	3
978	rhy-1	2	7	3
978	rhy-1	2	7	3
979	rhy-1	2	7	3
979	rhy-1	2	7	3
980	rhy-1	2	7	3
980	rhy-1	2	7	3
981	rhy-1	2	9	3
981	rhy-1	2	9	3
982	rhy-1	2	9	3
982	rhy-1	2	9	3
983	rhy-1	2	9	3
983	rhy-1	2	9	3
984	rhy-1	2	9	3
984	rhy-1	2	9	3
985	rhy-1	2	9	3
985	rhy-1	2	9	3
986	rhy-1	2	9	3
986	rhy-1	2	9	3
987	rhy-1	2	11	3
987	rhy-1	2	11	3
988	rhy-1	2	11	3
988	rhy-1	2	11	3
989	rhy-1	2	11	3
989	rhy-1	2	11	3
990	rhy-1	2	11	3
990	rhy-1	2	11	3
991	rhy-1	2	11	3
991	rhy-1	2	11	3
992	rhy-1	2	11	3
992	rhy-1	2	11	3
993	rhy-1	2	11	3
993	rhy-1	2	11	3
994	rhy-1	2	14	3
994	rhy-1	2	14	3
995	rhy-1	2	16	3
995	rhy-1	2	16	3
996	rhy-1	2	7	2
996	rhy-1	2	7	2
997	rhy-1	2	7	2
997	rhy-1	2	7	2
998	rhy-1	2	7	2
998	rhy-1	2	7	2
999	rhy-1	2	7	2
999	rhy-1	2	7	2
1000	rhy-1	2	7	2
1000	rhy-1	2	7	2
1001	rhy-1	2	7	2
1001	rhy-1	2	7	2
1002	rhy-1	2	9	2
1002	rhy-1	2	9	2
1003	rhy-1	2	9	2
1003	rhy-1	2	9	2
1004	rhy-1	2	9	2
1004	rhy-1	2	9	2
1005	rhy-1	2	9	2
1005	rhy-1	2	9	2
1006	rhy-1	2	9	2
1006	rhy-1	2	9	2
1007	rhy-1	2	9	2
1007	rhy-1	2	9	2
1008	rhy-1	2	9	2
1008	rhy-1	2	9	2
1009	rhy-1	2	11	2
1009	rhy-1	2	11	2
1010	rhy-1	2	11	2
1010	rhy-1	2	11	2
1011	rhy-1	2	11	2
1011	rhy-1	2	11	2
1012	rhy-1	2	11	2
1012	rhy-1	2	11	2
1013	rhy-1	2	11	2
1013	rhy-1	2	11	2
1014	rhy-1	2	11	2
1014	rhy-1	2	11	2
1015	rhy-1	2	11	2
1015	rhy-1	2	11	2
1016	rhy-1	2	14	2
1016	rhy-1	2	14	2
1017	rhy-1	2	14	2
1017	rhy-1	2	14	2
1018	rhy-1	2	16	2
1018	rhy-1	2	16	2
1019	rhy-1	2	16	2
1019	rhy-1	2	16	2
1020	rhy-1	2	16	2
1020	rhy-1	2	16	2
1021	rhy-1	2	16	2
1021	rhy-1	2	16	2
1022	rhy-1	2	16	2
1022	rhy-1	2	16	2
1023	rhy-1	2	16	2
1023	rhy-1	2	16	2
1024	rhy-1	2	16	2
1024	rhy-1	2	16	2
1025	rhy-1	2	16	2
1025	rhy-1	2	16	2
1026	rhy-1	2	7	1
1026	rhy-1	2	7	1
1027	rhy-1	2	9	1
1027	rhy-1	2	9	1
1028	rhy-1	2	11	1
1028	rhy-1	2	11	1
1029	rhy-1	2	11	1
1029	rhy-1	2	11	1
1030	rhy-1	2	11	1
1030	rhy-1	2	11	1
1031	rhy-1	2	11	1
1031	rhy-1	2	11	1
1032	rhy-1	2	14	1
1032	rhy-1	2	14	1
1033	rhy-1	2	14	1
1033	rhy-1	2	14	1
1034	rhy-1	2	14	1
1034	rhy-1	2	14	1
1035	rhy-1	2	14	1
1035	rhy-1	2	14	1
1036	rhy-1	2	14	1
1036	rhy-1	2	14	1
1037	rhy-1	2	14	1
1037	rhy-1	2	14	1
1038	rhy-1	2	14	1
1038	rhy-1	2	14	1
1039	rhy-1	2	16	1
1039	rhy-1	2	16	1
1040	rhy-1	2	9	0
1040	rhy-1	2	9	0
1041	rhy-1	2	9	0
1041	rhy-1	2	9	0
1042	rhy-1	2	9	0
1042	rhy-1	2	9	0
1043	rhy-1	2	9	0
1043	rhy-1	2	9	0
1044	rhy-1	2	9	0
1044	rhy-1	2	9	0
1045	rhy-1	2	11	0
1045	rhy-1	2	11	0
1046	rhy-1	2	11	0
1046	rhy-1	2	11	0
1047	rhy-1	2	11	0
1047	rhy-1	2	11	0
1048	rhy-1	2	11	0
1048	rhy-1	2	11	0
1049	rhy-1	2	11	0
1049	rhy-1	2	11	0
1050	rhy-1	2	14	0
1050	rhy-1	2	14	0
1051	rhy-1	2	14	0
1051	rhy-1	2	14	0
1052	rhy-1	2	14	0
1052	rhy-1	2	14	0
1053	rhy-1	2	14	0
1053	rhy-1	2	14	0
1054	rhy-1	2	14	0
1054	rhy-1	2	14	0
1055	rhy-1	2	14	0
1055	rhy-1	2	14	0
1056	rhy-1	2	14	0
1056	rhy-1	2	14	0
1057	rhy-1	2	14	0
1057	rhy-1	2	14	0
1058	rhy-1	2	14	0
1058	rhy-1	2	14	0
1059	rhy-1	2	14	0
1059	rhy-1	2	14	0
1060	rhy-1	2	14	0
1060	rhy-1	2	14	0
1061	rhy-1	2	14	0
1061	rhy-1	2	14	0
1062	rhy-1	2	14	0
1062	rhy-1	2	14	0
1063	rhy-1	2	14	0
1063	rhy-1	2	14	0
1064	rhy-1	2	14	0
1064	rhy-1	2	14	0
1065	rhy-1	2	14	0
1065	rhy-1	2	14	0
1066	rhy-1	2	14	0
1066	rhy-1	2	14	0
1067	rhy-1	2	14	0
1067	rhy-1	2	14	0
1068	rhy-1	2	14	0
1068	rhy-1	2	14	0
1069	rhy-1	2	14	0
1069	rhy-1	2	14	0
1070	rhy-1	2	14	0
1070	rhy-1	2	14	0
1071	rhy-1	2	14	0
1071	rhy-1	2	14	0
1072	rhy-1	2	16	0
1072	rhy-1	2	16	0
1073	rhy-1	2	16	0
1073	rhy-1	2	16	0
1074	rhy-1	2	16	0
1074	rhy-1	2	16	0
1075	rhy-1	2	16	0
1075	rhy-1	2	16	0
1076	rhy-1	2	16	0
1076	rhy-1	2	16	0
1077	rhy-1	2	16	0
1077	rhy-1	2	16	0
1078	rhy-1	2	16	0
1078	rhy-1	2	16	0
1079	rhy-1	2	16	0
1079	rhy-1	2	16	0
1080	rhy-1	2	16	0
1080	rhy-1	2	16	0
1081	rhy-1	2	17	0
1081	rhy-1	2	17	0
1082	rhy-1	3	7	3
1082	rhy-1	3	7	3
1083	rhy-1	3	7	3
1083	rhy-1	3	7	3
1084	rhy-1	3	7	3
1084	rhy-1	3	7	3
1085	rhy-1	3	7	3
1085	rhy-1	3	7	3
1086	rhy-1	3	7	3
1086	rhy-1	3	7	3
1087	rhy-1	3	7	3
1087	rhy-1	3	7	3
1088	rhy-1	3	9	3
1088	rhy-1	3	9	3
1089	rhy-1	3	9	3
1089	rhy-1	3	9	3
1090	rhy-1	3	9	3
1090	rhy-1	3	9	3
1091	rhy-1	3	9	3
1091	rhy-1	3	9	3
1092	rhy-1	3	9	3
1092	rhy-1	3	9	3
1093	rhy-1	3	11	3
1093	rhy-1	3	11	3
1094	rhy-1	3	11	3
1094	rhy-1	3	11	3
1095	rhy-1	3	11	3
1095	rhy-1	3	11	3
1096	rhy-1	3	11	3
1096	rhy-1	3	11	3
1097	rhy-1	3	11	3
1097	rhy-1	3	11	3
1098	rhy-1	3	11	3
1098	rhy-1	3	11	3
1099	rhy-1	3	11	3
1099	rhy-1	3	11	3
1100	rhy-1	3	11	3
1100	rhy-1	3	11	3
1101	rhy-1	3	11	3
1101	rhy-1	3	11	3
1102	rhy-1	3	11	3
1102	rhy-1	3	11	3
1103	rhy-1	3	11	3
1103	rhy-1	3	11	3
1104	rhy-1	3	14	3
1104	rhy-1	3	14	3
1105	rhy-1	3	16	3
1105	rhy-1	3	16	3
1106	rhy-1	3	17	3
1106	rhy-1	3	17	3
1107	rhy-1	3	7	2
1107	rhy-1	3	7	2
1108	rhy-1	3	7	2
1108	rhy-1	3	7	2
1109	rhy-1	3	7	2
1109	rhy-1	3	7	2
1110	rhy-1	3	7	2
1110	rhy-1	3	7	2
1111	rhy-1	3	7	2
1111	rhy-1	3	7	2
1112	rhy-1	3	9	2
1112	rhy-1	3	9	2
1113	rhy-1	3	9	2
1113	rhy-1	3	9	2
1114	rhy-1	3	9	2
1114	rhy-1	3	9	2
1115	rhy-1	3	9	2
1115	rhy-1	3	9	2
1116	rhy-1	3	9	2
1116	rhy-1	3	9	2
1117	rhy-1	3	9	2
1117	rhy-1	3	9	2
1118	rhy-1	3	9	2
1118	rhy-1	3	9	2
1119	rhy-1	3	11	2
1119	rhy-1	3	11	2
1120	rhy-1	3	11	2
1120	rhy-1	3	11	2
1121	rhy-1	3	11	2
1121	rhy-1	3	11	2
1122	rhy-1	3	11	2
1122	rhy-1	3	11	2
1123	rhy-1	3	11	2
1123	rhy-1	3	11	2
1124	rhy-1	3	11	2
1124	rhy-1	3	11	2
1125	rhy-1	3	11	2
1125	rhy-1	3	11	2
1126	rhy-1	3	11	2
1126	rhy-1	3	11	2
1127	rhy-1	3	11	2
1127	rhy-1	3	11	2
1128	rhy-1	3	11	2
1128	rhy-1	3	11	2
1129	rhy-1	3	11	2
1129	rhy-1	3	11	2
1130	rhy-1	3	11	2
1130	rhy-1	3	11	2
1131	rhy-1	3	11	2
1131	rhy-1	3	11	2
1132	rhy-1	3	14	2
1132	rhy-1	3	14	2
1133	rhy-1	3	14	2
1133	rhy-1	3	14	2
1134	rhy-1	3	14	2
1134	rhy-1	3	14	2
1135	rhy-1	3	14	2
1135	rhy-1	3	14	2
1136	rhy-1	3	16	2
1136	rhy-1	3	16	2
1137	rhy-1	3	17	2
1137	rhy-1	3	17	2
1138	rhy-1	3	9	1
1138	rhy-1	3	9	1
1139	rhy-1	3	9	1
1139	rhy-1	3	9	1
1140	rhy-1	3	11	1
1140	rhy-1	3	11	1
1141	rhy-1	3	11	1
1141	rhy-1	3	11	1
1142	rhy-1	3	11	1
1142	rhy-1	3	11	1
1143	rhy-1	3	11	1
1143	rhy-1	3	11	1
1144	rhy-1	3	11	1
1144	rhy-1	3	11	1
1145	rhy-1	3	11	1
1145	rhy-1	3	11	1
1146	rhy-1	3	11	1
1146	rhy-1	3	11	1
1147	rhy-1	3	11	1
1147	rhy-1	3	11	1
1148	rhy-1	3	11	1
1148	rhy-1	3	11	1
1149	rhy-1	3	11	1
1149	rhy-1	3	11	1
1150	rhy-1	3	11	1
1150	rhy-1	3	11	1
1151	rhy-1	3	14	1
1151	rhy-1	3	14	1
1152	rhy-1	3	14	1
1152	rhy-1	3	14	1
1153	rhy-1	3	14	1
1153	rhy-1	3	14	1
1154	rhy-1	3	14	1
1154	rhy-1	3	14	1
1155	rhy-1	3	14	1
1155	rhy-1	3	14	1
1156	rhy-1	3	14	1
1156	rhy-1	3	14	1
1157	rhy-1	3	7	0
1157	rhy-1	3	7	0
1158	rhy-1	3	7	0
1158	rhy-1	3	7	0
1159	rhy-1	3	9	0
1159	rhy-1	3	9	0
1160	rhy-1	3	11	0
1160	rhy-1	3	11	0
1161	rhy-1	3	11	0
1161	rhy-1	3	11	0
1162	rhy-1	3	11	0
1162	rhy-1	3	11	0
1163	rhy-1	3	11	0
1163	rhy-1	3	11	0
1164	rhy-1	3	11	0
1164	rhy-1	3	11	0
1165	rhy-1	3	11	0
1165	rhy-1	3	11	0
1166	rhy-1	3	14	0
1166	rhy-1	3	14	0
1167	rhy-1	3	14	0
1167	rhy-1	3	14	0
1168	rhy-1	3	14	0
1168	rhy-1	3	14	0
1169	rhy-1	3	14	0
1169	rhy-1	3	14	0
1170	rhy-1	3	14	0
1170	rhy-1	3	14	0
1171	rhy-1	3	14	0
1171	rhy-1	3	14	0
1172	rhy-1	3	14	0
1172	rhy-1	3	14	0
1173	rhy-1	3	14	0
1173	rhy-1	3	14	0
1174	rhy-1	3	14	0
1174	rhy-1	3	14	0
1175	rhy-1	3	14	0
1175	rhy-1	3	14	0
1176	rhy-1	3	14	0
1176	rhy-1	3	14	0
1177	rhy-1	3	14	0
1177	rhy-1	3	14	0
1178	rhy-1	3	14	0
1178	rhy-1	3	14	0
1179	rhy-1	3	14	0
1179	rhy-1	3	14	0
1180	rhy-1	3	14	0
1180	rhy-1	3	14	0
1181	rhy-1	3	14	0
1181	rhy-1	3	14	0
1182	rhy-1	3	14	0
1182	rhy-1	3	14	0
1183	rhy-1	3	14	0
1183	rhy-1	3	14	0
1184	rhy-1	3	14	0
1184	rhy-1	3	14	0
1185	rhy-1	3	14	0
1185	rhy-1	3	14	0
1186	rhy-1	3	14	0
1186	rhy-1	3	14	0
1187	rhy-1	3	14	0
1187	rhy-1	3	14	0
1188	rhy-1	3	14	0
1188	rhy-1	3	14	0
1189	rhy-1	3	14	0
1189	rhy-1	3	14	0
1190	rhy-1	3	14	0
1190	rhy-1	3	14	0
1191	rhy-1	3	14	0
1191	rhy-1	3	14	0
1192	rhy-1	3	14	0
1192	rhy-1	3	14	0
1193	rhy-1	3	14	0
1193	rhy-1	3	14	0
1194	rhy-1	3	16	0
1194	rhy-1	3	16	0
1195	rhy-1	3	16	0
1195	rhy-1	3	16	0
1196	rhy-1	3	16	0
1196	rhy-1	3	16	0
1197	rhy-1	3	16	0
1197	rhy-1	3	16	0
1198	rhy-1	3	17	0
1198	rhy-1	3	17	0
1199	rhy-1	3	17	0
1199	rhy-1	3	17	0
1200	rhy-1	3	17	0
1200	rhy-1	3	17	0
1201	rhy-1	3	17	0
1201	rhy-1	3	17	0
1202	rhy-1	3	17	0
1202	rhy-1	3	17	0
1203	rhy-1	3	18	0
1203	rhy-1	3	18	0
1204	rhy-1	3	18	0
1204	rhy-1	3	18	0
