strain	replicate	age.at.death	rupture	
strain	replicate	age.at.death	rupture	
1	N2	1	13	0
1	N2	1	13	0
2	N2	1	13	0
2	N2	1	13	0
3	N2	1	13	0
3	N2	1	13	0
4	N2	1	13	0
4	N2	1	13	0
5	N2	1	13	0
5	N2	1	13	0
6	N2	1	13	0
6	N2	1	13	0
7	N2	1	15	0
7	N2	1	15	0
8	N2	1	15	0
8	N2	1	15	0
9	N2	1	15	0
9	N2	1	15	0
10	N2	1	15	0
10	N2	1	15	0
11	N2	1	15	0
11	N2	1	15	0
12	N2	1	15	0
12	N2	1	15	0
13	N2	1	15	0
13	N2	1	15	0
14	N2	1	15	0
14	N2	1	15	0
15	N2	1	15	0
15	N2	1	15	0
16	N2	1	15	0
16	N2	1	15	0
17	N2	1	15	0
17	N2	1	15	0
18	N2	1	15	0
18	N2	1	15	0
19	N2	1	15	0
19	N2	1	15	0
20	N2	1	15	0
20	N2	1	15	0
21	N2	1	15	0
21	N2	1	15	0
22	N2	1	15	0
22	N2	1	15	0
23	N2	1	15	0
23	N2	1	15	0
24	N2	1	15	0
24	N2	1	15	0
25	N2	1	15	0
25	N2	1	15	0
26	N2	1	15	0
26	N2	1	15	0
27	N2	1	15	0
27	N2	1	15	0
28	N2	1	15	0
28	N2	1	15	0
29	N2	1	15	0
29	N2	1	15	0
30	N2	1	15	0
30	N2	1	15	0
31	N2	1	15	0
31	N2	1	15	0
32	N2	1	15	0
32	N2	1	15	0
33	N2	1	15	0
33	N2	1	15	0
34	N2	1	15	0
34	N2	1	15	0
35	N2	1	15	0
35	N2	1	15	0
36	N2	1	15	0
36	N2	1	15	0
37	N2	1	15	0
37	N2	1	15	0
38	N2	1	15	0
38	N2	1	15	0
39	N2	1	15	0
39	N2	1	15	0
40	N2	1	15	0
40	N2	1	15	0
41	N2	1	15	0
41	N2	1	15	0
42	N2	1	15	0
42	N2	1	15	0
43	N2	1	15	0
43	N2	1	15	0
44	N2	1	15	0
44	N2	1	15	0
45	N2	1	15	0
45	N2	1	15	0
46	N2	1	16	0
46	N2	1	16	0
47	N2	1	16	0
47	N2	1	16	0
48	N2	1	16	0
48	N2	1	16	0
49	N2	1	16	0
49	N2	1	16	0
50	N2	1	16	0
50	N2	1	16	0
51	N2	1	16	0
51	N2	1	16	0
52	N2	1	16	0
52	N2	1	16	0
53	N2	1	16	0
53	N2	1	16	0
54	N2	1	17	0
54	N2	1	17	0
55	N2	1	17	0
55	N2	1	17	0
56	N2	1	17	0
56	N2	1	17	0
57	N2	1	17	0
57	N2	1	17	0
58	N2	1	17	0
58	N2	1	17	0
59	N2	1	17	0
59	N2	1	17	0
60	N2	1	17	0
60	N2	1	17	0
61	N2	1	17	0
61	N2	1	17	0
62	N2	1	17	0
62	N2	1	17	0
63	N2	1	17	0
63	N2	1	17	0
64	N2	1	17	0
64	N2	1	17	0
65	N2	1	19	0
65	N2	1	19	0
66	N2	1	19	0
66	N2	1	19	0
67	N2	1	19	0
67	N2	1	19	0
68	N2	1	19	0
68	N2	1	19	0
69	N2	1	19	0
69	N2	1	19	0
70	N2	1	19	0
70	N2	1	19	0
71	N2	1	19	0
71	N2	1	19	0
72	N2	1	19	0
72	N2	1	19	0
73	N2	1	19	0
73	N2	1	19	0
74	N2	1	19	0
74	N2	1	19	0
75	N2	1	19	0
75	N2	1	19	0
76	N2	1	19	0
76	N2	1	19	0
77	N2	1	19	0
77	N2	1	19	0
78	N2	1	19	0
78	N2	1	19	0
79	N2	1	21	0
79	N2	1	21	0
80	N2	1	21	0
80	N2	1	21	0
81	N2	1	21	0
81	N2	1	21	0
82	N2	1	21	0
82	N2	1	21	0
83	N2	2	11	0
83	N2	2	11	0
84	N2	2	11	0
84	N2	2	11	0
85	N2	2	13	0
85	N2	2	13	0
86	N2	2	13	0
86	N2	2	13	0
87	N2	2	13	0
87	N2	2	13	0
88	N2	2	13	0
88	N2	2	13	0
89	N2	2	13	0
89	N2	2	13	0
90	N2	2	13	0
90	N2	2	13	0
91	N2	2	13	0
91	N2	2	13	0
92	N2	2	13	0
92	N2	2	13	0
93	N2	2	13	0
93	N2	2	13	0
94	N2	2	15	0
94	N2	2	15	0
95	N2	2	15	0
95	N2	2	15	0
96	N2	2	15	0
96	N2	2	15	0
97	N2	2	15	0
97	N2	2	15	0
98	N2	2	15	0
98	N2	2	15	0
99	N2	2	15	0
99	N2	2	15	0
100	N2	2	15	0
100	N2	2	15	0
101	N2	2	15	0
101	N2	2	15	0
102	N2	2	15	0
102	N2	2	15	0
103	N2	2	15	0
103	N2	2	15	0
104	N2	2	15	0
104	N2	2	15	0
105	N2	2	15	0
105	N2	2	15	0
106	N2	2	15	0
106	N2	2	15	0
107	N2	2	15	0
107	N2	2	15	0
108	N2	2	15	0
108	N2	2	15	0
109	N2	2	15	0
109	N2	2	15	0
110	N2	2	15	0
110	N2	2	15	0
111	N2	2	15	0
111	N2	2	15	0
112	N2	2	15	0
112	N2	2	15	0
113	N2	2	15	0
113	N2	2	15	0
114	N2	2	15	0
114	N2	2	15	0
115	N2	2	15	0
115	N2	2	15	0
116	N2	2	15	0
116	N2	2	15	0
117	N2	2	15	0
117	N2	2	15	0
118	N2	2	16	0
118	N2	2	16	0
119	N2	2	16	0
119	N2	2	16	0
120	N2	2	16	0
120	N2	2	16	0
121	N2	2	16	0
121	N2	2	16	0
122	N2	2	16	0
122	N2	2	16	0
123	N2	2	16	0
123	N2	2	16	0
124	N2	2	16	0
124	N2	2	16	0
125	N2	2	16	0
125	N2	2	16	0
126	N2	2	16	0
126	N2	2	16	0
127	N2	2	16	0
127	N2	2	16	0
128	N2	2	16	0
128	N2	2	16	0
129	N2	2	17	0
129	N2	2	17	0
130	N2	2	17	0
130	N2	2	17	0
131	N2	2	17	0
131	N2	2	17	0
132	N2	2	19	0
132	N2	2	19	0
133	N2	2	19	0
133	N2	2	19	0
134	N2	2	19	0
134	N2	2	19	0
135	N2	2	19	0
135	N2	2	19	0
136	N2	2	19	0
136	N2	2	19	0
137	N2	2	19	0
137	N2	2	19	0
138	N2	2	19	0
138	N2	2	19	0
139	N2	2	19	0
139	N2	2	19	0
140	N2	2	19	0
140	N2	2	19	0
141	N2	2	19	0
141	N2	2	19	0
142	N2	2	19	0
142	N2	2	19	0
143	N2	2	19	0
143	N2	2	19	0
144	N2	2	19	0
144	N2	2	19	0
145	N2	2	19	0
145	N2	2	19	0
146	N2	2	19	0
146	N2	2	19	0
147	N2	2	19	0
147	N2	2	19	0
148	N2	2	19	0
148	N2	2	19	0
149	N2	2	19	0
149	N2	2	19	0
150	N2	2	21	0
150	N2	2	21	0
151	N2	2	21	0
151	N2	2	21	0
152	N2	2	21	0
152	N2	2	21	0
153	N2	2	21	0
153	N2	2	21	0
154	N2	2	21	0
154	N2	2	21	0
155	N2	2	21	0
155	N2	2	21	0
156	N2	2	21	0
156	N2	2	21	0
157	N2	2	21	0
157	N2	2	21	0
158	N2	2	21	0
158	N2	2	21	0
159	N2	2	21	0
159	N2	2	21	0
160	N2	2	21	0
160	N2	2	21	0
161	sir-2.1	1	11	0
161	sir-2.1	1	11	0
162	sir-2.1	1	11	0
162	sir-2.1	1	11	0
163	sir-2.1	1	11	0
163	sir-2.1	1	11	0
164	sir-2.1	1	11	0
164	sir-2.1	1	11	0
165	sir-2.1	1	13	0
165	sir-2.1	1	13	0
166	sir-2.1	1	13	0
166	sir-2.1	1	13	0
167	sir-2.1	1	13	0
167	sir-2.1	1	13	0
168	sir-2.1	1	13	0
168	sir-2.1	1	13	0
169	sir-2.1	1	13	0
169	sir-2.1	1	13	0
170	sir-2.1	1	13	0
170	sir-2.1	1	13	0
171	sir-2.1	1	13	0
171	sir-2.1	1	13	0
172	sir-2.1	1	13	0
172	sir-2.1	1	13	0
173	sir-2.1	1	13	0
173	sir-2.1	1	13	0
174	sir-2.1	1	15	0
174	sir-2.1	1	15	0
175	sir-2.1	1	15	0
175	sir-2.1	1	15	0
176	sir-2.1	1	15	0
176	sir-2.1	1	15	0
177	sir-2.1	1	15	0
177	sir-2.1	1	15	0
178	sir-2.1	1	15	0
178	sir-2.1	1	15	0
179	sir-2.1	1	15	0
179	sir-2.1	1	15	0
180	sir-2.1	1	15	0
180	sir-2.1	1	15	0
181	sir-2.1	1	15	0
181	sir-2.1	1	15	0
182	sir-2.1	1	15	0
182	sir-2.1	1	15	0
183	sir-2.1	1	15	0
183	sir-2.1	1	15	0
184	sir-2.1	1	15	0
184	sir-2.1	1	15	0
185	sir-2.1	1	15	0
185	sir-2.1	1	15	0
186	sir-2.1	1	15	0
186	sir-2.1	1	15	0
187	sir-2.1	1	15	0
187	sir-2.1	1	15	0
188	sir-2.1	1	15	0
188	sir-2.1	1	15	0
189	sir-2.1	1	15	0
189	sir-2.1	1	15	0
190	sir-2.1	1	15	0
190	sir-2.1	1	15	0
191	sir-2.1	1	15	0
191	sir-2.1	1	15	0
192	sir-2.1	1	15	0
192	sir-2.1	1	15	0
193	sir-2.1	1	15	0
193	sir-2.1	1	15	0
194	sir-2.1	1	15	0
194	sir-2.1	1	15	0
195	sir-2.1	1	15	0
195	sir-2.1	1	15	0
196	sir-2.1	1	15	0
196	sir-2.1	1	15	0
197	sir-2.1	1	15	0
197	sir-2.1	1	15	0
198	sir-2.1	1	15	0
198	sir-2.1	1	15	0
199	sir-2.1	1	15	0
199	sir-2.1	1	15	0
200	sir-2.1	1	15	0
200	sir-2.1	1	15	0
201	sir-2.1	1	15	0
201	sir-2.1	1	15	0
202	sir-2.1	1	15	0
202	sir-2.1	1	15	0
203	sir-2.1	1	16	0
203	sir-2.1	1	16	0
204	sir-2.1	1	16	0
204	sir-2.1	1	16	0
205	sir-2.1	1	16	0
205	sir-2.1	1	16	0
206	sir-2.1	1	16	0
206	sir-2.1	1	16	0
207	sir-2.1	1	16	0
207	sir-2.1	1	16	0
208	sir-2.1	1	16	0
208	sir-2.1	1	16	0
209	sir-2.1	1	16	0
209	sir-2.1	1	16	0
210	sir-2.1	1	16	0
210	sir-2.1	1	16	0
211	sir-2.1	1	16	0
211	sir-2.1	1	16	0
212	sir-2.1	1	16	0
212	sir-2.1	1	16	0
213	sir-2.1	1	16	0
213	sir-2.1	1	16	0
214	sir-2.1	1	16	0
214	sir-2.1	1	16	0
215	sir-2.1	1	16	0
215	sir-2.1	1	16	0
216	sir-2.1	1	17	0
216	sir-2.1	1	17	0
217	sir-2.1	1	17	0
217	sir-2.1	1	17	0
218	sir-2.1	1	17	0
218	sir-2.1	1	17	0
219	sir-2.1	1	17	0
219	sir-2.1	1	17	0
220	sir-2.1	1	17	0
220	sir-2.1	1	17	0
221	sir-2.1	1	17	0
221	sir-2.1	1	17	0
222	sir-2.1	1	17	0
222	sir-2.1	1	17	0
223	sir-2.1	1	17	0
223	sir-2.1	1	17	0
224	sir-2.1	1	17	0
224	sir-2.1	1	17	0
225	sir-2.1	1	19	0
225	sir-2.1	1	19	0
226	sir-2.1	1	19	0
226	sir-2.1	1	19	0
227	sir-2.1	1	13	1
227	sir-2.1	1	13	1
228	sir-2.1	2	11	0
228	sir-2.1	2	11	0
229	sir-2.1	2	11	0
229	sir-2.1	2	11	0
230	sir-2.1	2	11	0
230	sir-2.1	2	11	0
231	sir-2.1	2	11	0
231	sir-2.1	2	11	0
232	sir-2.1	2	11	0
232	sir-2.1	2	11	0
233	sir-2.1	2	11	0
233	sir-2.1	2	11	0
234	sir-2.1	2	11	0
234	sir-2.1	2	11	0
235	sir-2.1	2	11	0
235	sir-2.1	2	11	0
236	sir-2.1	2	11	0
236	sir-2.1	2	11	0
237	sir-2.1	2	11	0
237	sir-2.1	2	11	0
238	sir-2.1	2	11	0
238	sir-2.1	2	11	0
239	sir-2.1	2	11	0
239	sir-2.1	2	11	0
240	sir-2.1	2	11	0
240	sir-2.1	2	11	0
241	sir-2.1	2	11	0
241	sir-2.1	2	11	0
242	sir-2.1	2	11	0
242	sir-2.1	2	11	0
243	sir-2.1	2	13	0
243	sir-2.1	2	13	0
244	sir-2.1	2	13	0
244	sir-2.1	2	13	0
245	sir-2.1	2	13	0
245	sir-2.1	2	13	0
246	sir-2.1	2	13	0
246	sir-2.1	2	13	0
247	sir-2.1	2	13	0
247	sir-2.1	2	13	0
248	sir-2.1	2	13	0
248	sir-2.1	2	13	0
249	sir-2.1	2	13	0
249	sir-2.1	2	13	0
250	sir-2.1	2	13	0
250	sir-2.1	2	13	0
251	sir-2.1	2	13	0
251	sir-2.1	2	13	0
252	sir-2.1	2	13	0
252	sir-2.1	2	13	0
253	sir-2.1	2	13	0
253	sir-2.1	2	13	0
254	sir-2.1	2	13	0
254	sir-2.1	2	13	0
255	sir-2.1	2	13	0
255	sir-2.1	2	13	0
256	sir-2.1	2	13	0
256	sir-2.1	2	13	0
257	sir-2.1	2	13	0
257	sir-2.1	2	13	0
258	sir-2.1	2	13	0
258	sir-2.1	2	13	0
259	sir-2.1	2	13	0
259	sir-2.1	2	13	0
260	sir-2.1	2	13	0
260	sir-2.1	2	13	0
261	sir-2.1	2	13	0
261	sir-2.1	2	13	0
262	sir-2.1	2	13	0
262	sir-2.1	2	13	0
263	sir-2.1	2	13	0
263	sir-2.1	2	13	0
264	sir-2.1	2	13	0
264	sir-2.1	2	13	0
265	sir-2.1	2	13	0
265	sir-2.1	2	13	0
266	sir-2.1	2	13	0
266	sir-2.1	2	13	0
267	sir-2.1	2	13	0
267	sir-2.1	2	13	0
268	sir-2.1	2	13	0
268	sir-2.1	2	13	0
269	sir-2.1	2	13	0
269	sir-2.1	2	13	0
270	sir-2.1	2	13	0
270	sir-2.1	2	13	0
271	sir-2.1	2	13	0
271	sir-2.1	2	13	0
272	sir-2.1	2	13	0
272	sir-2.1	2	13	0
273	sir-2.1	2	13	0
273	sir-2.1	2	13	0
274	sir-2.1	2	13	0
274	sir-2.1	2	13	0
275	sir-2.1	2	13	0
275	sir-2.1	2	13	0
276	sir-2.1	2	15	0
276	sir-2.1	2	15	0
277	sir-2.1	2	15	0
277	sir-2.1	2	15	0
278	sir-2.1	2	15	0
278	sir-2.1	2	15	0
279	sir-2.1	2	15	0
279	sir-2.1	2	15	0
280	sir-2.1	2	15	0
280	sir-2.1	2	15	0
281	sir-2.1	2	15	0
281	sir-2.1	2	15	0
282	sir-2.1	2	15	0
282	sir-2.1	2	15	0
283	sir-2.1	2	15	0
283	sir-2.1	2	15	0
284	sir-2.1	2	15	0
284	sir-2.1	2	15	0
285	sir-2.1	2	15	0
285	sir-2.1	2	15	0
286	sir-2.1	2	15	0
286	sir-2.1	2	15	0
287	sir-2.1	2	15	0
287	sir-2.1	2	15	0
288	sir-2.1	2	15	0
288	sir-2.1	2	15	0
289	sir-2.1	2	15	0
289	sir-2.1	2	15	0
290	sir-2.1	2	15	0
290	sir-2.1	2	15	0
291	sir-2.1	2	15	0
291	sir-2.1	2	15	0
292	sir-2.1	2	15	0
292	sir-2.1	2	15	0
293	sir-2.1	2	15	0
293	sir-2.1	2	15	0
294	sir-2.1	2	15	0
294	sir-2.1	2	15	0
295	sir-2.1	2	15	0
295	sir-2.1	2	15	0
296	sir-2.1	2	15	0
296	sir-2.1	2	15	0
297	sir-2.1	2	15	0
297	sir-2.1	2	15	0
298	sir-2.1	2	15	0
298	sir-2.1	2	15	0
299	sir-2.1	2	15	0
299	sir-2.1	2	15	0
300	sir-2.1	2	15	0
300	sir-2.1	2	15	0
301	sir-2.1	2	15	0
301	sir-2.1	2	15	0
302	sir-2.1	2	15	0
302	sir-2.1	2	15	0
303	sir-2.1	2	15	0
303	sir-2.1	2	15	0
304	sir-2.1	2	15	0
304	sir-2.1	2	15	0
305	sir-2.1	2	15	0
305	sir-2.1	2	15	0
306	sir-2.1	2	15	0
306	sir-2.1	2	15	0
307	sir-2.1	2	15	0
307	sir-2.1	2	15	0
308	sir-2.1	2	15	0
308	sir-2.1	2	15	0
309	sir-2.1	2	15	0
309	sir-2.1	2	15	0
310	sir-2.1	2	15	0
310	sir-2.1	2	15	0
311	sir-2.1	2	15	0
311	sir-2.1	2	15	0
312	sir-2.1	2	15	0
312	sir-2.1	2	15	0
313	sir-2.1	2	15	0
313	sir-2.1	2	15	0
314	sir-2.1	2	15	0
314	sir-2.1	2	15	0
315	sir-2.1	2	15	0
315	sir-2.1	2	15	0
316	sir-2.1	2	15	0
316	sir-2.1	2	15	0
317	sir-2.1	2	15	0
317	sir-2.1	2	15	0
318	sir-2.1	2	15	0
318	sir-2.1	2	15	0
319	sir-2.1	2	15	0
319	sir-2.1	2	15	0
320	sir-2.1	2	15	0
320	sir-2.1	2	15	0
321	sir-2.1	2	15	0
321	sir-2.1	2	15	0
322	sir-2.1	2	15	0
322	sir-2.1	2	15	0
323	sir-2.1	2	15	0
323	sir-2.1	2	15	0
324	sir-2.1	2	15	0
324	sir-2.1	2	15	0
325	sir-2.1	2	15	0
325	sir-2.1	2	15	0
326	sir-2.1	2	15	0
326	sir-2.1	2	15	0
327	sir-2.1	2	15	0
327	sir-2.1	2	15	0
328	sir-2.1	2	15	0
328	sir-2.1	2	15	0
329	sir-2.1	2	15	0
329	sir-2.1	2	15	0
330	sir-2.1	2	15	0
330	sir-2.1	2	15	0
331	sir-2.1	2	15	0
331	sir-2.1	2	15	0
332	sir-2.1	2	15	0
332	sir-2.1	2	15	0
333	sir-2.1	2	15	0
333	sir-2.1	2	15	0
334	sir-2.1	2	15	0
334	sir-2.1	2	15	0
335	sir-2.1	2	15	0
335	sir-2.1	2	15	0
336	sir-2.1	2	15	0
336	sir-2.1	2	15	0
337	sir-2.1	2	15	0
337	sir-2.1	2	15	0
338	sir-2.1	2	15	0
338	sir-2.1	2	15	0
339	sir-2.1	2	15	0
339	sir-2.1	2	15	0
340	sir-2.1	2	15	0
340	sir-2.1	2	15	0
341	sir-2.1	2	15	0
341	sir-2.1	2	15	0
342	sir-2.1	2	15	0
342	sir-2.1	2	15	0
343	sir-2.1	2	15	0
343	sir-2.1	2	15	0
344	sir-2.1	2	15	0
344	sir-2.1	2	15	0
345	sir-2.1	2	15	0
345	sir-2.1	2	15	0
346	sir-2.1	2	15	0
346	sir-2.1	2	15	0
347	sir-2.1	2	15	0
347	sir-2.1	2	15	0
348	sir-2.1	2	15	0
348	sir-2.1	2	15	0
349	sir-2.1	2	15	0
349	sir-2.1	2	15	0
350	sir-2.1	2	15	0
350	sir-2.1	2	15	0
351	sir-2.1	2	15	0
351	sir-2.1	2	15	0
352	sir-2.1	2	15	0
352	sir-2.1	2	15	0
353	sir-2.1	2	16	0
353	sir-2.1	2	16	0
354	sir-2.1	2	16	0
354	sir-2.1	2	16	0
355	sir-2.1	2	16	0
355	sir-2.1	2	16	0
356	sir-2.1	2	16	0
356	sir-2.1	2	16	0
357	sir-2.1	2	16	0
357	sir-2.1	2	16	0
358	sir-2.1	2	16	0
358	sir-2.1	2	16	0
359	sir-2.1	2	16	0
359	sir-2.1	2	16	0
360	sir-2.1	2	16	0
360	sir-2.1	2	16	0
361	sir-2.1	2	16	0
361	sir-2.1	2	16	0
362	sir-2.1	2	16	0
362	sir-2.1	2	16	0
363	sir-2.1	2	16	0
363	sir-2.1	2	16	0
364	sir-2.1	2	17	0
364	sir-2.1	2	17	0
365	sir-2.1	2	17	0
365	sir-2.1	2	17	0
366	sir-2.1	2	17	0
366	sir-2.1	2	17	0
367	sir-2.1	2	17	0
367	sir-2.1	2	17	0
368	sir-2.1	2	17	0
368	sir-2.1	2	17	0
369	sir-2.1	2	17	0
369	sir-2.1	2	17	0
370	sir-2.1	2	17	0
370	sir-2.1	2	17	0
371	sir-2.1	2	19	0
371	sir-2.1	2	19	0
372	sir-2.1	2	19	0
372	sir-2.1	2	19	0
373	sir-2.1	2	19	0
373	sir-2.1	2	19	0
374	sir-2.1	2	19	0
374	sir-2.1	2	19	0
375	sir-2.1	2	19	0
375	sir-2.1	2	19	0
376	sir-2.1	2	19	0
376	sir-2.1	2	19	0
377	sir-2.1	2	19	0
377	sir-2.1	2	19	0
378	sir-2.1	2	19	0
378	sir-2.1	2	19	0
379	sir-2.1	2	19	0
379	sir-2.1	2	19	0
380	sir-2.1	2	19	0
380	sir-2.1	2	19	0
381	sir-2.1	2	19	0
381	sir-2.1	2	19	0
382	sir-2.1	2	19	0
382	sir-2.1	2	19	0
383	sir-2.1	2	21	0
383	sir-2.1	2	21	0
384	sir-2.1	2	21	0
384	sir-2.1	2	21	0
385	sir-2.1	2	21	0
385	sir-2.1	2	21	0
386	sir-2.1	2	21	0
386	sir-2.1	2	21	0
387	sir-2.1	2	21	0
387	sir-2.1	2	21	0
388	sir-2.1	2	13	1
388	sir-2.1	2	13	1
389	sir-2.1	2	13	2
389	sir-2.1	2	13	2
390	sir-2.1	2	15	2
390	sir-2.1	2	15	2
391	sir-2.1	2	15	2
391	sir-2.1	2	15	2
392	sir-2.1	2	16	2
392	sir-2.1	2	16	2
393	rsks-1	1	13	0
393	rsks-1	1	13	0
394	rsks-1	1	13	0
394	rsks-1	1	13	0
395	rsks-1	1	13	0
395	rsks-1	1	13	0
396	rsks-1	1	13	0
396	rsks-1	1	13	0
397	rsks-1	1	13	0
397	rsks-1	1	13	0
398	rsks-1	1	13	0
398	rsks-1	1	13	0
399	rsks-1	1	13	0
399	rsks-1	1	13	0
400	rsks-1	1	13	0
400	rsks-1	1	13	0
401	rsks-1	1	13	0
401	rsks-1	1	13	0
402	rsks-1	1	13	0
402	rsks-1	1	13	0
403	rsks-1	1	13	0
403	rsks-1	1	13	0
404	rsks-1	1	13	0
404	rsks-1	1	13	0
405	rsks-1	1	13	0
405	rsks-1	1	13	0
406	rsks-1	1	13	0
406	rsks-1	1	13	0
407	rsks-1	1	13	0
407	rsks-1	1	13	0
408	rsks-1	1	13	0
408	rsks-1	1	13	0
409	rsks-1	1	13	0
409	rsks-1	1	13	0
410	rsks-1	1	13	0
410	rsks-1	1	13	0
411	rsks-1	1	13	0
411	rsks-1	1	13	0
412	rsks-1	1	13	0
412	rsks-1	1	13	0
413	rsks-1	1	13	0
413	rsks-1	1	13	0
414	rsks-1	1	15	0
414	rsks-1	1	15	0
415	rsks-1	1	15	0
415	rsks-1	1	15	0
416	rsks-1	1	15	0
416	rsks-1	1	15	0
417	rsks-1	1	15	0
417	rsks-1	1	15	0
418	rsks-1	1	15	0
418	rsks-1	1	15	0
419	rsks-1	1	15	0
419	rsks-1	1	15	0
420	rsks-1	1	15	0
420	rsks-1	1	15	0
421	rsks-1	1	15	0
421	rsks-1	1	15	0
422	rsks-1	1	15	0
422	rsks-1	1	15	0
423	rsks-1	1	15	0
423	rsks-1	1	15	0
424	rsks-1	1	15	0
424	rsks-1	1	15	0
425	rsks-1	1	15	0
425	rsks-1	1	15	0
426	rsks-1	1	15	0
426	rsks-1	1	15	0
427	rsks-1	1	15	0
427	rsks-1	1	15	0
428	rsks-1	1	15	0
428	rsks-1	1	15	0
429	rsks-1	1	15	0
429	rsks-1	1	15	0
430	rsks-1	1	15	0
430	rsks-1	1	15	0
431	rsks-1	1	15	0
431	rsks-1	1	15	0
432	rsks-1	1	15	0
432	rsks-1	1	15	0
433	rsks-1	1	15	0
433	rsks-1	1	15	0
434	rsks-1	1	15	0
434	rsks-1	1	15	0
435	rsks-1	1	15	0
435	rsks-1	1	15	0
436	rsks-1	1	15	0
436	rsks-1	1	15	0
437	rsks-1	1	15	0
437	rsks-1	1	15	0
438	rsks-1	1	16	0
438	rsks-1	1	16	0
439	rsks-1	1	16	0
439	rsks-1	1	16	0
440	rsks-1	1	16	0
440	rsks-1	1	16	0
441	rsks-1	1	16	0
441	rsks-1	1	16	0
442	rsks-1	1	16	0
442	rsks-1	1	16	0
443	rsks-1	1	16	0
443	rsks-1	1	16	0
444	rsks-1	1	16	0
444	rsks-1	1	16	0
445	rsks-1	1	16	0
445	rsks-1	1	16	0
446	rsks-1	1	16	0
446	rsks-1	1	16	0
447	rsks-1	1	16	0
447	rsks-1	1	16	0
448	rsks-1	1	16	0
448	rsks-1	1	16	0
449	rsks-1	1	17	0
449	rsks-1	1	17	0
450	rsks-1	1	17	0
450	rsks-1	1	17	0
451	rsks-1	1	17	0
451	rsks-1	1	17	0
452	rsks-1	1	17	0
452	rsks-1	1	17	0
453	rsks-1	1	17	0
453	rsks-1	1	17	0
454	rsks-1	1	17	0
454	rsks-1	1	17	0
455	rsks-1	1	17	0
455	rsks-1	1	17	0
456	rsks-1	1	17	0
456	rsks-1	1	17	0
457	rsks-1	1	17	0
457	rsks-1	1	17	0
458	rsks-1	1	17	0
458	rsks-1	1	17	0
459	rsks-1	1	17	0
459	rsks-1	1	17	0
460	rsks-1	1	17	0
460	rsks-1	1	17	0
461	rsks-1	1	17	0
461	rsks-1	1	17	0
462	rsks-1	1	17	0
462	rsks-1	1	17	0
463	rsks-1	1	17	0
463	rsks-1	1	17	0
464	rsks-1	1	17	0
464	rsks-1	1	17	0
465	rsks-1	1	17	0
465	rsks-1	1	17	0
466	rsks-1	1	17	0
466	rsks-1	1	17	0
467	rsks-1	1	17	0
467	rsks-1	1	17	0
468	rsks-1	1	19	0
468	rsks-1	1	19	0
469	rsks-1	1	19	0
469	rsks-1	1	19	0
470	rsks-1	1	19	0
470	rsks-1	1	19	0
471	rsks-1	1	19	0
471	rsks-1	1	19	0
472	rsks-1	1	19	0
472	rsks-1	1	19	0
473	rsks-1	1	19	0
473	rsks-1	1	19	0
474	rsks-1	1	19	0
474	rsks-1	1	19	0
475	rsks-1	1	19	0
475	rsks-1	1	19	0
476	rsks-1	1	19	0
476	rsks-1	1	19	0
477	rsks-1	1	19	0
477	rsks-1	1	19	0
478	rsks-1	1	19	0
478	rsks-1	1	19	0
479	rsks-1	1	19	0
479	rsks-1	1	19	0
480	rsks-1	1	19	0
480	rsks-1	1	19	0
481	rsks-1	1	19	0
481	rsks-1	1	19	0
482	rsks-1	1	19	0
482	rsks-1	1	19	0
483	rsks-1	1	19	0
483	rsks-1	1	19	0
484	rsks-1	1	19	0
484	rsks-1	1	19	0
485	rsks-1	1	19	0
485	rsks-1	1	19	0
486	rsks-1	1	19	0
486	rsks-1	1	19	0
487	rsks-1	1	19	0
487	rsks-1	1	19	0
488	rsks-1	1	19	0
488	rsks-1	1	19	0
489	rsks-1	1	19	0
489	rsks-1	1	19	0
490	rsks-1	1	19	0
490	rsks-1	1	19	0
491	rsks-1	1	19	0
491	rsks-1	1	19	0
492	rsks-1	1	19	0
492	rsks-1	1	19	0
493	rsks-1	1	19	0
493	rsks-1	1	19	0
494	rsks-1	1	19	0
494	rsks-1	1	19	0
495	rsks-1	1	19	0
495	rsks-1	1	19	0
496	rsks-1	1	19	0
496	rsks-1	1	19	0
497	rsks-1	1	19	0
497	rsks-1	1	19	0
498	rsks-1	1	19	0
498	rsks-1	1	19	0
499	rsks-1	1	19	0
499	rsks-1	1	19	0
500	rsks-1	1	19	0
500	rsks-1	1	19	0
501	rsks-1	1	19	0
501	rsks-1	1	19	0
502	rsks-1	1	19	0
502	rsks-1	1	19	0
503	rsks-1	1	19	0
503	rsks-1	1	19	0
504	rsks-1	1	19	0
504	rsks-1	1	19	0
505	rsks-1	1	19	0
505	rsks-1	1	19	0
506	rsks-1	1	19	0
506	rsks-1	1	19	0
507	rsks-1	1	19	0
507	rsks-1	1	19	0
508	rsks-1	1	19	0
508	rsks-1	1	19	0
509	rsks-1	1	21	0
509	rsks-1	1	21	0
510	rsks-1	1	21	0
510	rsks-1	1	21	0
511	rsks-1	1	21	0
511	rsks-1	1	21	0
512	rsks-1	1	21	0
512	rsks-1	1	21	0
513	rsks-1	1	21	0
513	rsks-1	1	21	0
514	rsks-1	1	21	0
514	rsks-1	1	21	0
515	rsks-1	1	21	0
515	rsks-1	1	21	0
516	rsks-1	1	21	0
516	rsks-1	1	21	0
517	rsks-1	1	21	0
517	rsks-1	1	21	0
518	rsks-1	1	21	0
518	rsks-1	1	21	0
519	rsks-1	1	21	0
519	rsks-1	1	21	0
520	rsks-1	1	21	0
520	rsks-1	1	21	0
521	rsks-1	1	21	0
521	rsks-1	1	21	0
522	rsks-1	1	21	0
522	rsks-1	1	21	0
523	rsks-1	1	21	0
523	rsks-1	1	21	0
524	rsks-1	1	21	0
524	rsks-1	1	21	0
525	rsks-1	1	21	0
525	rsks-1	1	21	0
526	rsks-1	1	21	0
526	rsks-1	1	21	0
527	rsks-1	1	21	0
527	rsks-1	1	21	0
528	rsks-1	1	21	0
528	rsks-1	1	21	0
529	rsks-1	1	21	0
529	rsks-1	1	21	0
530	rsks-1	1	21	0
530	rsks-1	1	21	0
531	rsks-1	1	21	0
531	rsks-1	1	21	0
532	rsks-1	1	21	0
532	rsks-1	1	21	0
533	rsks-1	1	21	0
533	rsks-1	1	21	0
534	rsks-1	1	21	0
534	rsks-1	1	21	0
535	rsks-1	1	21	0
535	rsks-1	1	21	0
536	rsks-1	1	21	0
536	rsks-1	1	21	0
537	rsks-1	1	21	0
537	rsks-1	1	21	0
538	rsks-1	1	21	0
538	rsks-1	1	21	0
539	rsks-1	1	21	0
539	rsks-1	1	21	0
540	rsks-1	1	21	0
540	rsks-1	1	21	0
541	rsks-1	1	21	0
541	rsks-1	1	21	0
542	rsks-1	1	21	0
542	rsks-1	1	21	0
543	rsks-1	1	21	0
543	rsks-1	1	21	0
544	rsks-1	1	21	0
544	rsks-1	1	21	0
545	rsks-1	1	21	0
545	rsks-1	1	21	0
546	rsks-1	1	21	0
546	rsks-1	1	21	0
547	rsks-1	1	21	0
547	rsks-1	1	21	0
548	rsks-1	1	21	0
548	rsks-1	1	21	0
549	rsks-1	1	21	0
549	rsks-1	1	21	0
550	rsks-1	1	21	0
550	rsks-1	1	21	0
551	rsks-1	1	21	0
551	rsks-1	1	21	0
552	rsks-1	1	21	0
552	rsks-1	1	21	0
553	rsks-1	1	21	0
553	rsks-1	1	21	0
554	rsks-1	1	23	0
554	rsks-1	1	23	0
555	rsks-1	1	23	0
555	rsks-1	1	23	0
556	rsks-1	1	25	0
556	rsks-1	1	25	0
557	rsks-1	1	25	0
557	rsks-1	1	25	0
558	rsks-1	1	25	0
558	rsks-1	1	25	0
559	rsks-1	1	25	0
559	rsks-1	1	25	0
560	rsks-1	1	25	0
560	rsks-1	1	25	0
561	rsks-1	1	25	0
561	rsks-1	1	25	0
562	rsks-1	1	27	0
562	rsks-1	1	27	0
563	rsks-1	1	27	0
563	rsks-1	1	27	0
564	rsks-1	1	21	1
564	rsks-1	1	21	1
565	rsks-1	1	13	2
565	rsks-1	1	13	2
566	rsks-1	1	17	2
566	rsks-1	1	17	2
567	rsks-1	1	17	2
567	rsks-1	1	17	2
568	rsks-1	1	15	3
568	rsks-1	1	15	3
569	rsks-1	2	11	0
569	rsks-1	2	11	0
570	rsks-1	2	13	0
570	rsks-1	2	13	0
571	rsks-1	2	13	0
571	rsks-1	2	13	0
572	rsks-1	2	13	0
572	rsks-1	2	13	0
573	rsks-1	2	13	0
573	rsks-1	2	13	0
574	rsks-1	2	13	0
574	rsks-1	2	13	0
575	rsks-1	2	13	0
575	rsks-1	2	13	0
576	rsks-1	2	13	0
576	rsks-1	2	13	0
577	rsks-1	2	13	0
577	rsks-1	2	13	0
578	rsks-1	2	15	0
578	rsks-1	2	15	0
579	rsks-1	2	15	0
579	rsks-1	2	15	0
580	rsks-1	2	15	0
580	rsks-1	2	15	0
581	rsks-1	2	15	0
581	rsks-1	2	15	0
582	rsks-1	2	15	0
582	rsks-1	2	15	0
583	rsks-1	2	15	0
583	rsks-1	2	15	0
584	rsks-1	2	15	0
584	rsks-1	2	15	0
585	rsks-1	2	15	0
585	rsks-1	2	15	0
586	rsks-1	2	15	0
586	rsks-1	2	15	0
587	rsks-1	2	15	0
587	rsks-1	2	15	0
588	rsks-1	2	16	0
588	rsks-1	2	16	0
589	rsks-1	2	16	0
589	rsks-1	2	16	0
590	rsks-1	2	16	0
590	rsks-1	2	16	0
591	rsks-1	2	16	0
591	rsks-1	2	16	0
592	rsks-1	2	16	0
592	rsks-1	2	16	0
593	rsks-1	2	16	0
593	rsks-1	2	16	0
594	rsks-1	2	16	0
594	rsks-1	2	16	0
595	rsks-1	2	16	0
595	rsks-1	2	16	0
596	rsks-1	2	17	0
596	rsks-1	2	17	0
597	rsks-1	2	17	0
597	rsks-1	2	17	0
598	rsks-1	2	17	0
598	rsks-1	2	17	0
599	rsks-1	2	17	0
599	rsks-1	2	17	0
600	rsks-1	2	17	0
600	rsks-1	2	17	0
601	rsks-1	2	17	0
601	rsks-1	2	17	0
602	rsks-1	2	17	0
602	rsks-1	2	17	0
603	rsks-1	2	17	0
603	rsks-1	2	17	0
604	rsks-1	2	17	0
604	rsks-1	2	17	0
605	rsks-1	2	17	0
605	rsks-1	2	17	0
606	rsks-1	2	17	0
606	rsks-1	2	17	0
607	rsks-1	2	19	0
607	rsks-1	2	19	0
608	rsks-1	2	19	0
608	rsks-1	2	19	0
609	rsks-1	2	19	0
609	rsks-1	2	19	0
610	rsks-1	2	19	0
610	rsks-1	2	19	0
611	rsks-1	2	19	0
611	rsks-1	2	19	0
612	rsks-1	2	19	0
612	rsks-1	2	19	0
613	rsks-1	2	19	0
613	rsks-1	2	19	0
614	rsks-1	2	19	0
614	rsks-1	2	19	0
615	rsks-1	2	19	0
615	rsks-1	2	19	0
616	rsks-1	2	19	0
616	rsks-1	2	19	0
617	rsks-1	2	19	0
617	rsks-1	2	19	0
618	rsks-1	2	19	0
618	rsks-1	2	19	0
619	rsks-1	2	19	0
619	rsks-1	2	19	0
620	rsks-1	2	19	0
620	rsks-1	2	19	0
621	rsks-1	2	19	0
621	rsks-1	2	19	0
622	rsks-1	2	19	0
622	rsks-1	2	19	0
623	rsks-1	2	19	0
623	rsks-1	2	19	0
624	rsks-1	2	19	0
624	rsks-1	2	19	0
625	rsks-1	2	21	0
625	rsks-1	2	21	0
626	rsks-1	2	21	0
626	rsks-1	2	21	0
627	rsks-1	2	21	0
627	rsks-1	2	21	0
628	rsks-1	2	21	0
628	rsks-1	2	21	0
629	rsks-1	2	21	0
629	rsks-1	2	21	0
630	rsks-1	2	21	0
630	rsks-1	2	21	0
631	rsks-1	2	21	0
631	rsks-1	2	21	0
632	rsks-1	2	21	0
632	rsks-1	2	21	0
633	rsks-1	2	21	0
633	rsks-1	2	21	0
634	rsks-1	2	21	0
634	rsks-1	2	21	0
635	rsks-1	2	21	0
635	rsks-1	2	21	0
636	rsks-1	2	21	0
636	rsks-1	2	21	0
637	rsks-1	2	21	0
637	rsks-1	2	21	0
638	rsks-1	2	21	0
638	rsks-1	2	21	0
639	rsks-1	2	21	0
639	rsks-1	2	21	0
640	rsks-1	2	21	0
640	rsks-1	2	21	0
641	rsks-1	2	21	0
641	rsks-1	2	21	0
642	rsks-1	2	21	0
642	rsks-1	2	21	0
643	rsks-1	2	21	0
643	rsks-1	2	21	0
644	rsks-1	2	21	0
644	rsks-1	2	21	0
645	rsks-1	2	21	0
645	rsks-1	2	21	0
646	rsks-1	2	21	0
646	rsks-1	2	21	0
647	rsks-1	2	21	0
647	rsks-1	2	21	0
648	rsks-1	2	21	0
648	rsks-1	2	21	0
649	rsks-1	2	21	0
649	rsks-1	2	21	0
650	rsks-1	2	21	0
650	rsks-1	2	21	0
651	rsks-1	2	21	0
651	rsks-1	2	21	0
652	rsks-1	2	21	0
652	rsks-1	2	21	0
653	rsks-1	2	23	0
653	rsks-1	2	23	0
654	rsks-1	2	23	0
654	rsks-1	2	23	0
655	rsks-1	2	23	0
655	rsks-1	2	23	0
656	rsks-1	2	23	0
656	rsks-1	2	23	0
657	rsks-1	2	23	0
657	rsks-1	2	23	0
658	rsks-1	2	25	0
658	rsks-1	2	25	0
659	rsks-1	2	25	0
659	rsks-1	2	25	0
660	rsks-1	2	25	0
660	rsks-1	2	25	0
661	rsks-1	2	25	0
661	rsks-1	2	25	0
662	rsks-1	2	25	0
662	rsks-1	2	25	0
663	rsks-1	2	25	0
663	rsks-1	2	25	0
664	rsks-1	2	25	0
664	rsks-1	2	25	0
665	rsks-1	2	25	0
665	rsks-1	2	25	0
666	rsks-1	2	25	0
666	rsks-1	2	25	0
667	rsks-1	2	25	0
667	rsks-1	2	25	0
668	rsks-1	2	25	0
668	rsks-1	2	25	0
669	rsks-1	2	25	0
669	rsks-1	2	25	0
670	rsks-1	2	27	0
670	rsks-1	2	27	0
671	rsks-1	2	27	0
671	rsks-1	2	27	0
672	rsks-1	2	27	0
672	rsks-1	2	27	0
673	rsks-1	2	27	0
673	rsks-1	2	27	0
674	rsks-1	2	27	0
674	rsks-1	2	27	0
675	rsks-1	2	27	0
675	rsks-1	2	27	0
676	rsks-1	2	27	0
676	rsks-1	2	27	0
677	rsks-1	2	27	0
677	rsks-1	2	27	0
678	rsks-1	2	27	0
678	rsks-1	2	27	0
679	rsks-1	2	29	0
679	rsks-1	2	29	0
680	rsks-1	2	29	0
680	rsks-1	2	29	0
681	rsks-1	2	27	1
681	rsks-1	2	27	1
682	rsks-1	2	16	2
682	rsks-1	2	16	2
683	rsks-1	2	16	2
683	rsks-1	2	16	2
684	rsks-1	2	17	2
684	rsks-1	2	17	2
685	rsks-1	2	17	2
685	rsks-1	2	17	2
686	rsks-1	2	17	2
686	rsks-1	2	17	2
687	rsks-1	2	15	3
687	rsks-1	2	15	3
688	rsks-1	2	15	3
688	rsks-1	2	15	3
