strain	replicate	age.at.death	rupture	
strain	replicate	age.at.death	rupture	
1	N2	1	12	0
1	N2	1	12	0
2	N2	1	12	0
2	N2	1	12	0
3	N2	1	12	0
3	N2	1	12	0
4	N2	1	12	0
4	N2	1	12	0
5	N2	1	12	0
5	N2	1	12	0
6	N2	1	12	0
6	N2	1	12	0
7	N2	1	12	0
7	N2	1	12	0
8	N2	1	12	0
8	N2	1	12	0
9	N2	1	14	0
9	N2	1	14	0
10	N2	1	14	0
10	N2	1	14	0
11	N2	1	14	0
11	N2	1	14	0
12	N2	1	14	0
12	N2	1	14	0
13	N2	1	14	0
13	N2	1	14	0
14	N2	1	14	0
14	N2	1	14	0
15	N2	1	14	0
15	N2	1	14	0
16	N2	1	14	0
16	N2	1	14	0
17	N2	1	14	0
17	N2	1	14	0
18	N2	1	14	0
18	N2	1	14	0
19	N2	1	16	0
19	N2	1	16	0
20	N2	1	16	0
20	N2	1	16	0
21	N2	1	16	0
21	N2	1	16	0
22	N2	1	16	0
22	N2	1	16	0
23	N2	1	16	0
23	N2	1	16	0
24	N2	1	16	0
24	N2	1	16	0
25	N2	1	16	0
25	N2	1	16	0
26	N2	1	16	0
26	N2	1	16	0
27	N2	1	16	0
27	N2	1	16	0
28	N2	1	16	0
28	N2	1	16	0
29	N2	1	16	0
29	N2	1	16	0
30	N2	1	16	0
30	N2	1	16	0
31	N2	1	16	0
31	N2	1	16	0
32	N2	1	16	0
32	N2	1	16	0
33	N2	1	16	0
33	N2	1	16	0
34	N2	1	16	0
34	N2	1	16	0
35	N2	1	17	0
35	N2	1	17	0
36	N2	1	17	0
36	N2	1	17	0
37	N2	1	17	0
37	N2	1	17	0
38	N2	1	17	0
38	N2	1	17	0
39	N2	1	17	0
39	N2	1	17	0
40	N2	1	17	0
40	N2	1	17	0
41	N2	1	18	0
41	N2	1	18	0
42	N2	1	18	0
42	N2	1	18	0
43	N2	1	18	0
43	N2	1	18	0
44	N2	1	18	0
44	N2	1	18	0
45	N2	1	18	0
45	N2	1	18	0
46	N2	1	18	0
46	N2	1	18	0
47	N2	1	18	0
47	N2	1	18	0
48	N2	1	18	0
48	N2	1	18	0
49	N2	1	18	0
49	N2	1	18	0
50	N2	1	18	0
50	N2	1	18	0
51	N2	1	20	0
51	N2	1	20	0
52	N2	1	20	0
52	N2	1	20	0
53	N2	1	20	0
53	N2	1	20	0
54	N2	1	20	0
54	N2	1	20	0
55	N2	1	20	0
55	N2	1	20	0
56	N2	1	20	0
56	N2	1	20	0
57	N2	1	20	0
57	N2	1	20	0
58	N2	1	20	0
58	N2	1	20	0
59	N2	1	20	0
59	N2	1	20	0
60	N2	1	20	0
60	N2	1	20	0
61	N2	1	20	0
61	N2	1	20	0
62	N2	1	20	0
62	N2	1	20	0
63	N2	1	20	0
63	N2	1	20	0
64	N2	1	20	0
64	N2	1	20	0
65	N2	1	20	0
65	N2	1	20	0
66	N2	1	21	0
66	N2	1	21	0
67	N2	1	21	0
67	N2	1	21	0
68	N2	1	21	0
68	N2	1	21	0
69	N2	1	21	0
69	N2	1	21	0
70	N2	1	25	0
70	N2	1	25	0
71	N2	1	16	2
71	N2	1	16	2
72	N2	1	12	3
72	N2	1	12	3
73	N2	2	10	0
73	N2	2	10	0
74	N2	2	10	0
74	N2	2	10	0
75	N2	2	12	0
75	N2	2	12	0
76	N2	2	12	0
76	N2	2	12	0
77	N2	2	12	0
77	N2	2	12	0
78	N2	2	12	0
78	N2	2	12	0
79	N2	2	14	0
79	N2	2	14	0
80	N2	2	14	0
80	N2	2	14	0
81	N2	2	14	0
81	N2	2	14	0
82	N2	2	14	0
82	N2	2	14	0
83	N2	2	14	0
83	N2	2	14	0
84	N2	2	14	0
84	N2	2	14	0
85	N2	2	14	0
85	N2	2	14	0
86	N2	2	14	0
86	N2	2	14	0
87	N2	2	14	0
87	N2	2	14	0
88	N2	2	14	0
88	N2	2	14	0
89	N2	2	14	0
89	N2	2	14	0
90	N2	2	14	0
90	N2	2	14	0
91	N2	2	14	0
91	N2	2	14	0
92	N2	2	14	0
92	N2	2	14	0
93	N2	2	14	0
93	N2	2	14	0
94	N2	2	14	0
94	N2	2	14	0
95	N2	2	14	0
95	N2	2	14	0
96	N2	2	14	0
96	N2	2	14	0
97	N2	2	14	0
97	N2	2	14	0
98	N2	2	16	0
98	N2	2	16	0
99	N2	2	16	0
99	N2	2	16	0
100	N2	2	16	0
100	N2	2	16	0
101	N2	2	16	0
101	N2	2	16	0
102	N2	2	16	0
102	N2	2	16	0
103	N2	2	16	0
103	N2	2	16	0
104	N2	2	16	0
104	N2	2	16	0
105	N2	2	16	0
105	N2	2	16	0
106	N2	2	16	0
106	N2	2	16	0
107	N2	2	16	0
107	N2	2	16	0
108	N2	2	16	0
108	N2	2	16	0
109	N2	2	16	0
109	N2	2	16	0
110	N2	2	16	0
110	N2	2	16	0
111	N2	2	16	0
111	N2	2	16	0
112	N2	2	16	0
112	N2	2	16	0
113	N2	2	17	0
113	N2	2	17	0
114	N2	2	17	0
114	N2	2	17	0
115	N2	2	17	0
115	N2	2	17	0
116	N2	2	17	0
116	N2	2	17	0
117	N2	2	17	0
117	N2	2	17	0
118	N2	2	17	0
118	N2	2	17	0
119	N2	2	17	0
119	N2	2	17	0
120	N2	2	17	0
120	N2	2	17	0
121	N2	2	17	0
121	N2	2	17	0
122	N2	2	17	0
122	N2	2	17	0
123	N2	2	18	0
123	N2	2	18	0
124	N2	2	18	0
124	N2	2	18	0
125	N2	2	18	0
125	N2	2	18	0
126	N2	2	18	0
126	N2	2	18	0
127	N2	2	18	0
127	N2	2	18	0
128	N2	2	18	0
128	N2	2	18	0
129	N2	2	20	0
129	N2	2	20	0
130	N2	2	20	0
130	N2	2	20	0
131	N2	2	20	0
131	N2	2	20	0
132	N2	2	20	0
132	N2	2	20	0
133	N2	2	20	0
133	N2	2	20	0
134	N2	2	20	0
134	N2	2	20	0
135	N2	2	20	0
135	N2	2	20	0
136	N2	2	20	0
136	N2	2	20	0
137	N2	2	20	0
137	N2	2	20	0
138	N2	2	20	0
138	N2	2	20	0
139	N2	2	20	0
139	N2	2	20	0
140	N2	2	20	0
140	N2	2	20	0
141	N2	2	20	0
141	N2	2	20	0
142	N2	2	20	0
142	N2	2	20	0
143	N2	2	21	0
143	N2	2	21	0
144	N2	2	21	0
144	N2	2	21	0
145	N2	2	21	0
145	N2	2	21	0
146	N2	2	21	0
146	N2	2	21	0
147	N2	2	21	0
147	N2	2	21	0
148	N2	2	21	0
148	N2	2	21	0
149	N2	2	23	0
149	N2	2	23	0
150	N2	2	23	0
150	N2	2	23	0
151	N2	2	10	2
151	N2	2	10	2
152	N2	2	8	3
152	N2	2	8	3
153	N2	2	10	3
153	N2	2	10	3
154	N2	2	12	3
154	N2	2	12	3
155	N2	2	12	3
155	N2	2	12	3
156	N2.DR	1	10	0
156	N2.DR	1	10	0
157	N2.DR	1	12	0
157	N2.DR	1	12	0
158	N2.DR	1	12	0
158	N2.DR	1	12	0
159	N2.DR	1	14	0
159	N2.DR	1	14	0
160	N2.DR	1	14	0
160	N2.DR	1	14	0
161	N2.DR	1	14	0
161	N2.DR	1	14	0
162	N2.DR	1	14	0
162	N2.DR	1	14	0
163	N2.DR	1	16	0
163	N2.DR	1	16	0
164	N2.DR	1	16	0
164	N2.DR	1	16	0
165	N2.DR	1	16	0
165	N2.DR	1	16	0
166	N2.DR	1	16	0
166	N2.DR	1	16	0
167	N2.DR	1	16	0
167	N2.DR	1	16	0
168	N2.DR	1	16	0
168	N2.DR	1	16	0
169	N2.DR	1	17	0
169	N2.DR	1	17	0
170	N2.DR	1	17	0
170	N2.DR	1	17	0
171	N2.DR	1	17	0
171	N2.DR	1	17	0
172	N2.DR	1	17	0
172	N2.DR	1	17	0
173	N2.DR	1	17	0
173	N2.DR	1	17	0
174	N2.DR	1	17	0
174	N2.DR	1	17	0
175	N2.DR	1	17	0
175	N2.DR	1	17	0
176	N2.DR	1	18	0
176	N2.DR	1	18	0
177	N2.DR	1	18	0
177	N2.DR	1	18	0
178	N2.DR	1	18	0
178	N2.DR	1	18	0
179	N2.DR	1	18	0
179	N2.DR	1	18	0
180	N2.DR	1	18	0
180	N2.DR	1	18	0
181	N2.DR	1	18	0
181	N2.DR	1	18	0
182	N2.DR	1	18	0
182	N2.DR	1	18	0
183	N2.DR	1	20	0
183	N2.DR	1	20	0
184	N2.DR	1	20	0
184	N2.DR	1	20	0
185	N2.DR	1	20	0
185	N2.DR	1	20	0
186	N2.DR	1	20	0
186	N2.DR	1	20	0
187	N2.DR	1	20	0
187	N2.DR	1	20	0
188	N2.DR	1	20	0
188	N2.DR	1	20	0
189	N2.DR	1	20	0
189	N2.DR	1	20	0
190	N2.DR	1	21	0
190	N2.DR	1	21	0
191	N2.DR	1	21	0
191	N2.DR	1	21	0
192	N2.DR	1	21	0
192	N2.DR	1	21	0
193	N2.DR	1	23	0
193	N2.DR	1	23	0
194	N2.DR	1	23	0
194	N2.DR	1	23	0
195	N2.DR	1	23	0
195	N2.DR	1	23	0
196	N2.DR	1	23	0
196	N2.DR	1	23	0
197	N2.DR	1	23	0
197	N2.DR	1	23	0
198	N2.DR	1	23	0
198	N2.DR	1	23	0
199	N2.DR	1	23	0
199	N2.DR	1	23	0
200	N2.DR	1	23	0
200	N2.DR	1	23	0
201	N2.DR	1	23	0
201	N2.DR	1	23	0
202	N2.DR	1	25	0
202	N2.DR	1	25	0
203	N2.DR	1	25	0
203	N2.DR	1	25	0
204	N2.DR	1	25	0
204	N2.DR	1	25	0
205	N2.DR	1	25	0
205	N2.DR	1	25	0
206	N2.DR	1	25	0
206	N2.DR	1	25	0
207	N2.DR	1	25	0
207	N2.DR	1	25	0
208	N2.DR	1	25	0
208	N2.DR	1	25	0
209	N2.DR	1	25	0
209	N2.DR	1	25	0
210	N2.DR	1	25	0
210	N2.DR	1	25	0
211	N2.DR	1	28	0
211	N2.DR	1	28	0
212	N2.DR	1	28	0
212	N2.DR	1	28	0
213	N2.DR	1	28	0
213	N2.DR	1	28	0
214	N2.DR	1	28	0
214	N2.DR	1	28	0
215	N2.DR	1	28	0
215	N2.DR	1	28	0
216	N2.DR	1	28	0
216	N2.DR	1	28	0
217	N2.DR	1	28	0
217	N2.DR	1	28	0
218	N2.DR	1	28	0
218	N2.DR	1	28	0
219	N2.DR	2	10	0
219	N2.DR	2	10	0
220	N2.DR	2	10	0
220	N2.DR	2	10	0
221	N2.DR	2	12	0
221	N2.DR	2	12	0
222	N2.DR	2	14	0
222	N2.DR	2	14	0
223	N2.DR	2	14	0
223	N2.DR	2	14	0
224	N2.DR	2	16	0
224	N2.DR	2	16	0
225	N2.DR	2	16	0
225	N2.DR	2	16	0
226	N2.DR	2	16	0
226	N2.DR	2	16	0
227	N2.DR	2	17	0
227	N2.DR	2	17	0
228	N2.DR	2	17	0
228	N2.DR	2	17	0
229	N2.DR	2	17	0
229	N2.DR	2	17	0
230	N2.DR	2	18	0
230	N2.DR	2	18	0
231	N2.DR	2	18	0
231	N2.DR	2	18	0
232	N2.DR	2	18	0
232	N2.DR	2	18	0
233	N2.DR	2	18	0
233	N2.DR	2	18	0
234	N2.DR	2	18	0
234	N2.DR	2	18	0
235	N2.DR	2	20	0
235	N2.DR	2	20	0
236	N2.DR	2	20	0
236	N2.DR	2	20	0
237	N2.DR	2	20	0
237	N2.DR	2	20	0
238	N2.DR	2	20	0
238	N2.DR	2	20	0
239	N2.DR	2	21	0
239	N2.DR	2	21	0
240	N2.DR	2	21	0
240	N2.DR	2	21	0
241	N2.DR	2	23	0
241	N2.DR	2	23	0
242	N2.DR	2	23	0
242	N2.DR	2	23	0
243	N2.DR	2	23	0
243	N2.DR	2	23	0
244	N2.DR	2	23	0
244	N2.DR	2	23	0
245	N2.DR	2	23	0
245	N2.DR	2	23	0
246	N2.DR	2	23	0
246	N2.DR	2	23	0
247	N2.DR	2	23	0
247	N2.DR	2	23	0
248	N2.DR	2	23	0
248	N2.DR	2	23	0
249	N2.DR	2	23	0
249	N2.DR	2	23	0
250	N2.DR	2	25	0
250	N2.DR	2	25	0
251	N2.DR	2	25	0
251	N2.DR	2	25	0
252	N2.DR	2	25	0
252	N2.DR	2	25	0
253	N2.DR	2	25	0
253	N2.DR	2	25	0
254	N2.DR	2	25	0
254	N2.DR	2	25	0
255	N2.DR	2	25	0
255	N2.DR	2	25	0
256	N2.DR	2	25	0
256	N2.DR	2	25	0
257	N2.DR	2	25	0
257	N2.DR	2	25	0
258	N2.DR	2	25	0
258	N2.DR	2	25	0
259	N2.DR	2	25	0
259	N2.DR	2	25	0
260	N2.DR	2	25	0
260	N2.DR	2	25	0
261	N2.DR	2	25	0
261	N2.DR	2	25	0
262	N2.DR	2	25	0
262	N2.DR	2	25	0
263	N2.DR	2	25	0
263	N2.DR	2	25	0
264	N2.DR	2	28	0
264	N2.DR	2	28	0
265	N2.DR	2	28	0
265	N2.DR	2	28	0
266	N2.DR	2	28	0
266	N2.DR	2	28	0
267	N2.DR	2	28	0
267	N2.DR	2	28	0
268	N2.DR	2	28	0
268	N2.DR	2	28	0
269	N2.DR	2	28	0
269	N2.DR	2	28	0
270	N2.DR	2	28	0
270	N2.DR	2	28	0
271	N2.DR	2	28	0
271	N2.DR	2	28	0
272	N2.DR	2	28	0
272	N2.DR	2	28	0
273	N2.DR	2	28	0
273	N2.DR	2	28	0
274	N2.DR	2	28	0
274	N2.DR	2	28	0
275	N2.DR	2	28	0
275	N2.DR	2	28	0
276	N2.DR	2	28	0
276	N2.DR	2	28	0
277	N2.DR	2	28	0
277	N2.DR	2	28	0
278	N2.DR	2	28	0
278	N2.DR	2	28	0
279	N2.DR	2	12	2
279	N2.DR	2	12	2
280	N2.DR	2	30	0
280	N2.DR	2	30	0
281	N2.DR	2	30	0
281	N2.DR	2	30	0
282	N2.DR	2	30	0
282	N2.DR	2	30	0
283	N2.DR	2	30	0
283	N2.DR	2	30	0
284	N2.DR	2	30	0
284	N2.DR	2	30	0
285	N2.DR	2	30	0
285	N2.DR	2	30	0
286	N2.DR	2	30	0
286	N2.DR	2	30	0
287	N2.DR	2	30	0
287	N2.DR	2	30	0
288	N2.DR	2	30	0
288	N2.DR	2	30	0
289	N2.DR	2	30	0
289	N2.DR	2	30	0
290	N2.DR	2	30	0
290	N2.DR	2	30	0
291	N2.DR	2	30	0
291	N2.DR	2	30	0
292	N2.DR	2	32	0
292	N2.DR	2	32	0
293	N2.DR	2	32	0
293	N2.DR	2	32	0
294	N2.DR	2	32	0
294	N2.DR	2	32	0
295	N2.DR	2	32	0
295	N2.DR	2	32	0
296	N2.DR	2	32	0
296	N2.DR	2	32	0
297	N2.DR	2	32	0
297	N2.DR	2	32	0
298	N2.DR	2	32	0
298	N2.DR	2	32	0
299	N2.DR	2	32	0
299	N2.DR	2	32	0
300	N2.DR	2	32	0
300	N2.DR	2	32	0
301	N2.DR	2	32	0
301	N2.DR	2	32	0
302	N2.DR	2	32	0
302	N2.DR	2	32	0
303	N2.DR	2	32	0
303	N2.DR	2	32	0
304	N2.DR	2	32	0
304	N2.DR	2	32	0
305	N2.DR	2	34	0
305	N2.DR	2	34	0
306	N2.DR	2	34	0
306	N2.DR	2	34	0
307	N2.DR	2	34	0
307	N2.DR	2	34	0
308	N2.DR	2	34	0
308	N2.DR	2	34	0
309	N2.DR	2	34	0
309	N2.DR	2	34	0
310	N2.DR	2	36	0
310	N2.DR	2	36	0
311	N2.DR	2	36	0
311	N2.DR	2	36	0
312	N2.DR	2	36	0
312	N2.DR	2	36	0
313	cep-1	1	8	0
313	cep-1	1	8	0
314	cep-1	1	8	0
314	cep-1	1	8	0
315	cep-1	1	10	0
315	cep-1	1	10	0
316	cep-1	1	10	0
316	cep-1	1	10	0
317	cep-1	1	10	0
317	cep-1	1	10	0
318	cep-1	1	10	0
318	cep-1	1	10	0
319	cep-1	1	12	0
319	cep-1	1	12	0
320	cep-1	1	12	0
320	cep-1	1	12	0
321	cep-1	1	12	0
321	cep-1	1	12	0
322	cep-1	1	12	0
322	cep-1	1	12	0
323	cep-1	1	12	0
323	cep-1	1	12	0
324	cep-1	1	12	0
324	cep-1	1	12	0
325	cep-1	1	14	0
325	cep-1	1	14	0
326	cep-1	1	14	0
326	cep-1	1	14	0
327	cep-1	1	14	0
327	cep-1	1	14	0
328	cep-1	1	14	0
328	cep-1	1	14	0
329	cep-1	1	14	0
329	cep-1	1	14	0
330	cep-1	1	14	0
330	cep-1	1	14	0
331	cep-1	1	14	0
331	cep-1	1	14	0
332	cep-1	1	14	0
332	cep-1	1	14	0
333	cep-1	1	14	0
333	cep-1	1	14	0
334	cep-1	1	14	0
334	cep-1	1	14	0
335	cep-1	1	14	0
335	cep-1	1	14	0
336	cep-1	1	14	0
336	cep-1	1	14	0
337	cep-1	1	16	0
337	cep-1	1	16	0
338	cep-1	1	16	0
338	cep-1	1	16	0
339	cep-1	1	16	0
339	cep-1	1	16	0
340	cep-1	1	16	0
340	cep-1	1	16	0
341	cep-1	1	16	0
341	cep-1	1	16	0
342	cep-1	1	16	0
342	cep-1	1	16	0
343	cep-1	1	16	0
343	cep-1	1	16	0
344	cep-1	1	16	0
344	cep-1	1	16	0
345	cep-1	1	16	0
345	cep-1	1	16	0
346	cep-1	1	16	0
346	cep-1	1	16	0
347	cep-1	1	16	0
347	cep-1	1	16	0
348	cep-1	1	16	0
348	cep-1	1	16	0
349	cep-1	1	16	0
349	cep-1	1	16	0
350	cep-1	1	16	0
350	cep-1	1	16	0
351	cep-1	1	16	0
351	cep-1	1	16	0
352	cep-1	1	17	0
352	cep-1	1	17	0
353	cep-1	1	17	0
353	cep-1	1	17	0
354	cep-1	1	17	0
354	cep-1	1	17	0
355	cep-1	1	17	0
355	cep-1	1	17	0
356	cep-1	1	17	0
356	cep-1	1	17	0
357	cep-1	1	17	0
357	cep-1	1	17	0
358	cep-1	1	17	0
358	cep-1	1	17	0
359	cep-1	1	18	0
359	cep-1	1	18	0
360	cep-1	1	18	0
360	cep-1	1	18	0
361	cep-1	1	18	0
361	cep-1	1	18	0
362	cep-1	1	18	0
362	cep-1	1	18	0
363	cep-1	1	18	0
363	cep-1	1	18	0
364	cep-1	1	18	0
364	cep-1	1	18	0
365	cep-1	1	18	0
365	cep-1	1	18	0
366	cep-1	1	18	0
366	cep-1	1	18	0
367	cep-1	1	18	0
367	cep-1	1	18	0
368	cep-1	1	18	0
368	cep-1	1	18	0
369	cep-1	1	18	0
369	cep-1	1	18	0
370	cep-1	1	20	0
370	cep-1	1	20	0
371	cep-1	1	20	0
371	cep-1	1	20	0
372	cep-1	1	20	0
372	cep-1	1	20	0
373	cep-1	1	20	0
373	cep-1	1	20	0
374	cep-1	1	20	0
374	cep-1	1	20	0
375	cep-1	1	20	0
375	cep-1	1	20	0
376	cep-1	1	20	0
376	cep-1	1	20	0
377	cep-1	1	20	0
377	cep-1	1	20	0
378	cep-1	1	21	0
378	cep-1	1	21	0
379	cep-1	1	21	0
379	cep-1	1	21	0
380	cep-1	1	21	0
380	cep-1	1	21	0
381	cep-1	1	21	0
381	cep-1	1	21	0
382	cep-1	1	23	0
382	cep-1	1	23	0
383	cep-1	1	23	0
383	cep-1	1	23	0
384	cep-1	1	25	0
384	cep-1	1	25	0
385	cep-1	1	28	0
385	cep-1	1	28	0
386	cep-1	1	30	0
386	cep-1	1	30	0
387	cep-1	1	12	1
387	cep-1	1	12	1
388	cep-1	1	12	2
388	cep-1	1	12	2
389	cep-1	1	8	3
389	cep-1	1	8	3
390	cep-1	1	8	3
390	cep-1	1	8	3
391	cep-1	1	8	3
391	cep-1	1	8	3
392	cep-1	1	10	3
392	cep-1	1	10	3
393	cep-1	2	8	0
393	cep-1	2	8	0
394	cep-1	2	12	0
394	cep-1	2	12	0
395	cep-1	2	12	0
395	cep-1	2	12	0
396	cep-1	2	12	0
396	cep-1	2	12	0
397	cep-1	2	12	0
397	cep-1	2	12	0
398	cep-1	2	12	0
398	cep-1	2	12	0
399	cep-1	2	12	0
399	cep-1	2	12	0
400	cep-1	2	12	0
400	cep-1	2	12	0
401	cep-1	2	12	0
401	cep-1	2	12	0
402	cep-1	2	12	0
402	cep-1	2	12	0
403	cep-1	2	12	0
403	cep-1	2	12	0
404	cep-1	2	14	0
404	cep-1	2	14	0
405	cep-1	2	14	0
405	cep-1	2	14	0
406	cep-1	2	14	0
406	cep-1	2	14	0
407	cep-1	2	14	0
407	cep-1	2	14	0
408	cep-1	2	14	0
408	cep-1	2	14	0
409	cep-1	2	14	0
409	cep-1	2	14	0
410	cep-1	2	14	0
410	cep-1	2	14	0
411	cep-1	2	16	0
411	cep-1	2	16	0
412	cep-1	2	16	0
412	cep-1	2	16	0
413	cep-1	2	16	0
413	cep-1	2	16	0
414	cep-1	2	16	0
414	cep-1	2	16	0
415	cep-1	2	16	0
415	cep-1	2	16	0
416	cep-1	2	16	0
416	cep-1	2	16	0
417	cep-1	2	16	0
417	cep-1	2	16	0
418	cep-1	2	16	0
418	cep-1	2	16	0
419	cep-1	2	16	0
419	cep-1	2	16	0
420	cep-1	2	16	0
420	cep-1	2	16	0
421	cep-1	2	16	0
421	cep-1	2	16	0
422	cep-1	2	16	0
422	cep-1	2	16	0
423	cep-1	2	16	0
423	cep-1	2	16	0
424	cep-1	2	16	0
424	cep-1	2	16	0
425	cep-1	2	16	0
425	cep-1	2	16	0
426	cep-1	2	16	0
426	cep-1	2	16	0
427	cep-1	2	16	0
427	cep-1	2	16	0
428	cep-1	2	16	0
428	cep-1	2	16	0
429	cep-1	2	16	0
429	cep-1	2	16	0
430	cep-1	2	16	0
430	cep-1	2	16	0
431	cep-1	2	16	0
431	cep-1	2	16	0
432	cep-1	2	16	0
432	cep-1	2	16	0
433	cep-1	2	16	0
433	cep-1	2	16	0
434	cep-1	2	16	0
434	cep-1	2	16	0
435	cep-1	2	16	0
435	cep-1	2	16	0
436	cep-1	2	16	0
436	cep-1	2	16	0
437	cep-1	2	16	0
437	cep-1	2	16	0
438	cep-1	2	17	0
438	cep-1	2	17	0
439	cep-1	2	17	0
439	cep-1	2	17	0
440	cep-1	2	17	0
440	cep-1	2	17	0
441	cep-1	2	17	0
441	cep-1	2	17	0
442	cep-1	2	17	0
442	cep-1	2	17	0
443	cep-1	2	17	0
443	cep-1	2	17	0
444	cep-1	2	17	0
444	cep-1	2	17	0
445	cep-1	2	17	0
445	cep-1	2	17	0
446	cep-1	2	17	0
446	cep-1	2	17	0
447	cep-1	2	17	0
447	cep-1	2	17	0
448	cep-1	2	17	0
448	cep-1	2	17	0
449	cep-1	2	17	0
449	cep-1	2	17	0
450	cep-1	2	18	0
450	cep-1	2	18	0
451	cep-1	2	18	0
451	cep-1	2	18	0
452	cep-1	2	18	0
452	cep-1	2	18	0
453	cep-1	2	18	0
453	cep-1	2	18	0
454	cep-1	2	18	0
454	cep-1	2	18	0
455	cep-1	2	18	0
455	cep-1	2	18	0
456	cep-1	2	18	0
456	cep-1	2	18	0
457	cep-1	2	20	0
457	cep-1	2	20	0
458	cep-1	2	20	0
458	cep-1	2	20	0
459	cep-1	2	20	0
459	cep-1	2	20	0
460	cep-1	2	20	0
460	cep-1	2	20	0
461	cep-1	2	21	0
461	cep-1	2	21	0
462	cep-1	2	21	0
462	cep-1	2	21	0
463	cep-1	2	23	0
463	cep-1	2	23	0
464	cep-1	2	23	0
464	cep-1	2	23	0
465	cep-1	2	23	0
465	cep-1	2	23	0
466	cep-1	2	23	0
466	cep-1	2	23	0
467	cep-1	2	25	0
467	cep-1	2	25	0
468	atm-1	1	14	2
468	atm-1	1	14	2
469	atm-1	1	14	2
469	atm-1	1	14	2
470	atm-1	1	14	2
470	atm-1	1	14	2
471	atm-1	1	14	2
471	atm-1	1	14	2
472	atm-1	1	14	2
472	atm-1	1	14	2
473	atm-1	1	14	2
473	atm-1	1	14	2
474	atm-1	1	14	2
474	atm-1	1	14	2
475	atm-1	1	12	3
475	atm-1	1	12	3
476	atm-1	1	12	3
476	atm-1	1	12	3
477	atm-1	1	12	3
477	atm-1	1	12	3
478	atm-1	1	12	0
478	atm-1	1	12	0
479	atm-1	1	12	0
479	atm-1	1	12	0
480	atm-1	1	12	0
480	atm-1	1	12	0
481	atm-1	1	12	0
481	atm-1	1	12	0
482	atm-1	1	12	0
482	atm-1	1	12	0
483	atm-1	1	14	0
483	atm-1	1	14	0
484	atm-1	1	14	0
484	atm-1	1	14	0
485	atm-1	1	14	0
485	atm-1	1	14	0
486	atm-1	1	14	0
486	atm-1	1	14	0
487	atm-1	1	16	0
487	atm-1	1	16	0
488	atm-1	1	16	0
488	atm-1	1	16	0
489	atm-1	1	16	0
489	atm-1	1	16	0
490	atm-1	1	16	0
490	atm-1	1	16	0
491	atm-1	1	16	0
491	atm-1	1	16	0
492	atm-1	1	16	0
492	atm-1	1	16	0
493	atm-1	1	16	0
493	atm-1	1	16	0
494	atm-1	1	16	0
494	atm-1	1	16	0
495	atm-1	1	16	0
495	atm-1	1	16	0
496	atm-1	1	16	0
496	atm-1	1	16	0
497	atm-1	1	16	0
497	atm-1	1	16	0
498	atm-1	1	16	0
498	atm-1	1	16	0
499	atm-1	1	16	0
499	atm-1	1	16	0
500	atm-1	1	16	0
500	atm-1	1	16	0
501	atm-1	1	16	0
501	atm-1	1	16	0
502	atm-1	1	17	0
502	atm-1	1	17	0
503	atm-1	1	17	0
503	atm-1	1	17	0
504	atm-1	1	17	0
504	atm-1	1	17	0
505	atm-1	1	17	0
505	atm-1	1	17	0
506	atm-1	1	17	0
506	atm-1	1	17	0
507	atm-1	1	17	0
507	atm-1	1	17	0
508	atm-1	1	17	0
508	atm-1	1	17	0
509	atm-1	1	18	0
509	atm-1	1	18	0
510	atm-1	1	18	0
510	atm-1	1	18	0
511	atm-1	1	18	0
511	atm-1	1	18	0
512	atm-1	1	20	0
512	atm-1	1	20	0
513	atm-1	1	20	0
513	atm-1	1	20	0
514	atm-1	1	20	0
514	atm-1	1	20	0
515	atm-1	1	20	0
515	atm-1	1	20	0
516	atm-1	1	20	0
516	atm-1	1	20	0
517	atm-1	1	20	0
517	atm-1	1	20	0
518	atm-1	1	20	0
518	atm-1	1	20	0
519	atm-1	1	20	0
519	atm-1	1	20	0
520	atm-1	1	20	0
520	atm-1	1	20	0
521	atm-1	1	20	0
521	atm-1	1	20	0
522	atm-1	1	21	0
522	atm-1	1	21	0
523	atm-1	1	21	0
523	atm-1	1	21	0
524	atm-1	1	21	0
524	atm-1	1	21	0
525	atm-1	1	21	0
525	atm-1	1	21	0
526	atm-1	1	21	0
526	atm-1	1	21	0
527	atm-1	1	23	0
527	atm-1	1	23	0
528	atm-1	1	23	0
528	atm-1	1	23	0
529	atm-1	1	23	0
529	atm-1	1	23	0
530	atm-1	1	23	0
530	atm-1	1	23	0
531	atm-1	1	23	0
531	atm-1	1	23	0
532	atm-1	1	23	0
532	atm-1	1	23	0
533	atm-1	1	23	0
533	atm-1	1	23	0
534	atm-1	1	25	0
534	atm-1	1	25	0
535	atm-1	1	25	0
535	atm-1	1	25	0
536	atm-1	1	25	0
536	atm-1	1	25	0
537	atm-1	1	28	0
537	atm-1	1	28	0
538	atm-1	1	28	0
538	atm-1	1	28	0
539	aak-1	1	8	3
539	aak-1	1	8	3
540	aak-1	1	8	3
540	aak-1	1	8	3
541	aak-1	1	8	3
541	aak-1	1	8	3
542	aak-1	1	10	3
542	aak-1	1	10	3
543	aak-1	1	10	3
543	aak-1	1	10	3
544	aak-1	1	10	3
544	aak-1	1	10	3
545	aak-1	1	10	3
545	aak-1	1	10	3
546	aak-1	1	10	3
546	aak-1	1	10	3
547	aak-1	1	12	3
547	aak-1	1	12	3
548	aak-1	1	12	3
548	aak-1	1	12	3
549	aak-1	1	12	3
549	aak-1	1	12	3
550	aak-1	1	12	3
550	aak-1	1	12	3
551	aak-1	1	12	3
551	aak-1	1	12	3
552	aak-1	1	12	3
552	aak-1	1	12	3
553	aak-1	1	12	3
553	aak-1	1	12	3
554	aak-1	1	14	3
554	aak-1	1	14	3
555	aak-1	1	17	3
555	aak-1	1	17	3
556	aak-1	1	17	3
556	aak-1	1	17	3
557	aak-1	1	12	2
557	aak-1	1	12	2
558	aak-1	1	12	2
558	aak-1	1	12	2
559	aak-1	1	12	2
559	aak-1	1	12	2
560	aak-1	1	12	2
560	aak-1	1	12	2
561	aak-1	1	12	2
561	aak-1	1	12	2
562	aak-1	1	14	2
562	aak-1	1	14	2
563	aak-1	1	14	2
563	aak-1	1	14	2
564	aak-1	1	14	2
564	aak-1	1	14	2
565	aak-1	1	14	2
565	aak-1	1	14	2
566	aak-1	1	14	2
566	aak-1	1	14	2
567	aak-1	1	14	2
567	aak-1	1	14	2
568	aak-1	1	14	2
568	aak-1	1	14	2
569	aak-1	1	14	2
569	aak-1	1	14	2
570	aak-1	1	14	2
570	aak-1	1	14	2
571	aak-1	1	14	2
571	aak-1	1	14	2
572	aak-1	1	14	2
572	aak-1	1	14	2
573	aak-1	1	14	2
573	aak-1	1	14	2
574	aak-1	1	14	2
574	aak-1	1	14	2
575	aak-1	1	14	2
575	aak-1	1	14	2
576	aak-1	1	14	2
576	aak-1	1	14	2
577	aak-1	1	14	2
577	aak-1	1	14	2
578	aak-1	1	14	2
578	aak-1	1	14	2
579	aak-1	1	14	2
579	aak-1	1	14	2
580	aak-1	1	14	2
580	aak-1	1	14	2
581	aak-1	1	14	2
581	aak-1	1	14	2
582	aak-1	1	14	2
582	aak-1	1	14	2
583	aak-1	1	14	2
583	aak-1	1	14	2
584	aak-1	1	14	2
584	aak-1	1	14	2
585	aak-1	1	14	2
585	aak-1	1	14	2
586	aak-1	1	14	2
586	aak-1	1	14	2
587	aak-1	1	14	2
587	aak-1	1	14	2
588	aak-1	1	14	2
588	aak-1	1	14	2
589	aak-1	1	14	2
589	aak-1	1	14	2
590	aak-1	1	14	2
590	aak-1	1	14	2
591	aak-1	1	14	2
591	aak-1	1	14	2
592	aak-1	1	14	2
592	aak-1	1	14	2
593	aak-1	1	14	2
593	aak-1	1	14	2
594	aak-1	1	16	2
594	aak-1	1	16	2
595	aak-1	1	16	2
595	aak-1	1	16	2
596	aak-1	1	16	2
596	aak-1	1	16	2
597	aak-1	1	16	2
597	aak-1	1	16	2
598	aak-1	1	16	2
598	aak-1	1	16	2
599	aak-1	1	16	2
599	aak-1	1	16	2
600	aak-1	1	16	2
600	aak-1	1	16	2
601	aak-1	1	16	2
601	aak-1	1	16	2
602	aak-1	1	12	1
602	aak-1	1	12	1
603	aak-1	1	12	1
603	aak-1	1	12	1
604	aak-1	1	12	1
604	aak-1	1	12	1
605	aak-1	1	16	1
605	aak-1	1	16	1
606	aak-1	1	16	1
606	aak-1	1	16	1
607	aak-1	1	16	1
607	aak-1	1	16	1
608	aak-1	1	16	1
608	aak-1	1	16	1
609	aak-1	1	16	1
609	aak-1	1	16	1
610	aak-1	1	16	1
610	aak-1	1	16	1
611	aak-1	1	16	1
611	aak-1	1	16	1
612	aak-1	1	8	0
612	aak-1	1	8	0
613	aak-1	1	10	0
613	aak-1	1	10	0
614	aak-1	1	10	0
614	aak-1	1	10	0
615	aak-1	1	12	0
615	aak-1	1	12	0
616	aak-1	1	12	0
616	aak-1	1	12	0
617	aak-1	1	12	0
617	aak-1	1	12	0
618	aak-1	1	12	0
618	aak-1	1	12	0
619	aak-1	1	12	0
619	aak-1	1	12	0
620	aak-1	1	12	0
620	aak-1	1	12	0
621	aak-1	1	12	0
621	aak-1	1	12	0
622	aak-1	1	12	0
622	aak-1	1	12	0
623	aak-1	1	12	0
623	aak-1	1	12	0
624	aak-1	1	12	0
624	aak-1	1	12	0
625	aak-1	1	12	0
625	aak-1	1	12	0
626	aak-1	1	12	0
626	aak-1	1	12	0
627	aak-1	1	12	0
627	aak-1	1	12	0
628	aak-1	1	12	0
628	aak-1	1	12	0
629	aak-1	1	14	0
629	aak-1	1	14	0
630	aak-1	1	14	0
630	aak-1	1	14	0
631	aak-1	1	14	0
631	aak-1	1	14	0
632	aak-1	1	14	0
632	aak-1	1	14	0
633	aak-1	1	14	0
633	aak-1	1	14	0
634	aak-1	1	14	0
634	aak-1	1	14	0
635	aak-1	1	14	0
635	aak-1	1	14	0
636	aak-1	1	14	0
636	aak-1	1	14	0
637	aak-1	1	14	0
637	aak-1	1	14	0
638	aak-1	1	14	0
638	aak-1	1	14	0
639	aak-1	1	14	0
639	aak-1	1	14	0
640	aak-1	1	14	0
640	aak-1	1	14	0
641	aak-1	1	14	0
641	aak-1	1	14	0
642	aak-1	1	14	0
642	aak-1	1	14	0
643	aak-1	1	14	0
643	aak-1	1	14	0
644	aak-1	1	14	0
644	aak-1	1	14	0
645	aak-1	1	14	0
645	aak-1	1	14	0
646	aak-1	1	14	0
646	aak-1	1	14	0
647	aak-1	1	14	0
647	aak-1	1	14	0
648	aak-1	1	14	0
648	aak-1	1	14	0
649	aak-1	1	16	0
649	aak-1	1	16	0
650	aak-1	1	16	0
650	aak-1	1	16	0
651	aak-1	1	16	0
651	aak-1	1	16	0
652	aak-1	1	16	0
652	aak-1	1	16	0
653	aak-1	1	16	0
653	aak-1	1	16	0
654	aak-1	1	16	0
654	aak-1	1	16	0
655	aak-1	1	16	0
655	aak-1	1	16	0
656	aak-1	1	16	0
656	aak-1	1	16	0
657	aak-1	1	16	0
657	aak-1	1	16	0
658	aak-1	1	16	0
658	aak-1	1	16	0
659	aak-1	1	16	0
659	aak-1	1	16	0
660	aak-1	1	16	0
660	aak-1	1	16	0
661	aak-1	1	16	0
661	aak-1	1	16	0
662	aak-1	1	16	0
662	aak-1	1	16	0
663	aak-1	1	16	0
663	aak-1	1	16	0
664	aak-1	1	16	0
664	aak-1	1	16	0
665	aak-1	1	16	0
665	aak-1	1	16	0
666	aak-1	1	16	0
666	aak-1	1	16	0
667	aak-1	1	16	0
667	aak-1	1	16	0
668	aak-1	1	16	0
668	aak-1	1	16	0
669	aak-1	1	16	0
669	aak-1	1	16	0
670	aak-1	1	16	0
670	aak-1	1	16	0
671	aak-1	1	16	0
671	aak-1	1	16	0
672	aak-1	1	16	0
672	aak-1	1	16	0
673	aak-1	1	16	0
673	aak-1	1	16	0
674	aak-1	1	16	0
674	aak-1	1	16	0
675	aak-1	1	16	0
675	aak-1	1	16	0
676	aak-1	1	16	0
676	aak-1	1	16	0
677	aak-1	1	16	0
677	aak-1	1	16	0
678	aak-1	1	16	0
678	aak-1	1	16	0
679	aak-1	1	16	0
679	aak-1	1	16	0
680	aak-1	1	16	0
680	aak-1	1	16	0
681	aak-1	1	16	0
681	aak-1	1	16	0
682	aak-1	1	16	0
682	aak-1	1	16	0
683	aak-1	1	16	0
683	aak-1	1	16	0
684	aak-1	1	16	0
684	aak-1	1	16	0
685	aak-1	1	17	0
685	aak-1	1	17	0
686	aak-1	1	17	0
686	aak-1	1	17	0
687	aak-1	1	17	0
687	aak-1	1	17	0
688	aak-1	1	17	0
688	aak-1	1	17	0
689	aak-1	1	17	0
689	aak-1	1	17	0
690	aak-1	1	17	0
690	aak-1	1	17	0
691	aak-1	1	17	0
691	aak-1	1	17	0
692	aak-1	1	17	0
692	aak-1	1	17	0
693	aak-1	1	17	0
693	aak-1	1	17	0
694	aak-1	1	17	0
694	aak-1	1	17	0
695	aak-1	1	17	0
695	aak-1	1	17	0
696	aak-1	1	17	0
696	aak-1	1	17	0
697	aak-1	1	17	0
697	aak-1	1	17	0
698	aak-1	1	17	0
698	aak-1	1	17	0
699	aak-1	1	17	0
699	aak-1	1	17	0
700	aak-1	1	18	0
700	aak-1	1	18	0
701	aak-1	1	18	0
701	aak-1	1	18	0
702	aak-1	1	18	0
702	aak-1	1	18	0
703	aak-1	1	18	0
703	aak-1	1	18	0
704	aak-1	1	18	0
704	aak-1	1	18	0
705	aak-1	1	20	0
705	aak-1	1	20	0
706	aak-1	1	20	0
706	aak-1	1	20	0
707	aak-1	1	20	0
707	aak-1	1	20	0
708	aak-1	1	20	0
708	aak-1	1	20	0
709	aak-1	1	23	0
709	aak-1	1	23	0
710	aak-1	1	23	0
710	aak-1	1	23	0
711	aak-1	1	23	0
711	aak-1	1	23	0
712	aak-1	1	23	0
712	aak-1	1	23	0
713	aak-1	1	23	0
713	aak-1	1	23	0
714	aak-1	1	25	0
714	aak-1	1	25	0
715	aak-1	1	25	0
715	aak-1	1	25	0
716	aak-1	1	28	0
716	aak-1	1	28	0
717	aak-2	1	10	3
717	aak-2	1	10	3
718	aak-2	1	12	3
718	aak-2	1	12	3
719	aak-2	1	12	3
719	aak-2	1	12	3
720	aak-2	1	14	3
720	aak-2	1	14	3
721	aak-2	1	14	3
721	aak-2	1	14	3
722	aak-2	1	16	3
722	aak-2	1	16	3
723	aak-2	1	14	2
723	aak-2	1	14	2
724	aak-2	1	14	2
724	aak-2	1	14	2
725	aak-2	1	14	2
725	aak-2	1	14	2
726	aak-2	1	14	2
726	aak-2	1	14	2
727	aak-2	1	14	2
727	aak-2	1	14	2
728	aak-2	1	14	2
728	aak-2	1	14	2
729	aak-2	1	14	2
729	aak-2	1	14	2
730	aak-2	1	14	2
730	aak-2	1	14	2
731	aak-2	1	14	2
731	aak-2	1	14	2
732	aak-2	1	16	2
732	aak-2	1	16	2
733	aak-2	1	17	2
733	aak-2	1	17	2
734	aak-2	1	12	1
734	aak-2	1	12	1
735	aak-2	1	12	1
735	aak-2	1	12	1
736	aak-2	1	16	1
736	aak-2	1	16	1
737	aak-2	1	16	1
737	aak-2	1	16	1
738	aak-2	1	8	0
738	aak-2	1	8	0
739	aak-2	1	10	0
739	aak-2	1	10	0
740	aak-2	1	12	0
740	aak-2	1	12	0
741	aak-2	1	12	0
741	aak-2	1	12	0
742	aak-2	1	12	0
742	aak-2	1	12	0
743	aak-2	1	12	0
743	aak-2	1	12	0
744	aak-2	1	12	0
744	aak-2	1	12	0
745	aak-2	1	12	0
745	aak-2	1	12	0
746	aak-2	1	12	0
746	aak-2	1	12	0
747	aak-2	1	14	0
747	aak-2	1	14	0
748	aak-2	1	14	0
748	aak-2	1	14	0
749	aak-2	1	14	0
749	aak-2	1	14	0
750	aak-2	1	14	0
750	aak-2	1	14	0
751	aak-2	1	14	0
751	aak-2	1	14	0
752	aak-2	1	14	0
752	aak-2	1	14	0
753	aak-2	1	14	0
753	aak-2	1	14	0
754	aak-2	1	14	0
754	aak-2	1	14	0
755	aak-2	1	14	0
755	aak-2	1	14	0
756	aak-2	1	14	0
756	aak-2	1	14	0
757	aak-2	1	14	0
757	aak-2	1	14	0
758	aak-2	1	14	0
758	aak-2	1	14	0
759	aak-2	1	14	0
759	aak-2	1	14	0
760	aak-2	1	14	0
760	aak-2	1	14	0
761	aak-2	1	14	0
761	aak-2	1	14	0
762	aak-2	1	14	0
762	aak-2	1	14	0
763	aak-2	1	14	0
763	aak-2	1	14	0
764	aak-2	1	14	0
764	aak-2	1	14	0
765	aak-2	1	14	0
765	aak-2	1	14	0
766	aak-2	1	14	0
766	aak-2	1	14	0
767	aak-2	1	14	0
767	aak-2	1	14	0
768	aak-2	1	14	0
768	aak-2	1	14	0
769	aak-2	1	14	0
769	aak-2	1	14	0
770	aak-2	1	14	0
770	aak-2	1	14	0
771	aak-2	1	14	0
771	aak-2	1	14	0
772	aak-2	1	14	0
772	aak-2	1	14	0
773	aak-2	1	14	0
773	aak-2	1	14	0
774	aak-2	1	14	0
774	aak-2	1	14	0
775	aak-2	1	14	0
775	aak-2	1	14	0
776	aak-2	1	14	0
776	aak-2	1	14	0
777	aak-2	1	14	0
777	aak-2	1	14	0
778	aak-2	1	14	0
778	aak-2	1	14	0
779	aak-2	1	14	0
779	aak-2	1	14	0
780	aak-2	1	14	0
780	aak-2	1	14	0
781	aak-2	1	14	0
781	aak-2	1	14	0
782	aak-2	1	14	0
782	aak-2	1	14	0
783	aak-2	1	14	0
783	aak-2	1	14	0
784	aak-2	1	16	0
784	aak-2	1	16	0
785	aak-2	1	16	0
785	aak-2	1	16	0
786	aak-2	1	16	0
786	aak-2	1	16	0
787	aak-2	1	16	0
787	aak-2	1	16	0
788	aak-2	1	16	0
788	aak-2	1	16	0
789	aak-2	1	16	0
789	aak-2	1	16	0
790	aak-2	1	16	0
790	aak-2	1	16	0
791	aak-2	1	16	0
791	aak-2	1	16	0
792	aak-2	1	16	0
792	aak-2	1	16	0
793	aak-2	1	16	0
793	aak-2	1	16	0
794	aak-2	1	16	0
794	aak-2	1	16	0
795	aak-2	1	16	0
795	aak-2	1	16	0
796	aak-2	1	16	0
796	aak-2	1	16	0
797	aak-2	1	16	0
797	aak-2	1	16	0
798	aak-2	1	16	0
798	aak-2	1	16	0
799	aak-2	1	16	0
799	aak-2	1	16	0
800	aak-2	1	16	0
800	aak-2	1	16	0
801	aak-2	1	16	0
801	aak-2	1	16	0
802	aak-2	1	16	0
802	aak-2	1	16	0
803	aak-2	1	16	0
803	aak-2	1	16	0
804	aak-2	1	16	0
804	aak-2	1	16	0
805	aak-2	1	16	0
805	aak-2	1	16	0
806	aak-2	1	16	0
806	aak-2	1	16	0
807	aak-2	1	16	0
807	aak-2	1	16	0
808	aak-2	1	16	0
808	aak-2	1	16	0
809	aak-2	1	16	0
809	aak-2	1	16	0
810	aak-2	1	16	0
810	aak-2	1	16	0
811	aak-2	1	16	0
811	aak-2	1	16	0
812	aak-2	1	16	0
812	aak-2	1	16	0
813	aak-2	1	16	0
813	aak-2	1	16	0
814	aak-2	1	16	0
814	aak-2	1	16	0
815	aak-2	1	16	0
815	aak-2	1	16	0
816	aak-2	1	16	0
816	aak-2	1	16	0
817	aak-2	1	16	0
817	aak-2	1	16	0
818	aak-2	1	16	0
818	aak-2	1	16	0
819	aak-2	1	16	0
819	aak-2	1	16	0
820	aak-2	1	16	0
820	aak-2	1	16	0
821	aak-2	1	16	0
821	aak-2	1	16	0
822	aak-2	1	16	0
822	aak-2	1	16	0
823	aak-2	1	16	0
823	aak-2	1	16	0
824	aak-2	1	16	0
824	aak-2	1	16	0
825	aak-2	1	16	0
825	aak-2	1	16	0
826	aak-2	1	16	0
826	aak-2	1	16	0
827	aak-2	1	16	0
827	aak-2	1	16	0
828	aak-2	1	16	0
828	aak-2	1	16	0
829	aak-2	1	17	0
829	aak-2	1	17	0
830	aak-2	1	17	0
830	aak-2	1	17	0
831	aak-2	1	17	0
831	aak-2	1	17	0
832	aak-2	1	17	0
832	aak-2	1	17	0
833	aak-2	1	17	0
833	aak-2	1	17	0
834	aak-2	1	17	0
834	aak-2	1	17	0
835	aak-2	1	17	0
835	aak-2	1	17	0
836	aak-2	1	17	0
836	aak-2	1	17	0
837	aak-2	1	17	0
837	aak-2	1	17	0
838	aak-2	1	17	0
838	aak-2	1	17	0
839	aak-2	1	17	0
839	aak-2	1	17	0
840	aak-2	1	17	0
840	aak-2	1	17	0
841	aak-2	1	17	0
841	aak-2	1	17	0
842	aak-2	1	17	0
842	aak-2	1	17	0
843	aak-2	1	17	0
843	aak-2	1	17	0
844	aak-2	1	17	0
844	aak-2	1	17	0
845	aak-2	1	17	0
845	aak-2	1	17	0
846	aak-2	1	17	0
846	aak-2	1	17	0
847	aak-2	1	17	0
847	aak-2	1	17	0
848	aak-2	1	17	0
848	aak-2	1	17	0
849	aak-2	1	17	0
849	aak-2	1	17	0
850	aak-2	1	17	0
850	aak-2	1	17	0
851	aak-2	1	17	0
851	aak-2	1	17	0
852	aak-2	1	17	0
852	aak-2	1	17	0
853	aak-2	1	17	0
853	aak-2	1	17	0
854	aak-2	1	18	0
854	aak-2	1	18	0
855	aak-2	1	18	0
855	aak-2	1	18	0
856	aak-2	1	18	0
856	aak-2	1	18	0
857	aak-2	1	18	0
857	aak-2	1	18	0
858	aak-2	1	18	0
858	aak-2	1	18	0
859	aak-2	1	18	0
859	aak-2	1	18	0
860	aak-2	1	18	0
860	aak-2	1	18	0
861	aak-2	1	20	0
861	aak-2	1	20	0
862	aak-2	1	20	0
862	aak-2	1	20	0
863	aak-2	1	20	0
863	aak-2	1	20	0
864	aak-2	1	20	0
864	aak-2	1	20	0
865	aak-2	1	20	0
865	aak-2	1	20	0
866	aak-2	1	20	0
866	aak-2	1	20	0
867	aak-2	1	21	0
867	aak-2	1	21	0
868	sir2.1	1	16	3
868	sir2.1	1	16	3
869	sir2.1	1	14	2
869	sir2.1	1	14	2
870	sir2.1	1	16	1
870	sir2.1	1	16	1
871	sir2.1	1	8	0
871	sir2.1	1	8	0
872	sir2.1	1	8	0
872	sir2.1	1	8	0
873	sir2.1	1	12	0
873	sir2.1	1	12	0
874	sir2.1	1	12	0
874	sir2.1	1	12	0
875	sir2.1	1	14	0
875	sir2.1	1	14	0
876	sir2.1	1	14	0
876	sir2.1	1	14	0
877	sir2.1	1	14	0
877	sir2.1	1	14	0
878	sir2.1	1	14	0
878	sir2.1	1	14	0
879	sir2.1	1	14	0
879	sir2.1	1	14	0
880	sir2.1	1	14	0
880	sir2.1	1	14	0
881	sir2.1	1	14	0
881	sir2.1	1	14	0
882	sir2.1	1	14	0
882	sir2.1	1	14	0
883	sir2.1	1	14	0
883	sir2.1	1	14	0
884	sir2.1	1	14	0
884	sir2.1	1	14	0
885	sir2.1	1	14	0
885	sir2.1	1	14	0
886	sir2.1	1	16	0
886	sir2.1	1	16	0
887	sir2.1	1	16	0
887	sir2.1	1	16	0
888	sir2.1	1	16	0
888	sir2.1	1	16	0
889	sir2.1	1	16	0
889	sir2.1	1	16	0
890	sir2.1	1	16	0
890	sir2.1	1	16	0
891	sir2.1	1	16	0
891	sir2.1	1	16	0
892	sir2.1	1	16	0
892	sir2.1	1	16	0
893	sir2.1	1	16	0
893	sir2.1	1	16	0
894	sir2.1	1	16	0
894	sir2.1	1	16	0
895	sir2.1	1	16	0
895	sir2.1	1	16	0
896	sir2.1	1	16	0
896	sir2.1	1	16	0
897	sir2.1	1	16	0
897	sir2.1	1	16	0
898	sir2.1	1	16	0
898	sir2.1	1	16	0
899	sir2.1	1	16	0
899	sir2.1	1	16	0
900	sir2.1	1	16	0
900	sir2.1	1	16	0
901	sir2.1	1	16	0
901	sir2.1	1	16	0
902	sir2.1	1	16	0
902	sir2.1	1	16	0
903	sir2.1	1	16	0
903	sir2.1	1	16	0
904	sir2.1	1	16	0
904	sir2.1	1	16	0
905	sir2.1	1	16	0
905	sir2.1	1	16	0
906	sir2.1	1	17	0
906	sir2.1	1	17	0
907	sir2.1	1	17	0
907	sir2.1	1	17	0
908	sir2.1	1	17	0
908	sir2.1	1	17	0
909	sir2.1	1	17	0
909	sir2.1	1	17	0
910	sir2.1	1	17	0
910	sir2.1	1	17	0
911	sir2.1	1	17	0
911	sir2.1	1	17	0
912	sir2.1	1	17	0
912	sir2.1	1	17	0
913	sir2.1	1	17	0
913	sir2.1	1	17	0
914	sir2.1	1	17	0
914	sir2.1	1	17	0
915	sir2.1	1	17	0
915	sir2.1	1	17	0
916	sir2.1	1	17	0
916	sir2.1	1	17	0
917	sir2.1	1	17	0
917	sir2.1	1	17	0
918	sir2.1	1	17	0
918	sir2.1	1	17	0
919	sir2.1	1	17	0
919	sir2.1	1	17	0
920	sir2.1	1	17	0
920	sir2.1	1	17	0
921	sir2.1	1	17	0
921	sir2.1	1	17	0
922	sir2.1	1	17	0
922	sir2.1	1	17	0
923	sir2.1	1	17	0
923	sir2.1	1	17	0
924	sir2.1	1	17	0
924	sir2.1	1	17	0
925	sir2.1	1	17	0
925	sir2.1	1	17	0
926	sir2.1	1	17	0
926	sir2.1	1	17	0
927	sir2.1	1	17	0
927	sir2.1	1	17	0
928	sir2.1	1	17	0
928	sir2.1	1	17	0
929	sir2.1	1	17	0
929	sir2.1	1	17	0
930	sir2.1	1	17	0
930	sir2.1	1	17	0
931	sir2.1	1	17	0
931	sir2.1	1	17	0
932	sir2.1	1	17	0
932	sir2.1	1	17	0
933	sir2.1	1	18	0
933	sir2.1	1	18	0
934	sir2.1	1	18	0
934	sir2.1	1	18	0
935	sir2.1	1	18	0
935	sir2.1	1	18	0
936	sir2.1	1	18	0
936	sir2.1	1	18	0
937	sir2.1	1	18	0
937	sir2.1	1	18	0
938	sir2.1	1	18	0
938	sir2.1	1	18	0
939	sir2.1	1	18	0
939	sir2.1	1	18	0
940	sir2.1	1	18	0
940	sir2.1	1	18	0
941	sir2.1	1	18	0
941	sir2.1	1	18	0
942	sir2.1	1	18	0
942	sir2.1	1	18	0
943	sir2.1	1	18	0
943	sir2.1	1	18	0
944	sir2.1	1	18	0
944	sir2.1	1	18	0
945	sir2.1	1	18	0
945	sir2.1	1	18	0
946	sir2.1	1	18	0
946	sir2.1	1	18	0
947	sir2.1	1	18	0
947	sir2.1	1	18	0
948	sir2.1	1	18	0
948	sir2.1	1	18	0
949	sir2.1	1	18	0
949	sir2.1	1	18	0
950	sir2.1	1	20	0
950	sir2.1	1	20	0
951	sir2.1	1	20	0
951	sir2.1	1	20	0
952	sir2.1	1	20	0
952	sir2.1	1	20	0
953	sir2.1	1	20	0
953	sir2.1	1	20	0
954	sir2.1	1	20	0
954	sir2.1	1	20	0
955	sir2.1	1	20	0
955	sir2.1	1	20	0
956	sir2.1	1	20	0
956	sir2.1	1	20	0
957	sir2.1	1	20	0
957	sir2.1	1	20	0
958	sir2.1	1	20	0
958	sir2.1	1	20	0
959	sir2.1	1	20	0
959	sir2.1	1	20	0
960	sir2.1	1	20	0
960	sir2.1	1	20	0
961	sir2.1	1	20	0
961	sir2.1	1	20	0
962	sir2.1	1	20	0
962	sir2.1	1	20	0
963	sir2.1	1	20	0
963	sir2.1	1	20	0
964	sir2.1	1	20	0
964	sir2.1	1	20	0
965	sir2.1	1	20	0
965	sir2.1	1	20	0
966	sir2.1	1	20	0
966	sir2.1	1	20	0
967	sir2.1	1	20	0
967	sir2.1	1	20	0
968	sir2.1	1	21	0
968	sir2.1	1	21	0
969	sir2.1	1	21	0
969	sir2.1	1	21	0
970	sir2.1	1	21	0
970	sir2.1	1	21	0
971	sir2.1	1	21	0
971	sir2.1	1	21	0
972	sir2.1	1	21	0
972	sir2.1	1	21	0
973	sir2.1	1	21	0
973	sir2.1	1	21	0
974	sir2.1	1	21	0
974	sir2.1	1	21	0
975	sir2.1	1	21	0
975	sir2.1	1	21	0
976	sir2.1	1	23	0
976	sir2.1	1	23	0
977	sir2.1	1	23	0
977	sir2.1	1	23	0
978	sir2.1	1	23	0
978	sir2.1	1	23	0
979	sir2.1	1	23	0
979	sir2.1	1	23	0
980	sir2.1	1	23	0
980	sir2.1	1	23	0
981	sir2.1	1	23	0
981	sir2.1	1	23	0
982	sir2.1	1	23	0
982	sir2.1	1	23	0
983	sir2.1	1	23	0
983	sir2.1	1	23	0
984	sir2.1	1	23	0
984	sir2.1	1	23	0
985	sir2.1	1	25	0
985	sir2.1	1	25	0
986	sir2.1	1	25	0
986	sir2.1	1	25	0
987	sir2.1	1	25	0
987	sir2.1	1	25	0
988	sir2.1	1	25	0
988	sir2.1	1	25	0
989	sir2.1	1	25	0
989	sir2.1	1	25	0
990	sir2.1	1	25	0
990	sir2.1	1	25	0
991	sir2.1	1	25	0
991	sir2.1	1	25	0
992	sir2.1	1	28	0
992	sir2.1	1	28	0
993	sir2.1	1	28	0
993	sir2.1	1	28	0
994	sir2.1	1	28	0
994	sir2.1	1	28	0
995	sir2.1	1	30	0
995	sir2.1	1	30	0
996	sir2.1	1	32	0
996	sir2.1	1	32	0
997	sir2.1	1	32	0
997	sir2.1	1	32	0
998	sir2.1	1	34	0
998	sir2.1	1	34	0
999	hif-1(ia07)	1	9	3
999	hif-1(ia07)	1	9	3
1000	hif-1(ia07)	1	9	3
1000	hif-1(ia07)	1	9	3
1001	hif-1(ia07)	1	11	2
1001	hif-1(ia07)	1	11	2
1002	hif-1(ia07)	1	15	2
1002	hif-1(ia07)	1	15	2
1003	hif-1(ia07)	1	17	2
1003	hif-1(ia07)	1	17	2
1004	hif-1(ia07)	1	17	2
1004	hif-1(ia07)	1	17	2
1005	hif-1(ia07)	1	11	0
1005	hif-1(ia07)	1	11	0
1006	hif-1(ia07)	1	11	0
1006	hif-1(ia07)	1	11	0
1007	hif-1(ia07)	1	11	0
1007	hif-1(ia07)	1	11	0
1008	hif-1(ia07)	1	11	0
1008	hif-1(ia07)	1	11	0
1009	hif-1(ia07)	1	13	0
1009	hif-1(ia07)	1	13	0
1010	hif-1(ia07)	1	13	0
1010	hif-1(ia07)	1	13	0
1011	hif-1(ia07)	1	13	0
1011	hif-1(ia07)	1	13	0
1012	hif-1(ia07)	1	13	0
1012	hif-1(ia07)	1	13	0
1013	hif-1(ia07)	1	13	0
1013	hif-1(ia07)	1	13	0
1014	hif-1(ia07)	1	13	0
1014	hif-1(ia07)	1	13	0
1015	hif-1(ia07)	1	13	0
1015	hif-1(ia07)	1	13	0
1016	hif-1(ia07)	1	13	0
1016	hif-1(ia07)	1	13	0
1017	hif-1(ia07)	1	13	0
1017	hif-1(ia07)	1	13	0
1018	hif-1(ia07)	1	13	0
1018	hif-1(ia07)	1	13	0
1019	hif-1(ia07)	1	13	0
1019	hif-1(ia07)	1	13	0
1020	hif-1(ia07)	1	13	0
1020	hif-1(ia07)	1	13	0
1021	hif-1(ia07)	1	13	0
1021	hif-1(ia07)	1	13	0
1022	hif-1(ia07)	1	13	0
1022	hif-1(ia07)	1	13	0
1023	hif-1(ia07)	1	13	0
1023	hif-1(ia07)	1	13	0
1024	hif-1(ia07)	1	13	0
1024	hif-1(ia07)	1	13	0
1025	hif-1(ia07)	1	13	0
1025	hif-1(ia07)	1	13	0
1026	hif-1(ia07)	1	13	0
1026	hif-1(ia07)	1	13	0
1027	hif-1(ia07)	1	13	0
1027	hif-1(ia07)	1	13	0
1028	hif-1(ia07)	1	15	0
1028	hif-1(ia07)	1	15	0
1029	hif-1(ia07)	1	15	0
1029	hif-1(ia07)	1	15	0
1030	hif-1(ia07)	1	15	0
1030	hif-1(ia07)	1	15	0
1031	hif-1(ia07)	1	15	0
1031	hif-1(ia07)	1	15	0
1032	hif-1(ia07)	1	15	0
1032	hif-1(ia07)	1	15	0
1033	hif-1(ia07)	1	15	0
1033	hif-1(ia07)	1	15	0
1034	hif-1(ia07)	1	15	0
1034	hif-1(ia07)	1	15	0
1035	hif-1(ia07)	1	15	0
1035	hif-1(ia07)	1	15	0
1036	hif-1(ia07)	1	15	0
1036	hif-1(ia07)	1	15	0
1037	hif-1(ia07)	1	15	0
1037	hif-1(ia07)	1	15	0
1038	hif-1(ia07)	1	15	0
1038	hif-1(ia07)	1	15	0
1039	hif-1(ia07)	1	15	0
1039	hif-1(ia07)	1	15	0
1040	hif-1(ia07)	1	15	0
1040	hif-1(ia07)	1	15	0
1041	hif-1(ia07)	1	15	0
1041	hif-1(ia07)	1	15	0
1042	hif-1(ia07)	1	15	0
1042	hif-1(ia07)	1	15	0
1043	hif-1(ia07)	1	15	0
1043	hif-1(ia07)	1	15	0
1044	hif-1(ia07)	1	15	0
1044	hif-1(ia07)	1	15	0
1045	hif-1(ia07)	1	15	0
1045	hif-1(ia07)	1	15	0
1046	hif-1(ia07)	1	15	0
1046	hif-1(ia07)	1	15	0
1047	hif-1(ia07)	1	15	0
1047	hif-1(ia07)	1	15	0
1048	hif-1(ia07)	1	15	0
1048	hif-1(ia07)	1	15	0
1049	hif-1(ia07)	1	15	0
1049	hif-1(ia07)	1	15	0
1050	hif-1(ia07)	1	15	0
1050	hif-1(ia07)	1	15	0
1051	hif-1(ia07)	1	15	0
1051	hif-1(ia07)	1	15	0
1052	hif-1(ia07)	1	16	0
1052	hif-1(ia07)	1	16	0
1053	hif-1(ia07)	1	16	0
1053	hif-1(ia07)	1	16	0
1054	hif-1(ia07)	1	16	0
1054	hif-1(ia07)	1	16	0
1055	hif-1(ia07)	1	16	0
1055	hif-1(ia07)	1	16	0
1056	hif-1(ia07)	1	16	0
1056	hif-1(ia07)	1	16	0
1057	hif-1(ia07)	1	16	0
1057	hif-1(ia07)	1	16	0
1058	hif-1(ia07)	1	16	0
1058	hif-1(ia07)	1	16	0
1059	hif-1(ia07)	1	16	0
1059	hif-1(ia07)	1	16	0
1060	hif-1(ia07)	1	16	0
1060	hif-1(ia07)	1	16	0
1061	hif-1(ia07)	1	16	0
1061	hif-1(ia07)	1	16	0
1062	hif-1(ia07)	1	16	0
1062	hif-1(ia07)	1	16	0
1063	hif-1(ia07)	1	16	0
1063	hif-1(ia07)	1	16	0
1064	hif-1(ia07)	1	16	0
1064	hif-1(ia07)	1	16	0
1065	hif-1(ia07)	1	16	0
1065	hif-1(ia07)	1	16	0
1066	hif-1(ia07)	1	17	0
1066	hif-1(ia07)	1	17	0
1067	hif-1(ia07)	1	17	0
1067	hif-1(ia07)	1	17	0
1068	hif-1(ia07)	1	17	0
1068	hif-1(ia07)	1	17	0
1069	hif-1(ia07)	1	17	0
1069	hif-1(ia07)	1	17	0
1070	hif-1(ia07)	1	17	0
1070	hif-1(ia07)	1	17	0
1071	hif-1(ia07)	1	17	0
1071	hif-1(ia07)	1	17	0
1072	hif-1(ia07)	1	17	0
1072	hif-1(ia07)	1	17	0
1073	hif-1(ia07)	1	17	0
1073	hif-1(ia07)	1	17	0
1074	hif-1(ia07)	1	17	0
1074	hif-1(ia07)	1	17	0
1075	hif-1(ia07)	1	17	0
1075	hif-1(ia07)	1	17	0
1076	hif-1(ia07)	1	17	0
1076	hif-1(ia07)	1	17	0
1077	hif-1(ia07)	1	17	0
1077	hif-1(ia07)	1	17	0
1078	hif-1(ia07)	1	17	0
1078	hif-1(ia07)	1	17	0
1079	hif-1(ia07)	1	17	0
1079	hif-1(ia07)	1	17	0
1080	hif-1(ia07)	1	17	0
1080	hif-1(ia07)	1	17	0
1081	hif-1(ia07)	1	17	0
1081	hif-1(ia07)	1	17	0
1082	hif-1(ia07)	1	17	0
1082	hif-1(ia07)	1	17	0
1083	hif-1(ia07)	1	17	0
1083	hif-1(ia07)	1	17	0
1084	hif-1(ia07)	1	17	0
1084	hif-1(ia07)	1	17	0
1085	hif-1(ia07)	1	17	0
1085	hif-1(ia07)	1	17	0
1086	hif-1(ia07)	1	19	0
1086	hif-1(ia07)	1	19	0
1087	hif-1(ia07)	1	19	0
1087	hif-1(ia07)	1	19	0
1088	hif-1(ia07)	1	19	0
1088	hif-1(ia07)	1	19	0
1089	hif-1(ia07)	1	19	0
1089	hif-1(ia07)	1	19	0
1090	hif-1(ia07)	1	19	0
1090	hif-1(ia07)	1	19	0
1091	hif-1(ia07)	1	19	0
1091	hif-1(ia07)	1	19	0
1092	hif-1(ia07)	1	19	0
1092	hif-1(ia07)	1	19	0
1093	hif-1(ia07)	1	19	0
1093	hif-1(ia07)	1	19	0
1094	hif-1(ia07)	1	19	0
1094	hif-1(ia07)	1	19	0
1095	hif-1(ia07)	1	19	0
1095	hif-1(ia07)	1	19	0
1096	hif-1(ia07)	1	19	0
1096	hif-1(ia07)	1	19	0
1097	hif-1(ia07)	1	19	0
1097	hif-1(ia07)	1	19	0
1098	hif-1(ia07)	1	19	0
1098	hif-1(ia07)	1	19	0
1099	hif-1(ia07)	1	19	0
1099	hif-1(ia07)	1	19	0
1100	hif-1(ia07)	1	19	0
1100	hif-1(ia07)	1	19	0
1101	hif-1(ia07)	1	19	0
1101	hif-1(ia07)	1	19	0
1102	hif-1(ia07)	1	19	0
1102	hif-1(ia07)	1	19	0
1103	hif-1(ia07)	1	20	0
1103	hif-1(ia07)	1	20	0
1104	hif-1(ia07)	1	20	0
1104	hif-1(ia07)	1	20	0
1105	hif-1(ia07)	1	20	0
1105	hif-1(ia07)	1	20	0
1106	hif-1(ia07)	1	20	0
1106	hif-1(ia07)	1	20	0
1107	hif-1(ia07)	1	20	0
1107	hif-1(ia07)	1	20	0
1108	hif-1(ia07)	1	20	0
1108	hif-1(ia07)	1	20	0
1109	hif-1(ia07)	1	20	0
1109	hif-1(ia07)	1	20	0
1110	hif-1(ia07)	1	20	0
1110	hif-1(ia07)	1	20	0
1111	hif-1(ia07)	1	22	0
1111	hif-1(ia07)	1	22	0
1112	hif-1(ia07)	1	22	0
1112	hif-1(ia07)	1	22	0
1113	hif-1(ia07)	1	22	0
1113	hif-1(ia07)	1	22	0
1114	hif-1(ia07)	1	22	0
1114	hif-1(ia07)	1	22	0
1115	hif-1(ia07)	1	22	0
1115	hif-1(ia07)	1	22	0
1116	hif-1(ia07)	1	22	0
1116	hif-1(ia07)	1	22	0
1117	hif-1(ia07)	1	22	0
1117	hif-1(ia07)	1	22	0
1118	hif-1(ia07)	1	22	0
1118	hif-1(ia07)	1	22	0
1119	hif-1(ia07)	1	22	0
1119	hif-1(ia07)	1	22	0
1120	hif-1(ia07)	1	22	0
1120	hif-1(ia07)	1	22	0
1121	hif-1(ia07)	1	22	0
1121	hif-1(ia07)	1	22	0
1122	hif-1(ia07)	1	22	0
1122	hif-1(ia07)	1	22	0
1123	hif-1(ia07)	1	22	0
1123	hif-1(ia07)	1	22	0
1124	hif-1(ia07)	1	22	0
1124	hif-1(ia07)	1	22	0
1125	hif-1(ia07)	1	22	0
1125	hif-1(ia07)	1	22	0
1126	hif-1(ia07)	1	22	0
1126	hif-1(ia07)	1	22	0
1127	hif-1(ia07)	1	22	0
1127	hif-1(ia07)	1	22	0
1128	hif-1(ia07)	1	22	0
1128	hif-1(ia07)	1	22	0
1129	hif-1(ia07)	1	22	0
1129	hif-1(ia07)	1	22	0
1130	hif-1(ia07)	1	22	0
1130	hif-1(ia07)	1	22	0
1131	hif-1(ia07)	1	22	0
1131	hif-1(ia07)	1	22	0
1132	hif-1(ia07)	1	22	0
1132	hif-1(ia07)	1	22	0
1133	hif-1(ia07)	1	22	0
1133	hif-1(ia07)	1	22	0
1134	hif-1(ia07)	1	22	0
1134	hif-1(ia07)	1	22	0
1135	hif-1(ia07)	1	24	0
1135	hif-1(ia07)	1	24	0
1136	hif-1(ia07)	1	24	0
1136	hif-1(ia07)	1	24	0
1137	hif-1(ia07)	1	24	0
1137	hif-1(ia07)	1	24	0
1138	hif-1(ia07)	1	24	0
1138	hif-1(ia07)	1	24	0
1139	hif-1(ia07)	1	24	0
1139	hif-1(ia07)	1	24	0
1140	hif-1(ia07)	1	24	0
1140	hif-1(ia07)	1	24	0
1141	hif-1(ia07)	1	24	0
1141	hif-1(ia07)	1	24	0
1142	hif-1(ia07)	1	24	0
1142	hif-1(ia07)	1	24	0
1143	hif-1(ia07)	1	24	0
1143	hif-1(ia07)	1	24	0
1144	hif-1(ia07)	1	24	0
1144	hif-1(ia07)	1	24	0
1145	hif-1(ia07)	1	24	0
1145	hif-1(ia07)	1	24	0
1146	hif-1(ia07)	1	27	0
1146	hif-1(ia07)	1	27	0
1147	hif-1(ia07)	1	27	0
1147	hif-1(ia07)	1	27	0
1148	hif-1(ia07)	1	27	0
1148	hif-1(ia07)	1	27	0
1149	hif-1(ia07)	1	27	0
1149	hif-1(ia07)	1	27	0
1150	hif-1(ia07)	1	27	0
1150	hif-1(ia07)	1	27	0
1151	hif-1(ia07)	1	27	0
1151	hif-1(ia07)	1	27	0
1152	hif-1(ia07)	1	27	0
1152	hif-1(ia07)	1	27	0
1153	hif-1(ia07)	1	27	0
1153	hif-1(ia07)	1	27	0
1154	hif-1(ia07)	1	27	0
1154	hif-1(ia07)	1	27	0
1155	hif-1(ia07)	1	27	0
1155	hif-1(ia07)	1	27	0
1156	hif-1(ia07)	1	29	0
1156	hif-1(ia07)	1	29	0
1157	hif-1(ia07)	1	29	0
1157	hif-1(ia07)	1	29	0
1158	hif-1(ia07)	1	31	0
1158	hif-1(ia07)	1	31	0
1159	eu-1	1	10	3
1159	eu-1	1	10	3
1160	eu-1	1	12	3
1160	eu-1	1	12	3
1161	eu-1	1	12	3
1161	eu-1	1	12	3
1162	eu-1	1	12	3
1162	eu-1	1	12	3
1163	eu-1	1	12	3
1163	eu-1	1	12	3
1164	eu-1	1	10	2
1164	eu-1	1	10	2
1165	eu-1	1	12	2
1165	eu-1	1	12	2
1166	eu-1	1	12	2
1166	eu-1	1	12	2
1167	eu-1	1	12	2
1167	eu-1	1	12	2
1168	eu-1	1	14	2
1168	eu-1	1	14	2
1169	eu-1	1	14	2
1169	eu-1	1	14	2
1170	eu-1	1	14	2
1170	eu-1	1	14	2
1171	eu-1	1	14	2
1171	eu-1	1	14	2
1172	eu-1	1	14	2
1172	eu-1	1	14	2
1173	eu-1	1	16	2
1173	eu-1	1	16	2
1174	eu-1	1	16	2
1174	eu-1	1	16	2
1175	eu-1	1	16	2
1175	eu-1	1	16	2
1176	eu-1	1	12	1
1176	eu-1	1	12	1
1177	eu-1	1	14	1
1177	eu-1	1	14	1
1178	eu-1	1	14	1
1178	eu-1	1	14	1
1179	eu-1	1	16	1
1179	eu-1	1	16	1
1180	eu-1	1	16	1
1180	eu-1	1	16	1
1181	eu-1	1	8	0
1181	eu-1	1	8	0
1182	eu-1	1	8	0
1182	eu-1	1	8	0
1183	eu-1	1	8	0
1183	eu-1	1	8	0
1184	eu-1	1	8	0
1184	eu-1	1	8	0
1185	eu-1	1	8	0
1185	eu-1	1	8	0
1186	eu-1	1	8	0
1186	eu-1	1	8	0
1187	eu-1	1	10	0
1187	eu-1	1	10	0
1188	eu-1	1	10	0
1188	eu-1	1	10	0
1189	eu-1	1	10	0
1189	eu-1	1	10	0
1190	eu-1	1	12	0
1190	eu-1	1	12	0
1191	eu-1	1	12	0
1191	eu-1	1	12	0
1192	eu-1	1	12	0
1192	eu-1	1	12	0
1193	eu-1	1	12	0
1193	eu-1	1	12	0
1194	eu-1	1	12	0
1194	eu-1	1	12	0
1195	eu-1	1	12	0
1195	eu-1	1	12	0
1196	eu-1	1	12	0
1196	eu-1	1	12	0
1197	eu-1	1	12	0
1197	eu-1	1	12	0
1198	eu-1	1	12	0
1198	eu-1	1	12	0
1199	eu-1	1	12	0
1199	eu-1	1	12	0
1200	eu-1	1	14	0
1200	eu-1	1	14	0
1201	eu-1	1	14	0
1201	eu-1	1	14	0
1202	eu-1	1	14	0
1202	eu-1	1	14	0
1203	eu-1	1	14	0
1203	eu-1	1	14	0
1204	eu-1	1	14	0
1204	eu-1	1	14	0
1205	eu-1	1	14	0
1205	eu-1	1	14	0
1206	eu-1	1	14	0
1206	eu-1	1	14	0
1207	eu-1	1	14	0
1207	eu-1	1	14	0
1208	eu-1	1	14	0
1208	eu-1	1	14	0
1209	eu-1	1	14	0
1209	eu-1	1	14	0
1210	eu-1	1	14	0
1210	eu-1	1	14	0
1211	eu-1	1	14	0
1211	eu-1	1	14	0
1212	eu-1	1	14	0
1212	eu-1	1	14	0
1213	eu-1	1	14	0
1213	eu-1	1	14	0
1214	eu-1	1	14	0
1214	eu-1	1	14	0
1215	eu-1	1	14	0
1215	eu-1	1	14	0
1216	eu-1	1	14	0
1216	eu-1	1	14	0
1217	eu-1	1	14	0
1217	eu-1	1	14	0
1218	eu-1	1	14	0
1218	eu-1	1	14	0
1219	eu-1	1	14	0
1219	eu-1	1	14	0
1220	eu-1	1	14	0
1220	eu-1	1	14	0
1221	eu-1	1	14	0
1221	eu-1	1	14	0
1222	eu-1	1	14	0
1222	eu-1	1	14	0
1223	eu-1	1	14	0
1223	eu-1	1	14	0
1224	eu-1	1	14	0
1224	eu-1	1	14	0
1225	eu-1	1	14	0
1225	eu-1	1	14	0
1226	eu-1	1	14	0
1226	eu-1	1	14	0
1227	eu-1	1	14	0
1227	eu-1	1	14	0
1228	eu-1	1	14	0
1228	eu-1	1	14	0
1229	eu-1	1	16	0
1229	eu-1	1	16	0
1230	eu-1	1	16	0
1230	eu-1	1	16	0
1231	eu-1	1	16	0
1231	eu-1	1	16	0
1232	eu-1	1	16	0
1232	eu-1	1	16	0
1233	eu-1	1	16	0
1233	eu-1	1	16	0
1234	eu-1	1	16	0
1234	eu-1	1	16	0
1235	eu-1	1	16	0
1235	eu-1	1	16	0
1236	eu-1	1	16	0
1236	eu-1	1	16	0
1237	eu-1	1	16	0
1237	eu-1	1	16	0
1238	eu-1	1	16	0
1238	eu-1	1	16	0
1239	eu-1	1	16	0
1239	eu-1	1	16	0
1240	eu-1	1	16	0
1240	eu-1	1	16	0
1241	eu-1	1	16	0
1241	eu-1	1	16	0
1242	eu-1	1	16	0
1242	eu-1	1	16	0
1243	eu-1	1	16	0
1243	eu-1	1	16	0
1244	eu-1	1	16	0
1244	eu-1	1	16	0
1245	eu-1	1	16	0
1245	eu-1	1	16	0
1246	eu-1	1	16	0
1246	eu-1	1	16	0
1247	eu-1	1	16	0
1247	eu-1	1	16	0
1248	eu-1	1	16	0
1248	eu-1	1	16	0
1249	eu-1	1	16	0
1249	eu-1	1	16	0
1250	eu-1	1	16	0
1250	eu-1	1	16	0
1251	eu-1	1	16	0
1251	eu-1	1	16	0
1252	eu-1	1	16	0
1252	eu-1	1	16	0
1253	eu-1	1	16	0
1253	eu-1	1	16	0
1254	eu-1	1	16	0
1254	eu-1	1	16	0
1255	eu-1	1	16	0
1255	eu-1	1	16	0
1256	eu-1	1	16	0
1256	eu-1	1	16	0
1257	eu-1	1	16	0
1257	eu-1	1	16	0
1258	eu-1	1	16	0
1258	eu-1	1	16	0
1259	eu-1	1	16	0
1259	eu-1	1	16	0
1260	eu-1	1	16	0
1260	eu-1	1	16	0
1261	eu-1	1	16	0
1261	eu-1	1	16	0
1262	eu-1	1	16	0
1262	eu-1	1	16	0
1263	eu-1	1	16	0
1263	eu-1	1	16	0
1264	eu-1	1	16	0
1264	eu-1	1	16	0
1265	eu-1	1	17	0
1265	eu-1	1	17	0
1266	eu-1	1	17	0
1266	eu-1	1	17	0
1267	eu-1	1	17	0
1267	eu-1	1	17	0
1268	eu-1	1	17	0
1268	eu-1	1	17	0
1269	eu-1	1	17	0
1269	eu-1	1	17	0
1270	eu-1	1	17	0
1270	eu-1	1	17	0
1271	eu-1	1	17	0
1271	eu-1	1	17	0
1272	eu-1	1	17	0
1272	eu-1	1	17	0
1273	eu-1	1	17	0
1273	eu-1	1	17	0
1274	eu-1	1	17	0
1274	eu-1	1	17	0
1275	eu-1	1	17	0
1275	eu-1	1	17	0
1276	eu-1	1	17	0
1276	eu-1	1	17	0
1277	eu-1	1	17	0
1277	eu-1	1	17	0
1278	eu-1	1	17	0
1278	eu-1	1	17	0
1279	eu-1	1	17	0
1279	eu-1	1	17	0
1280	eu-1	1	17	0
1280	eu-1	1	17	0
1281	eu-1	1	17	0
1281	eu-1	1	17	0
1282	eu-1	1	17	0
1282	eu-1	1	17	0
1283	eu-1	1	17	0
1283	eu-1	1	17	0
1284	eu-1	1	17	0
1284	eu-1	1	17	0
1285	eu-1	1	17	0
1285	eu-1	1	17	0
1286	eu-1	1	17	0
1286	eu-1	1	17	0
1287	eu-1	1	17	0
1287	eu-1	1	17	0
1288	eu-1	1	17	0
1288	eu-1	1	17	0
1289	eu-1	1	17	0
1289	eu-1	1	17	0
1290	eu-1	1	17	0
1290	eu-1	1	17	0
1291	eu-1	1	17	0
1291	eu-1	1	17	0
1292	eu-1	1	17	0
1292	eu-1	1	17	0
1293	eu-1	1	17	0
1293	eu-1	1	17	0
1294	eu-1	1	17	0
1294	eu-1	1	17	0
1295	eu-1	1	17	0
1295	eu-1	1	17	0
1296	eu-1	1	17	0
1296	eu-1	1	17	0
1297	eu-1	1	17	0
1297	eu-1	1	17	0
1298	eu-1	1	17	0
1298	eu-1	1	17	0
1299	eu-1	1	17	0
1299	eu-1	1	17	0
1300	eu-1	1	18	0
1300	eu-1	1	18	0
1301	eu-1	1	18	0
1301	eu-1	1	18	0
1302	eu-1	1	18	0
1302	eu-1	1	18	0
1303	eu-1	1	18	0
1303	eu-1	1	18	0
1304	eu-1	1	18	0
1304	eu-1	1	18	0
1305	eu-1	1	18	0
1305	eu-1	1	18	0
1306	eu-1	1	18	0
1306	eu-1	1	18	0
1307	eu-1	1	18	0
1307	eu-1	1	18	0
1308	eu-1	1	18	0
1308	eu-1	1	18	0
1309	eu-1	1	18	0
1309	eu-1	1	18	0
1310	eu-1	1	18	0
1310	eu-1	1	18	0
1311	eu-1	1	18	0
1311	eu-1	1	18	0
1312	eu-1	1	18	0
1312	eu-1	1	18	0
1313	eu-1	1	18	0
1313	eu-1	1	18	0
1314	eu-1	1	18	0
1314	eu-1	1	18	0
1315	eu-1	1	18	0
1315	eu-1	1	18	0
1316	eu-1	1	18	0
1316	eu-1	1	18	0
1317	eu-1	1	18	0
1317	eu-1	1	18	0
1318	eu-1	1	18	0
1318	eu-1	1	18	0
1319	eu-1	1	20	0
1319	eu-1	1	20	0
1320	eu-1	1	20	0
1320	eu-1	1	20	0
1321	eu-1	1	20	0
1321	eu-1	1	20	0
1322	eu-1	1	20	0
1322	eu-1	1	20	0
1323	eu-1	1	20	0
1323	eu-1	1	20	0
1324	eu-1	1	20	0
1324	eu-1	1	20	0
1325	eu-1	1	20	0
1325	eu-1	1	20	0
1326	eu-1	1	20	0
1326	eu-1	1	20	0
1327	eu-1	1	20	0
1327	eu-1	1	20	0
1328	eu-1	1	21	0
1328	eu-1	1	21	0
1329	eu-1	1	21	0
1329	eu-1	1	21	0
1330	eu-1	1	21	0
1330	eu-1	1	21	0
1331	eu-1	1	23	0
1331	eu-1	1	23	0
1332	eu-1	1	23	0
1332	eu-1	1	23	0
1333	eu-1	1	23	0
1333	eu-1	1	23	0
1334	eu-1	1	23	0
1334	eu-1	1	23	0
1335	eu-1	1	23	0
1335	eu-1	1	23	0
1336	eu-1	1	23	0
1336	eu-1	1	23	0
1337	eu-1	1	25	0
1337	eu-1	1	25	0
1338	eu-1	1	25	0
1338	eu-1	1	25	0
1339	rol-6	1	7	3
1339	rol-6	1	7	3
1340	rol-6	1	9	3
1340	rol-6	1	9	3
1341	rol-6	1	9	3
1341	rol-6	1	9	3
1342	rol-6	1	9	3
1342	rol-6	1	9	3
1343	rol-6	1	11	3
1343	rol-6	1	11	3
1344	rol-6	1	11	2
1344	rol-6	1	11	2
1345	rol-6	1	15	2
1345	rol-6	1	15	2
1346	rol-6	1	15	2
1346	rol-6	1	15	2
1347	rol-6	1	16	2
1347	rol-6	1	16	2
1348	rol-6	1	16	2
1348	rol-6	1	16	2
1349	rol-6	1	9	0
1349	rol-6	1	9	0
1350	rol-6	1	11	0
1350	rol-6	1	11	0
1351	rol-6	1	11	0
1351	rol-6	1	11	0
1352	rol-6	1	11	0
1352	rol-6	1	11	0
1353	rol-6	1	11	0
1353	rol-6	1	11	0
1354	rol-6	1	11	0
1354	rol-6	1	11	0
1355	rol-6	1	11	0
1355	rol-6	1	11	0
1356	rol-6	1	11	0
1356	rol-6	1	11	0
1357	rol-6	1	11	0
1357	rol-6	1	11	0
1358	rol-6	1	11	0
1358	rol-6	1	11	0
1359	rol-6	1	13	0
1359	rol-6	1	13	0
1360	rol-6	1	13	0
1360	rol-6	1	13	0
1361	rol-6	1	13	0
1361	rol-6	1	13	0
1362	rol-6	1	13	0
1362	rol-6	1	13	0
1363	rol-6	1	13	0
1363	rol-6	1	13	0
1364	rol-6	1	13	0
1364	rol-6	1	13	0
1365	rol-6	1	13	0
1365	rol-6	1	13	0
1366	rol-6	1	13	0
1366	rol-6	1	13	0
1367	rol-6	1	13	0
1367	rol-6	1	13	0
1368	rol-6	1	13	0
1368	rol-6	1	13	0
1369	rol-6	1	13	0
1369	rol-6	1	13	0
1370	rol-6	1	13	0
1370	rol-6	1	13	0
1371	rol-6	1	13	0
1371	rol-6	1	13	0
1372	rol-6	1	13	0
1372	rol-6	1	13	0
1373	rol-6	1	13	0
1373	rol-6	1	13	0
1374	rol-6	1	13	0
1374	rol-6	1	13	0
1375	rol-6	1	13	0
1375	rol-6	1	13	0
1376	rol-6	1	13	0
1376	rol-6	1	13	0
1377	rol-6	1	13	0
1377	rol-6	1	13	0
1378	rol-6	1	13	0
1378	rol-6	1	13	0
1379	rol-6	1	13	0
1379	rol-6	1	13	0
1380	rol-6	1	13	0
1380	rol-6	1	13	0
1381	rol-6	1	13	0
1381	rol-6	1	13	0
1382	rol-6	1	13	0
1382	rol-6	1	13	0
1383	rol-6	1	13	0
1383	rol-6	1	13	0
1384	rol-6	1	13	0
1384	rol-6	1	13	0
1385	rol-6	1	13	0
1385	rol-6	1	13	0
1386	rol-6	1	13	0
1386	rol-6	1	13	0
1387	rol-6	1	13	0
1387	rol-6	1	13	0
1388	rol-6	1	13	0
1388	rol-6	1	13	0
1389	rol-6	1	13	0
1389	rol-6	1	13	0
1390	rol-6	1	13	0
1390	rol-6	1	13	0
1391	rol-6	1	13	0
1391	rol-6	1	13	0
1392	rol-6	1	13	0
1392	rol-6	1	13	0
1393	rol-6	1	13	0
1393	rol-6	1	13	0
1394	rol-6	1	13	0
1394	rol-6	1	13	0
1395	rol-6	1	13	0
1395	rol-6	1	13	0
1396	rol-6	1	13	0
1396	rol-6	1	13	0
1397	rol-6	1	13	0
1397	rol-6	1	13	0
1398	rol-6	1	13	0
1398	rol-6	1	13	0
1399	rol-6	1	13	0
1399	rol-6	1	13	0
1400	rol-6	1	13	0
1400	rol-6	1	13	0
1401	rol-6	1	13	0
1401	rol-6	1	13	0
1402	rol-6	1	13	0
1402	rol-6	1	13	0
1403	rol-6	1	13	0
1403	rol-6	1	13	0
1404	rol-6	1	13	0
1404	rol-6	1	13	0
1405	rol-6	1	13	0
1405	rol-6	1	13	0
1406	rol-6	1	15	0
1406	rol-6	1	15	0
1407	rol-6	1	15	0
1407	rol-6	1	15	0
1408	rol-6	1	15	0
1408	rol-6	1	15	0
1409	rol-6	1	15	0
1409	rol-6	1	15	0
1410	rol-6	1	15	0
1410	rol-6	1	15	0
1411	rol-6	1	15	0
1411	rol-6	1	15	0
1412	rol-6	1	15	0
1412	rol-6	1	15	0
1413	rol-6	1	15	0
1413	rol-6	1	15	0
1414	rol-6	1	15	0
1414	rol-6	1	15	0
1415	rol-6	1	15	0
1415	rol-6	1	15	0
1416	rol-6	1	15	0
1416	rol-6	1	15	0
1417	rol-6	1	15	0
1417	rol-6	1	15	0
1418	rol-6	1	15	0
1418	rol-6	1	15	0
1419	rol-6	1	15	0
1419	rol-6	1	15	0
1420	rol-6	1	15	0
1420	rol-6	1	15	0
1421	rol-6	1	15	0
1421	rol-6	1	15	0
1422	rol-6	1	15	0
1422	rol-6	1	15	0
1423	rol-6	1	15	0
1423	rol-6	1	15	0
1424	rol-6	1	15	0
1424	rol-6	1	15	0
1425	rol-6	1	15	0
1425	rol-6	1	15	0
1426	rol-6	1	15	0
1426	rol-6	1	15	0
1427	rol-6	1	15	0
1427	rol-6	1	15	0
1428	rol-6	1	15	0
1428	rol-6	1	15	0
1429	rol-6	1	15	0
1429	rol-6	1	15	0
1430	rol-6	1	15	0
1430	rol-6	1	15	0
1431	rol-6	1	15	0
1431	rol-6	1	15	0
1432	rol-6	1	15	0
1432	rol-6	1	15	0
1433	rol-6	1	15	0
1433	rol-6	1	15	0
1434	rol-6	1	15	0
1434	rol-6	1	15	0
1435	rol-6	1	15	0
1435	rol-6	1	15	0
1436	rol-6	1	15	0
1436	rol-6	1	15	0
1437	rol-6	1	15	0
1437	rol-6	1	15	0
1438	rol-6	1	15	0
1438	rol-6	1	15	0
1439	rol-6	1	15	0
1439	rol-6	1	15	0
1440	rol-6	1	15	0
1440	rol-6	1	15	0
1441	rol-6	1	15	0
1441	rol-6	1	15	0
1442	rol-6	1	15	0
1442	rol-6	1	15	0
1443	rol-6	1	15	0
1443	rol-6	1	15	0
1444	rol-6	1	15	0
1444	rol-6	1	15	0
1445	rol-6	1	15	0
1445	rol-6	1	15	0
1446	rol-6	1	15	0
1446	rol-6	1	15	0
1447	rol-6	1	15	0
1447	rol-6	1	15	0
1448	rol-6	1	15	0
1448	rol-6	1	15	0
1449	rol-6	1	15	0
1449	rol-6	1	15	0
1450	rol-6	1	15	0
1450	rol-6	1	15	0
1451	rol-6	1	15	0
1451	rol-6	1	15	0
1452	rol-6	1	15	0
1452	rol-6	1	15	0
1453	rol-6	1	15	0
1453	rol-6	1	15	0
1454	rol-6	1	15	0
1454	rol-6	1	15	0
1455	rol-6	1	15	0
1455	rol-6	1	15	0
1456	rol-6	1	15	0
1456	rol-6	1	15	0
1457	rol-6	1	15	0
1457	rol-6	1	15	0
1458	rol-6	1	16	0
1458	rol-6	1	16	0
1459	rol-6	1	16	0
1459	rol-6	1	16	0
1460	rol-6	1	16	0
1460	rol-6	1	16	0
1461	rol-6	1	16	0
1461	rol-6	1	16	0
1462	rol-6	1	16	0
1462	rol-6	1	16	0
1463	rol-6	1	16	0
1463	rol-6	1	16	0
1464	rol-6	1	16	0
1464	rol-6	1	16	0
1465	rol-6	1	16	0
1465	rol-6	1	16	0
1466	rol-6	1	16	0
1466	rol-6	1	16	0
1467	rol-6	1	16	0
1467	rol-6	1	16	0
1468	rol-6	1	16	0
1468	rol-6	1	16	0
1469	rol-6	1	16	0
1469	rol-6	1	16	0
1470	rol-6	1	16	0
1470	rol-6	1	16	0
1471	rol-6	1	16	0
1471	rol-6	1	16	0
1472	rol-6	1	16	0
1472	rol-6	1	16	0
1473	rol-6	1	16	0
1473	rol-6	1	16	0
1474	rol-6	1	16	0
1474	rol-6	1	16	0
1475	rol-6	1	16	0
1475	rol-6	1	16	0
1476	rol-6	1	16	0
1476	rol-6	1	16	0
1477	rol-6	1	16	0
1477	rol-6	1	16	0
1478	rol-6	1	16	0
1478	rol-6	1	16	0
1479	rol-6	1	16	0
1479	rol-6	1	16	0
1480	rol-6	1	16	0
1480	rol-6	1	16	0
1481	rol-6	1	17	0
1481	rol-6	1	17	0
1482	rol-6	1	17	0
1482	rol-6	1	17	0
1483	rol-6	1	17	0
1483	rol-6	1	17	0
1484	rol-6	1	17	0
1484	rol-6	1	17	0
1485	rol-6	1	17	0
1485	rol-6	1	17	0
1486	rol-6	1	17	0
1486	rol-6	1	17	0
1487	rol-6	1	17	0
1487	rol-6	1	17	0
1488	rol-6	1	17	0
1488	rol-6	1	17	0
1489	rol-6	1	17	0
1489	rol-6	1	17	0
1490	rol-6	1	19	0
1490	rol-6	1	19	0
1491	rol-6	1	19	0
1491	rol-6	1	19	0
1492	rol-6	1	19	0
1492	rol-6	1	19	0
1493	rol-6	1	19	0
1493	rol-6	1	19	0
1494	rol-6	1	19	0
1494	rol-6	1	19	0
1495	rol-6	1	20	0
1495	rol-6	1	20	0
1496	rol-6	1	24	0
1496	rol-6	1	24	0
1497	SKN-1 OE	1	11	3
1497	SKN-1 OE	1	11	3
1498	SKN-1 OE	1	11	3
1498	SKN-1 OE	1	11	3
1499	SKN-1 OE	1	11	3
1499	SKN-1 OE	1	11	3
1500	SKN-1 OE	1	15	2
1500	SKN-1 OE	1	15	2
1501	SKN-1 OE	1	15	2
1501	SKN-1 OE	1	15	2
1502	SKN-1 OE	1	15	1
1502	SKN-1 OE	1	15	1
1503	SKN-1 OE	1	9	0
1503	SKN-1 OE	1	9	0
1504	SKN-1 OE	1	11	0
1504	SKN-1 OE	1	11	0
1505	SKN-1 OE	1	11	0
1505	SKN-1 OE	1	11	0
1506	SKN-1 OE	1	11	0
1506	SKN-1 OE	1	11	0
1507	SKN-1 OE	1	11	0
1507	SKN-1 OE	1	11	0
1508	SKN-1 OE	1	11	0
1508	SKN-1 OE	1	11	0
1509	SKN-1 OE	1	11	0
1509	SKN-1 OE	1	11	0
1510	SKN-1 OE	1	11	0
1510	SKN-1 OE	1	11	0
1511	SKN-1 OE	1	11	0
1511	SKN-1 OE	1	11	0
1512	SKN-1 OE	1	11	0
1512	SKN-1 OE	1	11	0
1513	SKN-1 OE	1	11	0
1513	SKN-1 OE	1	11	0
1514	SKN-1 OE	1	11	0
1514	SKN-1 OE	1	11	0
1515	SKN-1 OE	1	13	0
1515	SKN-1 OE	1	13	0
1516	SKN-1 OE	1	13	0
1516	SKN-1 OE	1	13	0
1517	SKN-1 OE	1	13	0
1517	SKN-1 OE	1	13	0
1518	SKN-1 OE	1	13	0
1518	SKN-1 OE	1	13	0
1519	SKN-1 OE	1	13	0
1519	SKN-1 OE	1	13	0
1520	SKN-1 OE	1	13	0
1520	SKN-1 OE	1	13	0
1521	SKN-1 OE	1	13	0
1521	SKN-1 OE	1	13	0
1522	SKN-1 OE	1	13	0
1522	SKN-1 OE	1	13	0
1523	SKN-1 OE	1	13	0
1523	SKN-1 OE	1	13	0
1524	SKN-1 OE	1	13	0
1524	SKN-1 OE	1	13	0
1525	SKN-1 OE	1	13	0
1525	SKN-1 OE	1	13	0
1526	SKN-1 OE	1	13	0
1526	SKN-1 OE	1	13	0
1527	SKN-1 OE	1	13	0
1527	SKN-1 OE	1	13	0
1528	SKN-1 OE	1	13	0
1528	SKN-1 OE	1	13	0
1529	SKN-1 OE	1	13	0
1529	SKN-1 OE	1	13	0
1530	SKN-1 OE	1	13	0
1530	SKN-1 OE	1	13	0
1531	SKN-1 OE	1	13	0
1531	SKN-1 OE	1	13	0
1532	SKN-1 OE	1	13	0
1532	SKN-1 OE	1	13	0
1533	SKN-1 OE	1	13	0
1533	SKN-1 OE	1	13	0
1534	SKN-1 OE	1	13	0
1534	SKN-1 OE	1	13	0
1535	SKN-1 OE	1	13	0
1535	SKN-1 OE	1	13	0
1536	SKN-1 OE	1	13	0
1536	SKN-1 OE	1	13	0
1537	SKN-1 OE	1	13	0
1537	SKN-1 OE	1	13	0
1538	SKN-1 OE	1	13	0
1538	SKN-1 OE	1	13	0
1539	SKN-1 OE	1	13	0
1539	SKN-1 OE	1	13	0
1540	SKN-1 OE	1	13	0
1540	SKN-1 OE	1	13	0
1541	SKN-1 OE	1	13	0
1541	SKN-1 OE	1	13	0
1542	SKN-1 OE	1	13	0
1542	SKN-1 OE	1	13	0
1543	SKN-1 OE	1	13	0
1543	SKN-1 OE	1	13	0
1544	SKN-1 OE	1	13	0
1544	SKN-1 OE	1	13	0
1545	SKN-1 OE	1	13	0
1545	SKN-1 OE	1	13	0
1546	SKN-1 OE	1	13	0
1546	SKN-1 OE	1	13	0
1547	SKN-1 OE	1	13	0
1547	SKN-1 OE	1	13	0
1548	SKN-1 OE	1	13	0
1548	SKN-1 OE	1	13	0
1549	SKN-1 OE	1	13	0
1549	SKN-1 OE	1	13	0
1550	SKN-1 OE	1	13	0
1550	SKN-1 OE	1	13	0
1551	SKN-1 OE	1	13	0
1551	SKN-1 OE	1	13	0
1552	SKN-1 OE	1	13	0
1552	SKN-1 OE	1	13	0
1553	SKN-1 OE	1	13	0
1553	SKN-1 OE	1	13	0
1554	SKN-1 OE	1	13	0
1554	SKN-1 OE	1	13	0
1555	SKN-1 OE	1	13	0
1555	SKN-1 OE	1	13	0
1556	SKN-1 OE	1	13	0
1556	SKN-1 OE	1	13	0
1557	SKN-1 OE	1	13	0
1557	SKN-1 OE	1	13	0
1558	SKN-1 OE	1	13	0
1558	SKN-1 OE	1	13	0
1559	SKN-1 OE	1	13	0
1559	SKN-1 OE	1	13	0
1560	SKN-1 OE	1	13	0
1560	SKN-1 OE	1	13	0
1561	SKN-1 OE	1	13	0
1561	SKN-1 OE	1	13	0
1562	SKN-1 OE	1	13	0
1562	SKN-1 OE	1	13	0
1563	SKN-1 OE	1	13	0
1563	SKN-1 OE	1	13	0
1564	SKN-1 OE	1	13	0
1564	SKN-1 OE	1	13	0
1565	SKN-1 OE	1	13	0
1565	SKN-1 OE	1	13	0
1566	SKN-1 OE	1	13	0
1566	SKN-1 OE	1	13	0
1567	SKN-1 OE	1	13	0
1567	SKN-1 OE	1	13	0
1568	SKN-1 OE	1	13	0
1568	SKN-1 OE	1	13	0
1569	SKN-1 OE	1	15	0
1569	SKN-1 OE	1	15	0
1570	SKN-1 OE	1	15	0
1570	SKN-1 OE	1	15	0
1571	SKN-1 OE	1	15	0
1571	SKN-1 OE	1	15	0
1572	SKN-1 OE	1	15	0
1572	SKN-1 OE	1	15	0
1573	SKN-1 OE	1	15	0
1573	SKN-1 OE	1	15	0
1574	SKN-1 OE	1	15	0
1574	SKN-1 OE	1	15	0
1575	SKN-1 OE	1	15	0
1575	SKN-1 OE	1	15	0
1576	SKN-1 OE	1	15	0
1576	SKN-1 OE	1	15	0
1577	SKN-1 OE	1	15	0
1577	SKN-1 OE	1	15	0
1578	SKN-1 OE	1	15	0
1578	SKN-1 OE	1	15	0
1579	SKN-1 OE	1	15	0
1579	SKN-1 OE	1	15	0
1580	SKN-1 OE	1	15	0
1580	SKN-1 OE	1	15	0
1581	SKN-1 OE	1	15	0
1581	SKN-1 OE	1	15	0
1582	SKN-1 OE	1	15	0
1582	SKN-1 OE	1	15	0
1583	SKN-1 OE	1	15	0
1583	SKN-1 OE	1	15	0
1584	SKN-1 OE	1	15	0
1584	SKN-1 OE	1	15	0
1585	SKN-1 OE	1	15	0
1585	SKN-1 OE	1	15	0
1586	SKN-1 OE	1	15	0
1586	SKN-1 OE	1	15	0
1587	SKN-1 OE	1	15	0
1587	SKN-1 OE	1	15	0
1588	SKN-1 OE	1	15	0
1588	SKN-1 OE	1	15	0
1589	SKN-1 OE	1	15	0
1589	SKN-1 OE	1	15	0
1590	SKN-1 OE	1	15	0
1590	SKN-1 OE	1	15	0
1591	SKN-1 OE	1	15	0
1591	SKN-1 OE	1	15	0
1592	SKN-1 OE	1	15	0
1592	SKN-1 OE	1	15	0
1593	SKN-1 OE	1	15	0
1593	SKN-1 OE	1	15	0
1594	SKN-1 OE	1	15	0
1594	SKN-1 OE	1	15	0
1595	SKN-1 OE	1	15	0
1595	SKN-1 OE	1	15	0
1596	SKN-1 OE	1	15	0
1596	SKN-1 OE	1	15	0
1597	SKN-1 OE	1	15	0
1597	SKN-1 OE	1	15	0
1598	SKN-1 OE	1	15	0
1598	SKN-1 OE	1	15	0
1599	SKN-1 OE	1	15	0
1599	SKN-1 OE	1	15	0
1600	SKN-1 OE	1	15	0
1600	SKN-1 OE	1	15	0
1601	SKN-1 OE	1	15	0
1601	SKN-1 OE	1	15	0
1602	SKN-1 OE	1	15	0
1602	SKN-1 OE	1	15	0
1603	SKN-1 OE	1	15	0
1603	SKN-1 OE	1	15	0
1604	SKN-1 OE	1	15	0
1604	SKN-1 OE	1	15	0
1605	SKN-1 OE	1	15	0
1605	SKN-1 OE	1	15	0
1606	SKN-1 OE	1	15	0
1606	SKN-1 OE	1	15	0
1607	SKN-1 OE	1	15	0
1607	SKN-1 OE	1	15	0
1608	SKN-1 OE	1	15	0
1608	SKN-1 OE	1	15	0
1609	SKN-1 OE	1	15	0
1609	SKN-1 OE	1	15	0
1610	SKN-1 OE	1	15	0
1610	SKN-1 OE	1	15	0
1611	SKN-1 OE	1	15	0
1611	SKN-1 OE	1	15	0
1612	SKN-1 OE	1	15	0
1612	SKN-1 OE	1	15	0
1613	SKN-1 OE	1	15	0
1613	SKN-1 OE	1	15	0
1614	SKN-1 OE	1	15	0
1614	SKN-1 OE	1	15	0
1615	SKN-1 OE	1	15	0
1615	SKN-1 OE	1	15	0
1616	SKN-1 OE	1	15	0
1616	SKN-1 OE	1	15	0
1617	SKN-1 OE	1	15	0
1617	SKN-1 OE	1	15	0
1618	SKN-1 OE	1	15	0
1618	SKN-1 OE	1	15	0
1619	SKN-1 OE	1	15	0
1619	SKN-1 OE	1	15	0
1620	SKN-1 OE	1	15	0
1620	SKN-1 OE	1	15	0
1621	SKN-1 OE	1	15	0
1621	SKN-1 OE	1	15	0
1622	SKN-1 OE	1	15	0
1622	SKN-1 OE	1	15	0
1623	SKN-1 OE	1	15	0
1623	SKN-1 OE	1	15	0
1624	SKN-1 OE	1	15	0
1624	SKN-1 OE	1	15	0
1625	SKN-1 OE	1	15	0
1625	SKN-1 OE	1	15	0
1626	SKN-1 OE	1	15	0
1626	SKN-1 OE	1	15	0
1627	SKN-1 OE	1	15	0
1627	SKN-1 OE	1	15	0
1628	SKN-1 OE	1	16	0
1628	SKN-1 OE	1	16	0
1629	SKN-1 OE	1	16	0
1629	SKN-1 OE	1	16	0
1630	SKN-1 OE	1	16	0
1630	SKN-1 OE	1	16	0
1631	SKN-1 OE	1	16	0
1631	SKN-1 OE	1	16	0
1632	SKN-1 OE	1	16	0
1632	SKN-1 OE	1	16	0
1633	SKN-1 OE	1	16	0
1633	SKN-1 OE	1	16	0
1634	SKN-1 OE	1	16	0
1634	SKN-1 OE	1	16	0
1635	SKN-1 OE	1	16	0
1635	SKN-1 OE	1	16	0
1636	SKN-1 OE	1	16	0
1636	SKN-1 OE	1	16	0
1637	SKN-1 OE	1	16	0
1637	SKN-1 OE	1	16	0
1638	SKN-1 OE	1	16	0
1638	SKN-1 OE	1	16	0
1639	SKN-1 OE	1	16	0
1639	SKN-1 OE	1	16	0
1640	SKN-1 OE	1	16	0
1640	SKN-1 OE	1	16	0
1641	SKN-1 OE	1	16	0
1641	SKN-1 OE	1	16	0
1642	SKN-1 OE	1	16	0
1642	SKN-1 OE	1	16	0
1643	SKN-1 OE	1	16	0
1643	SKN-1 OE	1	16	0
1644	SKN-1 OE	1	16	0
1644	SKN-1 OE	1	16	0
1645	SKN-1 OE	1	16	0
1645	SKN-1 OE	1	16	0
1646	SKN-1 OE	1	16	0
1646	SKN-1 OE	1	16	0
1647	SKN-1 OE	1	16	0
1647	SKN-1 OE	1	16	0
1648	SKN-1 OE	1	16	0
1648	SKN-1 OE	1	16	0
1649	SKN-1 OE	1	16	0
1649	SKN-1 OE	1	16	0
1650	SKN-1 OE	1	16	0
1650	SKN-1 OE	1	16	0
1651	SKN-1 OE	1	16	0
1651	SKN-1 OE	1	16	0
1652	SKN-1 OE	1	16	0
1652	SKN-1 OE	1	16	0
1653	SKN-1 OE	1	17	0
1653	SKN-1 OE	1	17	0
1654	SKN-1 OE	1	17	0
1654	SKN-1 OE	1	17	0
1655	rhy-1	1	10	3
1655	rhy-1	1	10	3
1656	rhy-1	1	10	3
1656	rhy-1	1	10	3
1657	rhy-1	1	10	3
1657	rhy-1	1	10	3
1658	rhy-1	1	14	3
1658	rhy-1	1	14	3
1659	rhy-1	1	10	2
1659	rhy-1	1	10	2
1660	rhy-1	1	10	2
1660	rhy-1	1	10	2
1661	rhy-1	1	12	2
1661	rhy-1	1	12	2
1662	rhy-1	1	12	2
1662	rhy-1	1	12	2
1663	rhy-1	1	14	2
1663	rhy-1	1	14	2
1664	rhy-1	1	14	2
1664	rhy-1	1	14	2
1665	rhy-1	1	14	2
1665	rhy-1	1	14	2
1666	rhy-1	1	14	2
1666	rhy-1	1	14	2
1667	rhy-1	1	14	2
1667	rhy-1	1	14	2
1668	rhy-1	1	17	2
1668	rhy-1	1	17	2
1669	rhy-1	1	12	1
1669	rhy-1	1	12	1
1670	rhy-1	1	12	1
1670	rhy-1	1	12	1
1671	rhy-1	1	8	0
1671	rhy-1	1	8	0
1672	rhy-1	1	12	0
1672	rhy-1	1	12	0
1673	rhy-1	1	12	0
1673	rhy-1	1	12	0
1674	rhy-1	1	12	0
1674	rhy-1	1	12	0
1675	rhy-1	1	12	0
1675	rhy-1	1	12	0
1676	rhy-1	1	12	0
1676	rhy-1	1	12	0
1677	rhy-1	1	14	0
1677	rhy-1	1	14	0
1678	rhy-1	1	14	0
1678	rhy-1	1	14	0
1679	rhy-1	1	14	0
1679	rhy-1	1	14	0
1680	rhy-1	1	14	0
1680	rhy-1	1	14	0
1681	rhy-1	1	14	0
1681	rhy-1	1	14	0
1682	rhy-1	1	14	0
1682	rhy-1	1	14	0
1683	rhy-1	1	14	0
1683	rhy-1	1	14	0
1684	rhy-1	1	14	0
1684	rhy-1	1	14	0
1685	rhy-1	1	14	0
1685	rhy-1	1	14	0
1686	rhy-1	1	14	0
1686	rhy-1	1	14	0
1687	rhy-1	1	14	0
1687	rhy-1	1	14	0
1688	rhy-1	1	14	0
1688	rhy-1	1	14	0
1689	rhy-1	1	14	0
1689	rhy-1	1	14	0
1690	rhy-1	1	16	0
1690	rhy-1	1	16	0
1691	rhy-1	1	16	0
1691	rhy-1	1	16	0
1692	rhy-1	1	16	0
1692	rhy-1	1	16	0
1693	rhy-1	1	16	0
1693	rhy-1	1	16	0
1694	rhy-1	1	16	0
1694	rhy-1	1	16	0
1695	rhy-1	1	16	0
1695	rhy-1	1	16	0
1696	rhy-1	1	16	0
1696	rhy-1	1	16	0
1697	rhy-1	1	16	0
1697	rhy-1	1	16	0
1698	rhy-1	1	16	0
1698	rhy-1	1	16	0
1699	rhy-1	1	16	0
1699	rhy-1	1	16	0
1700	rhy-1	1	16	0
1700	rhy-1	1	16	0
1701	rhy-1	1	16	0
1701	rhy-1	1	16	0
1702	rhy-1	1	16	0
1702	rhy-1	1	16	0
1703	rhy-1	1	16	0
1703	rhy-1	1	16	0
1704	rhy-1	1	16	0
1704	rhy-1	1	16	0
1705	rhy-1	1	16	0
1705	rhy-1	1	16	0
1706	rhy-1	1	16	0
1706	rhy-1	1	16	0
1707	rhy-1	1	16	0
1707	rhy-1	1	16	0
1708	rhy-1	1	16	0
1708	rhy-1	1	16	0
1709	rhy-1	1	16	0
1709	rhy-1	1	16	0
1710	rhy-1	1	16	0
1710	rhy-1	1	16	0
1711	rhy-1	1	16	0
1711	rhy-1	1	16	0
1712	rhy-1	1	16	0
1712	rhy-1	1	16	0
1713	rhy-1	1	16	0
1713	rhy-1	1	16	0
1714	rhy-1	1	16	0
1714	rhy-1	1	16	0
1715	rhy-1	1	16	0
1715	rhy-1	1	16	0
1716	rhy-1	1	16	0
1716	rhy-1	1	16	0
1717	rhy-1	1	16	0
1717	rhy-1	1	16	0
1718	rhy-1	1	16	0
1718	rhy-1	1	16	0
1719	rhy-1	1	16	0
1719	rhy-1	1	16	0
1720	rhy-1	1	16	0
1720	rhy-1	1	16	0
1721	rhy-1	1	16	0
1721	rhy-1	1	16	0
1722	rhy-1	1	16	0
1722	rhy-1	1	16	0
1723	rhy-1	1	16	0
1723	rhy-1	1	16	0
1724	rhy-1	1	16	0
1724	rhy-1	1	16	0
1725	rhy-1	1	17	0
1725	rhy-1	1	17	0
1726	rhy-1	1	17	0
1726	rhy-1	1	17	0
1727	rhy-1	1	17	0
1727	rhy-1	1	17	0
1728	rhy-1	1	17	0
1728	rhy-1	1	17	0
1729	rhy-1	1	17	0
1729	rhy-1	1	17	0
1730	rhy-1	1	17	0
1730	rhy-1	1	17	0
1731	rhy-1	1	17	0
1731	rhy-1	1	17	0
1732	rhy-1	1	17	0
1732	rhy-1	1	17	0
1733	rhy-1	1	18	0
1733	rhy-1	1	18	0
1734	rhy-1	1	18	0
1734	rhy-1	1	18	0
1735	rhy-1	1	18	0
1735	rhy-1	1	18	0
1736	rhy-1	1	18	0
1736	rhy-1	1	18	0
1737	rhy-1	1	20	0
1737	rhy-1	1	20	0
1738	rhy-1	1	20	0
1738	rhy-1	1	20	0
1739	rhy-1	1	21	0
1739	rhy-1	1	21	0
1740	rhy-1	1	23	0
1740	rhy-1	1	23	0
1741	rhy-1	2	8	3
1741	rhy-1	2	8	3
1742	rhy-1	2	10	3
1742	rhy-1	2	10	3
1743	rhy-1	2	10	3
1743	rhy-1	2	10	3
1744	rhy-1	2	10	3
1744	rhy-1	2	10	3
1745	rhy-1	2	10	3
1745	rhy-1	2	10	3
1746	rhy-1	2	10	3
1746	rhy-1	2	10	3
1747	rhy-1	2	10	3
1747	rhy-1	2	10	3
1748	rhy-1	2	12	3
1748	rhy-1	2	12	3
1749	rhy-1	2	14	3
1749	rhy-1	2	14	3
1750	rhy-1	2	16	3
1750	rhy-1	2	16	3
1751	rhy-1	2	10	2
1751	rhy-1	2	10	2
1752	rhy-1	2	10	2
1752	rhy-1	2	10	2
1753	rhy-1	2	12	2
1753	rhy-1	2	12	2
1754	rhy-1	2	14	2
1754	rhy-1	2	14	2
1755	rhy-1	2	14	2
1755	rhy-1	2	14	2
1756	rhy-1	2	14	2
1756	rhy-1	2	14	2
1757	rhy-1	2	14	2
1757	rhy-1	2	14	2
1758	rhy-1	2	14	2
1758	rhy-1	2	14	2
1759	rhy-1	2	16	2
1759	rhy-1	2	16	2
1760	rhy-1	2	16	2
1760	rhy-1	2	16	2
1761	rhy-1	2	14	1
1761	rhy-1	2	14	1
1762	rhy-1	2	10	0
1762	rhy-1	2	10	0
1763	rhy-1	2	12	0
1763	rhy-1	2	12	0
1764	rhy-1	2	12	0
1764	rhy-1	2	12	0
1765	rhy-1	2	12	0
1765	rhy-1	2	12	0
1766	rhy-1	2	12	0
1766	rhy-1	2	12	0
1767	rhy-1	2	12	0
1767	rhy-1	2	12	0
1768	rhy-1	2	12	0
1768	rhy-1	2	12	0
1769	rhy-1	2	12	0
1769	rhy-1	2	12	0
1770	rhy-1	2	12	0
1770	rhy-1	2	12	0
1771	rhy-1	2	14	0
1771	rhy-1	2	14	0
1772	rhy-1	2	14	0
1772	rhy-1	2	14	0
1773	rhy-1	2	14	0
1773	rhy-1	2	14	0
1774	rhy-1	2	14	0
1774	rhy-1	2	14	0
1775	rhy-1	2	14	0
1775	rhy-1	2	14	0
1776	rhy-1	2	14	0
1776	rhy-1	2	14	0
1777	rhy-1	2	14	0
1777	rhy-1	2	14	0
1778	rhy-1	2	14	0
1778	rhy-1	2	14	0
1779	rhy-1	2	14	0
1779	rhy-1	2	14	0
1780	rhy-1	2	14	0
1780	rhy-1	2	14	0
1781	rhy-1	2	14	0
1781	rhy-1	2	14	0
1782	rhy-1	2	14	0
1782	rhy-1	2	14	0
1783	rhy-1	2	14	0
1783	rhy-1	2	14	0
1784	rhy-1	2	14	0
1784	rhy-1	2	14	0
1785	rhy-1	2	14	0
1785	rhy-1	2	14	0
1786	rhy-1	2	14	0
1786	rhy-1	2	14	0
1787	rhy-1	2	14	0
1787	rhy-1	2	14	0
1788	rhy-1	2	14	0
1788	rhy-1	2	14	0
1789	rhy-1	2	14	0
1789	rhy-1	2	14	0
1790	rhy-1	2	16	0
1790	rhy-1	2	16	0
1791	rhy-1	2	16	0
1791	rhy-1	2	16	0
1792	rhy-1	2	16	0
1792	rhy-1	2	16	0
1793	rhy-1	2	16	0
1793	rhy-1	2	16	0
1794	rhy-1	2	16	0
1794	rhy-1	2	16	0
1795	rhy-1	2	16	0
1795	rhy-1	2	16	0
1796	rhy-1	2	16	0
1796	rhy-1	2	16	0
1797	rhy-1	2	16	0
1797	rhy-1	2	16	0
1798	rhy-1	2	16	0
1798	rhy-1	2	16	0
1799	rhy-1	2	16	0
1799	rhy-1	2	16	0
1800	rhy-1	2	16	0
1800	rhy-1	2	16	0
1801	rhy-1	2	16	0
1801	rhy-1	2	16	0
1802	rhy-1	2	16	0
1802	rhy-1	2	16	0
1803	rhy-1	2	16	0
1803	rhy-1	2	16	0
1804	rhy-1	2	16	0
1804	rhy-1	2	16	0
1805	rhy-1	2	16	0
1805	rhy-1	2	16	0
1806	rhy-1	2	16	0
1806	rhy-1	2	16	0
1807	rhy-1	2	16	0
1807	rhy-1	2	16	0
1808	rhy-1	2	16	0
1808	rhy-1	2	16	0
1809	rhy-1	2	16	0
1809	rhy-1	2	16	0
1810	rhy-1	2	16	0
1810	rhy-1	2	16	0
1811	rhy-1	2	16	0
1811	rhy-1	2	16	0
1812	rhy-1	2	16	0
1812	rhy-1	2	16	0
1813	rhy-1	2	16	0
1813	rhy-1	2	16	0
1814	rhy-1	2	16	0
1814	rhy-1	2	16	0
1815	rhy-1	2	16	0
1815	rhy-1	2	16	0
1816	rhy-1	2	16	0
1816	rhy-1	2	16	0
1817	rhy-1	2	16	0
1817	rhy-1	2	16	0
1818	rhy-1	2	16	0
1818	rhy-1	2	16	0
1819	rhy-1	2	16	0
1819	rhy-1	2	16	0
1820	rhy-1	2	16	0
1820	rhy-1	2	16	0
1821	rhy-1	2	16	0
1821	rhy-1	2	16	0
1822	rhy-1	2	16	0
1822	rhy-1	2	16	0
1823	rhy-1	2	16	0
1823	rhy-1	2	16	0
1824	rhy-1	2	16	0
1824	rhy-1	2	16	0
1825	rhy-1	2	16	0
1825	rhy-1	2	16	0
1826	rhy-1	2	16	0
1826	rhy-1	2	16	0
1827	rhy-1	2	16	0
1827	rhy-1	2	16	0
1828	rhy-1	2	16	0
1828	rhy-1	2	16	0
1829	rhy-1	2	16	0
1829	rhy-1	2	16	0
1830	rhy-1	2	16	0
1830	rhy-1	2	16	0
1831	rhy-1	2	16	0
1831	rhy-1	2	16	0
1832	rhy-1	2	16	0
1832	rhy-1	2	16	0
1833	rhy-1	2	16	0
1833	rhy-1	2	16	0
1834	rhy-1	2	16	0
1834	rhy-1	2	16	0
1835	rhy-1	2	17	0
1835	rhy-1	2	17	0
1836	rhy-1	2	17	0
1836	rhy-1	2	17	0
1837	rhy-1	2	17	0
1837	rhy-1	2	17	0
1838	rhy-1	2	17	0
1838	rhy-1	2	17	0
1839	rhy-1	2	17	0
1839	rhy-1	2	17	0
1840	rhy-1	2	17	0
1840	rhy-1	2	17	0
1841	rhy-1	2	17	0
1841	rhy-1	2	17	0
1842	rhy-1	2	17	0
1842	rhy-1	2	17	0
1843	rhy-1	2	17	0
1843	rhy-1	2	17	0
1844	rhy-1	2	17	0
1844	rhy-1	2	17	0
1845	rhy-1	2	17	0
1845	rhy-1	2	17	0
1846	rhy-1	2	17	0
1846	rhy-1	2	17	0
1847	rhy-1	2	17	0
1847	rhy-1	2	17	0
1848	rhy-1	2	17	0
1848	rhy-1	2	17	0
1849	rhy-1	2	17	0
1849	rhy-1	2	17	0
1850	rhy-1	2	17	0
1850	rhy-1	2	17	0
1851	rhy-1	2	17	0
1851	rhy-1	2	17	0
1852	rhy-1	2	17	0
1852	rhy-1	2	17	0
1853	rhy-1	2	17	0
1853	rhy-1	2	17	0
1854	rhy-1	2	17	0
1854	rhy-1	2	17	0
1855	rhy-1	2	17	0
1855	rhy-1	2	17	0
1856	rhy-1	2	17	0
1856	rhy-1	2	17	0
1857	rhy-1	2	18	0
1857	rhy-1	2	18	0
1858	rhy-1	2	18	0
1858	rhy-1	2	18	0
1859	rhy-1	2	18	0
1859	rhy-1	2	18	0
1860	rhy-1	2	18	0
1860	rhy-1	2	18	0
1861	rhy-1	2	18	0
1861	rhy-1	2	18	0
1862	rhy-1	2	20	0
1862	rhy-1	2	20	0
1863	rhy-1	2	20	0
1863	rhy-1	2	20	0
1864	rhy-1	2	20	0
1864	rhy-1	2	20	0
1865	rhy-1	2	20	0
1865	rhy-1	2	20	0
1866	rhy-1	2	21	0
1866	rhy-1	2	21	0
