strain	replicate	age.at.death	rupture	
strain	replicate	age.at.death	rupture	
1	N2	1	9	0
1	N2	1	9	0
2	N2	1	9	0
2	N2	1	9	0
3	N2	1	11	0
3	N2	1	11	0
4	N2	1	11	0
4	N2	1	11	0
5	N2	1	11	0
5	N2	1	11	0
6	N2	1	11	0
6	N2	1	11	0
7	N2	1	11	0
7	N2	1	11	0
8	N2	1	11	0
8	N2	1	11	0
9	N2	1	11	0
9	N2	1	11	0
10	N2	1	11	0
10	N2	1	11	0
11	N2	1	11	0
11	N2	1	11	0
12	N2	1	11	0
12	N2	1	11	0
13	N2	1	13	0
13	N2	1	13	0
14	N2	1	13	0
14	N2	1	13	0
15	N2	1	13	0
15	N2	1	13	0
16	N2	1	13	0
16	N2	1	13	0
17	N2	1	13	0
17	N2	1	13	0
18	N2	1	13	0
18	N2	1	13	0
19	N2	1	13	0
19	N2	1	13	0
20	N2	1	13	0
20	N2	1	13	0
21	N2	1	13	0
21	N2	1	13	0
22	N2	1	13	0
22	N2	1	13	0
23	N2	1	14	0
23	N2	1	14	0
24	N2	1	14	0
24	N2	1	14	0
25	N2	1	14	0
25	N2	1	14	0
26	N2	1	14	0
26	N2	1	14	0
27	N2	1	14	0
27	N2	1	14	0
28	N2	1	14	0
28	N2	1	14	0
29	N2	1	14	0
29	N2	1	14	0
30	N2	1	14	0
30	N2	1	14	0
31	N2	1	14	0
31	N2	1	14	0
32	N2	1	14	0
32	N2	1	14	0
33	N2	1	14	0
33	N2	1	14	0
34	N2	1	14	0
34	N2	1	14	0
35	N2	1	15	0
35	N2	1	15	0
36	N2	1	15	0
36	N2	1	15	0
37	N2	1	15	0
37	N2	1	15	0
38	N2	1	15	0
38	N2	1	15	0
39	N2	1	15	0
39	N2	1	15	0
40	N2	1	15	0
40	N2	1	15	0
41	N2	1	16	0
41	N2	1	16	0
42	N2	1	16	0
42	N2	1	16	0
43	N2	1	16	0
43	N2	1	16	0
44	N2	1	16	0
44	N2	1	16	0
45	N2	1	17	0
45	N2	1	17	0
46	N2	1	17	0
46	N2	1	17	0
47	N2	1	17	0
47	N2	1	17	0
48	N2	1	17	0
48	N2	1	17	0
49	N2	1	17	0
49	N2	1	17	0
50	N2	1	17	0
50	N2	1	17	0
51	N2	1	17	0
51	N2	1	17	0
52	N2	1	19	0
52	N2	1	19	0
53	N2	1	19	0
53	N2	1	19	0
54	N2	1	19	0
54	N2	1	19	0
55	N2	1	19	0
55	N2	1	19	0
56	N2	1	19	0
56	N2	1	19	0
57	N2	1	19	0
57	N2	1	19	0
58	N2	1	19	0
58	N2	1	19	0
59	N2	1	19	0
59	N2	1	19	0
60	N2	1	20	0
60	N2	1	20	0
61	N2	1	20	0
61	N2	1	20	0
62	N2	1	20	0
62	N2	1	20	0
63	N2	1	22	0
63	N2	1	22	0
64	N2	1	22	0
64	N2	1	22	0
65	N2	1	22	0
65	N2	1	22	0
66	N2	1	13	2
66	N2	1	13	2
67	N2	1	14	2
67	N2	1	14	2
68	N2	1	15	2
68	N2	1	15	2
69	N2	1	7	3
69	N2	1	7	3
70	N2	1	7	3
70	N2	1	7	3
71	N2	1	11	3
71	N2	1	11	3
72	N2	1	13	3
72	N2	1	13	3
73	N2	1	13	3
73	N2	1	13	3
74	N2	2	9	0
74	N2	2	9	0
75	N2	2	11	0
75	N2	2	11	0
76	N2	2	11	0
76	N2	2	11	0
77	N2	2	11	0
77	N2	2	11	0
78	N2	2	11	0
78	N2	2	11	0
79	N2	2	11	0
79	N2	2	11	0
80	N2	2	11	0
80	N2	2	11	0
81	N2	2	11	0
81	N2	2	11	0
82	N2	2	13	0
82	N2	2	13	0
83	N2	2	13	0
83	N2	2	13	0
84	N2	2	13	0
84	N2	2	13	0
85	N2	2	13	0
85	N2	2	13	0
86	N2	2	13	0
86	N2	2	13	0
87	N2	2	14	0
87	N2	2	14	0
88	N2	2	14	0
88	N2	2	14	0
89	N2	2	14	0
89	N2	2	14	0
90	N2	2	14	0
90	N2	2	14	0
91	N2	2	14	0
91	N2	2	14	0
92	N2	2	14	0
92	N2	2	14	0
93	N2	2	14	0
93	N2	2	14	0
94	N2	2	14	0
94	N2	2	14	0
95	N2	2	14	0
95	N2	2	14	0
96	N2	2	14	0
96	N2	2	14	0
97	N2	2	15	0
97	N2	2	15	0
98	N2	2	15	0
98	N2	2	15	0
99	N2	2	15	0
99	N2	2	15	0
100	N2	2	15	0
100	N2	2	15	0
101	N2	2	15	0
101	N2	2	15	0
102	N2	2	15	0
102	N2	2	15	0
103	N2	2	15	0
103	N2	2	15	0
104	N2	2	15	0
104	N2	2	15	0
105	N2	2	15	0
105	N2	2	15	0
106	N2	2	16	0
106	N2	2	16	0
107	N2	2	16	0
107	N2	2	16	0
108	N2	2	16	0
108	N2	2	16	0
109	N2	2	16	0
109	N2	2	16	0
110	N2	2	16	0
110	N2	2	16	0
111	N2	2	16	0
111	N2	2	16	0
112	N2	2	17	0
112	N2	2	17	0
113	N2	2	17	0
113	N2	2	17	0
114	N2	2	17	0
114	N2	2	17	0
115	N2	2	17	0
115	N2	2	17	0
116	N2	2	17	0
116	N2	2	17	0
117	N2	2	17	0
117	N2	2	17	0
118	N2	2	17	0
118	N2	2	17	0
119	N2	2	17	0
119	N2	2	17	0
120	N2	2	19	0
120	N2	2	19	0
121	N2	2	19	0
121	N2	2	19	0
122	N2	2	19	0
122	N2	2	19	0
123	N2	2	19	0
123	N2	2	19	0
124	N2	2	19	0
124	N2	2	19	0
125	N2	2	19	0
125	N2	2	19	0
126	N2	2	19	0
126	N2	2	19	0
127	N2	2	19	0
127	N2	2	19	0
128	N2	2	19	0
128	N2	2	19	0
129	N2	2	19	0
129	N2	2	19	0
130	N2	2	19	0
130	N2	2	19	0
131	N2	2	19	0
131	N2	2	19	0
132	N2	2	19	0
132	N2	2	19	0
133	N2	2	19	0
133	N2	2	19	0
134	N2	2	19	0
134	N2	2	19	0
135	N2	2	19	0
135	N2	2	19	0
136	N2	2	20	0
136	N2	2	20	0
137	N2	2	20	0
137	N2	2	20	0
138	N2	2	20	0
138	N2	2	20	0
139	N2	2	20	0
139	N2	2	20	0
140	N2	2	20	0
140	N2	2	20	0
141	N2	2	20	0
141	N2	2	20	0
142	N2	2	20	0
142	N2	2	20	0
143	N2	2	20	0
143	N2	2	20	0
144	N2	2	20	0
144	N2	2	20	0
145	N2	2	11	2
145	N2	2	11	2
146	N2	2	11	2
146	N2	2	11	2
147	N2	2	13	2
147	N2	2	13	2
148	N2	2	13	2
148	N2	2	13	2
149	N2	2	9	3
149	N2	2	9	3
150	N2	2	13	3
150	N2	2	13	3
151	N2	2	13	3
151	N2	2	13	3
152	N2	2	13	3
152	N2	2	13	3
153	N2	2	13	3
153	N2	2	13	3
154	N2.DR	1	11	0
154	N2.DR	1	11	0
155	N2.DR	1	13	0
155	N2.DR	1	13	0
156	N2.DR	1	13	0
156	N2.DR	1	13	0
157	N2.DR	1	13	0
157	N2.DR	1	13	0
158	N2.DR	1	14	0
158	N2.DR	1	14	0
159	N2.DR	1	14	0
159	N2.DR	1	14	0
160	N2.DR	1	15	0
160	N2.DR	1	15	0
161	N2.DR	1	15	0
161	N2.DR	1	15	0
162	N2.DR	1	15	0
162	N2.DR	1	15	0
163	N2.DR	1	16	0
163	N2.DR	1	16	0
164	N2.DR	1	16	0
164	N2.DR	1	16	0
165	N2.DR	1	16	0
165	N2.DR	1	16	0
166	N2.DR	1	17	0
166	N2.DR	1	17	0
167	N2.DR	1	17	0
167	N2.DR	1	17	0
168	N2.DR	1	17	0
168	N2.DR	1	17	0
169	N2.DR	1	17	0
169	N2.DR	1	17	0
170	N2.DR	1	17	0
170	N2.DR	1	17	0
171	N2.DR	1	19	0
171	N2.DR	1	19	0
172	N2.DR	1	19	0
172	N2.DR	1	19	0
173	N2.DR	1	19	0
173	N2.DR	1	19	0
174	N2.DR	1	19	0
174	N2.DR	1	19	0
175	N2.DR	1	19	0
175	N2.DR	1	19	0
176	N2.DR	1	19	0
176	N2.DR	1	19	0
177	N2.DR	1	19	0
177	N2.DR	1	19	0
178	N2.DR	1	19	0
178	N2.DR	1	19	0
179	N2.DR	1	20	0
179	N2.DR	1	20	0
180	N2.DR	1	20	0
180	N2.DR	1	20	0
181	N2.DR	1	20	0
181	N2.DR	1	20	0
182	N2.DR	1	22	0
182	N2.DR	1	22	0
183	N2.DR	1	22	0
183	N2.DR	1	22	0
184	N2.DR	1	22	0
184	N2.DR	1	22	0
185	N2.DR	1	22	0
185	N2.DR	1	22	0
186	N2.DR	1	22	0
186	N2.DR	1	22	0
187	N2.DR	1	22	0
187	N2.DR	1	22	0
188	N2.DR	1	22	0
188	N2.DR	1	22	0
189	N2.DR	1	22	0
189	N2.DR	1	22	0
190	N2.DR	1	22	0
190	N2.DR	1	22	0
191	N2.DR	1	22	0
191	N2.DR	1	22	0
192	N2.DR	1	22	0
192	N2.DR	1	22	0
193	N2.DR	1	22	0
193	N2.DR	1	22	0
194	N2.DR	1	24	0
194	N2.DR	1	24	0
195	N2.DR	1	24	0
195	N2.DR	1	24	0
196	N2.DR	1	24	0
196	N2.DR	1	24	0
197	N2.DR	1	24	0
197	N2.DR	1	24	0
198	N2.DR	1	24	0
198	N2.DR	1	24	0
199	N2.DR	1	24	0
199	N2.DR	1	24	0
200	N2.DR	1	24	0
200	N2.DR	1	24	0
201	N2.DR	1	24	0
201	N2.DR	1	24	0
202	N2.DR	1	24	0
202	N2.DR	1	24	0
203	N2.DR	1	24	0
203	N2.DR	1	24	0
204	N2.DR	1	24	0
204	N2.DR	1	24	0
205	N2.DR	1	27	0
205	N2.DR	1	27	0
206	N2.DR	1	27	0
206	N2.DR	1	27	0
207	N2.DR	1	27	0
207	N2.DR	1	27	0
208	N2.DR	1	27	0
208	N2.DR	1	27	0
209	N2.DR	1	27	0
209	N2.DR	1	27	0
210	N2.DR	1	27	0
210	N2.DR	1	27	0
211	N2.DR	1	27	0
211	N2.DR	1	27	0
212	N2.DR	1	27	0
212	N2.DR	1	27	0
213	N2.DR	1	27	0
213	N2.DR	1	27	0
214	N2.DR	1	27	0
214	N2.DR	1	27	0
215	N2.DR	1	27	0
215	N2.DR	1	27	0
216	N2.DR	1	27	0
216	N2.DR	1	27	0
217	N2.DR	1	29	0
217	N2.DR	1	29	0
218	N2.DR	1	29	0
218	N2.DR	1	29	0
219	N2.DR	1	29	0
219	N2.DR	1	29	0
220	N2.DR	1	33	0
220	N2.DR	1	33	0
221	N2.DR	1	9	3
221	N2.DR	1	9	3
222	N2.DR	2	7	0
222	N2.DR	2	7	0
223	N2.DR	2	9	0
223	N2.DR	2	9	0
224	N2.DR	2	9	0
224	N2.DR	2	9	0
225	N2.DR	2	11	0
225	N2.DR	2	11	0
226	N2.DR	2	13	0
226	N2.DR	2	13	0
227	N2.DR	2	13	0
227	N2.DR	2	13	0
228	N2.DR	2	13	0
228	N2.DR	2	13	0
229	N2.DR	2	13	0
229	N2.DR	2	13	0
230	N2.DR	2	14	0
230	N2.DR	2	14	0
231	N2.DR	2	14	0
231	N2.DR	2	14	0
232	N2.DR	2	14	0
232	N2.DR	2	14	0
233	N2.DR	2	14	0
233	N2.DR	2	14	0
234	N2.DR	2	14	0
234	N2.DR	2	14	0
235	N2.DR	2	15	0
235	N2.DR	2	15	0
236	N2.DR	2	15	0
236	N2.DR	2	15	0
237	N2.DR	2	15	0
237	N2.DR	2	15	0
238	N2.DR	2	15	0
238	N2.DR	2	15	0
239	N2.DR	2	15	0
239	N2.DR	2	15	0
240	N2.DR	2	15	0
240	N2.DR	2	15	0
241	N2.DR	2	15	0
241	N2.DR	2	15	0
242	N2.DR	2	15	0
242	N2.DR	2	15	0
243	N2.DR	2	15	0
243	N2.DR	2	15	0
244	N2.DR	2	15	0
244	N2.DR	2	15	0
245	N2.DR	2	16	0
245	N2.DR	2	16	0
246	N2.DR	2	16	0
246	N2.DR	2	16	0
247	N2.DR	2	16	0
247	N2.DR	2	16	0
248	N2.DR	2	16	0
248	N2.DR	2	16	0
249	N2.DR	2	16	0
249	N2.DR	2	16	0
250	N2.DR	2	17	0
250	N2.DR	2	17	0
251	N2.DR	2	17	0
251	N2.DR	2	17	0
252	N2.DR	2	17	0
252	N2.DR	2	17	0
253	N2.DR	2	17	0
253	N2.DR	2	17	0
254	N2.DR	2	19	0
254	N2.DR	2	19	0
255	N2.DR	2	19	0
255	N2.DR	2	19	0
256	N2.DR	2	19	0
256	N2.DR	2	19	0
257	N2.DR	2	19	0
257	N2.DR	2	19	0
258	N2.DR	2	19	0
258	N2.DR	2	19	0
259	N2.DR	2	20	0
259	N2.DR	2	20	0
260	N2.DR	2	20	0
260	N2.DR	2	20	0
261	N2.DR	2	22	0
261	N2.DR	2	22	0
262	N2.DR	2	22	0
262	N2.DR	2	22	0
263	N2.DR	2	22	0
263	N2.DR	2	22	0
264	N2.DR	2	22	0
264	N2.DR	2	22	0
265	N2.DR	2	22	0
265	N2.DR	2	22	0
266	N2.DR	2	22	0
266	N2.DR	2	22	0
267	N2.DR	2	22	0
267	N2.DR	2	22	0
268	N2.DR	2	22	0
268	N2.DR	2	22	0
269	N2.DR	2	24	0
269	N2.DR	2	24	0
270	N2.DR	2	24	0
270	N2.DR	2	24	0
271	N2.DR	2	24	0
271	N2.DR	2	24	0
272	N2.DR	2	24	0
272	N2.DR	2	24	0
273	N2.DR	2	24	0
273	N2.DR	2	24	0
274	N2.DR	2	24	0
274	N2.DR	2	24	0
275	N2.DR	2	27	0
275	N2.DR	2	27	0
276	N2.DR	2	27	0
276	N2.DR	2	27	0
277	N2.DR	2	27	0
277	N2.DR	2	27	0
278	N2.DR	2	27	0
278	N2.DR	2	27	0
279	N2.DR	2	27	0
279	N2.DR	2	27	0
280	N2.DR	2	27	0
280	N2.DR	2	27	0
281	N2.DR	2	29	0
281	N2.DR	2	29	0
282	N2.DR	2	29	0
282	N2.DR	2	29	0
283	N2.DR	2	29	0
283	N2.DR	2	29	0
284	N2.DR	2	29	0
284	N2.DR	2	29	0
285	N2.DR	2	29	0
285	N2.DR	2	29	0
286	N2.DR	2	29	0
286	N2.DR	2	29	0
287	N2.DR	2	31	0
287	N2.DR	2	31	0
288	N2.DR	2	31	0
288	N2.DR	2	31	0
289	N2.DR	2	31	0
289	N2.DR	2	31	0
290	N2.DR	2	33	0
290	N2.DR	2	33	0
291	cep-1	1	9	0
291	cep-1	1	9	0
292	cep-1	1	9	0
292	cep-1	1	9	0
293	cep-1	1	9	0
293	cep-1	1	9	0
294	cep-1	1	9	0
294	cep-1	1	9	0
295	cep-1	1	11	0
295	cep-1	1	11	0
296	cep-1	1	11	0
296	cep-1	1	11	0
297	cep-1	1	11	0
297	cep-1	1	11	0
298	cep-1	1	11	0
298	cep-1	1	11	0
299	cep-1	1	11	0
299	cep-1	1	11	0
300	cep-1	1	11	0
300	cep-1	1	11	0
301	cep-1	1	11	0
301	cep-1	1	11	0
302	cep-1	1	11	0
302	cep-1	1	11	0
303	cep-1	1	11	0
303	cep-1	1	11	0
304	cep-1	1	11	0
304	cep-1	1	11	0
305	cep-1	1	13	0
305	cep-1	1	13	0
306	cep-1	1	13	0
306	cep-1	1	13	0
307	cep-1	1	13	0
307	cep-1	1	13	0
308	cep-1	1	13	0
308	cep-1	1	13	0
309	cep-1	1	13	0
309	cep-1	1	13	0
310	cep-1	1	13	0
310	cep-1	1	13	0
311	cep-1	1	13	0
311	cep-1	1	13	0
312	cep-1	1	14	0
312	cep-1	1	14	0
313	cep-1	1	14	0
313	cep-1	1	14	0
314	cep-1	1	14	0
314	cep-1	1	14	0
315	cep-1	1	14	0
315	cep-1	1	14	0
316	cep-1	1	14	0
316	cep-1	1	14	0
317	cep-1	1	14	0
317	cep-1	1	14	0
318	cep-1	1	14	0
318	cep-1	1	14	0
319	cep-1	1	14	0
319	cep-1	1	14	0
320	cep-1	1	14	0
320	cep-1	1	14	0
321	cep-1	1	14	0
321	cep-1	1	14	0
322	cep-1	1	15	0
322	cep-1	1	15	0
323	cep-1	1	15	0
323	cep-1	1	15	0
324	cep-1	1	15	0
324	cep-1	1	15	0
325	cep-1	1	15	0
325	cep-1	1	15	0
326	cep-1	1	15	0
326	cep-1	1	15	0
327	cep-1	1	15	0
327	cep-1	1	15	0
328	cep-1	1	15	0
328	cep-1	1	15	0
329	cep-1	1	15	0
329	cep-1	1	15	0
330	cep-1	1	15	0
330	cep-1	1	15	0
331	cep-1	1	15	0
331	cep-1	1	15	0
332	cep-1	1	15	0
332	cep-1	1	15	0
333	cep-1	1	16	0
333	cep-1	1	16	0
334	cep-1	1	16	0
334	cep-1	1	16	0
335	cep-1	1	16	0
335	cep-1	1	16	0
336	cep-1	1	16	0
336	cep-1	1	16	0
337	cep-1	1	16	0
337	cep-1	1	16	0
338	cep-1	1	16	0
338	cep-1	1	16	0
339	cep-1	1	16	0
339	cep-1	1	16	0
340	cep-1	1	16	0
340	cep-1	1	16	0
341	cep-1	1	16	0
341	cep-1	1	16	0
342	cep-1	1	16	0
342	cep-1	1	16	0
343	cep-1	1	16	0
343	cep-1	1	16	0
344	cep-1	1	16	0
344	cep-1	1	16	0
345	cep-1	1	16	0
345	cep-1	1	16	0
346	cep-1	1	16	0
346	cep-1	1	16	0
347	cep-1	1	16	0
347	cep-1	1	16	0
348	cep-1	1	17	0
348	cep-1	1	17	0
349	cep-1	1	17	0
349	cep-1	1	17	0
350	cep-1	1	17	0
350	cep-1	1	17	0
351	cep-1	1	17	0
351	cep-1	1	17	0
352	cep-1	1	17	0
352	cep-1	1	17	0
353	cep-1	1	19	0
353	cep-1	1	19	0
354	cep-1	1	19	0
354	cep-1	1	19	0
355	cep-1	1	19	0
355	cep-1	1	19	0
356	cep-1	1	19	0
356	cep-1	1	19	0
357	cep-1	1	19	0
357	cep-1	1	19	0
358	cep-1	1	19	0
358	cep-1	1	19	0
359	cep-1	1	19	0
359	cep-1	1	19	0
360	cep-1	1	20	0
360	cep-1	1	20	0
361	cep-1	1	20	0
361	cep-1	1	20	0
362	cep-1	1	20	0
362	cep-1	1	20	0
363	cep-1	1	20	0
363	cep-1	1	20	0
364	cep-1	1	22	0
364	cep-1	1	22	0
365	cep-1	1	22	0
365	cep-1	1	22	0
366	cep-1	1	11	2
366	cep-1	1	11	2
367	cep-1	1	11	2
367	cep-1	1	11	2
368	cep-1	1	9	3
368	cep-1	1	9	3
369	cep-1	1	9	3
369	cep-1	1	9	3
370	cep-1	1	9	3
370	cep-1	1	9	3
371	cep-1	1	11	3
371	cep-1	1	11	3
372	cep-1	1	11	3
372	cep-1	1	11	3
373	cep-1	1	11	3
373	cep-1	1	11	3
374	cep-1	1	13	3
374	cep-1	1	13	3
375	cep-1	1	13	3
375	cep-1	1	13	3
376	cep-1	1	13	3
376	cep-1	1	13	3
377	cep-1	2	9	0
377	cep-1	2	9	0
378	cep-1	2	9	0
378	cep-1	2	9	0
379	cep-1	2	11	0
379	cep-1	2	11	0
380	cep-1	2	11	0
380	cep-1	2	11	0
381	cep-1	2	11	0
381	cep-1	2	11	0
382	cep-1	2	11	0
382	cep-1	2	11	0
383	cep-1	2	13	0
383	cep-1	2	13	0
384	cep-1	2	13	0
384	cep-1	2	13	0
385	cep-1	2	13	0
385	cep-1	2	13	0
386	cep-1	2	13	0
386	cep-1	2	13	0
387	cep-1	2	13	0
387	cep-1	2	13	0
388	cep-1	2	13	0
388	cep-1	2	13	0
389	cep-1	2	14	0
389	cep-1	2	14	0
390	cep-1	2	14	0
390	cep-1	2	14	0
391	cep-1	2	14	0
391	cep-1	2	14	0
392	cep-1	2	14	0
392	cep-1	2	14	0
393	cep-1	2	14	0
393	cep-1	2	14	0
394	cep-1	2	14	0
394	cep-1	2	14	0
395	cep-1	2	14	0
395	cep-1	2	14	0
396	cep-1	2	14	0
396	cep-1	2	14	0
397	cep-1	2	14	0
397	cep-1	2	14	0
398	cep-1	2	14	0
398	cep-1	2	14	0
399	cep-1	2	14	0
399	cep-1	2	14	0
400	cep-1	2	15	0
400	cep-1	2	15	0
401	cep-1	2	15	0
401	cep-1	2	15	0
402	cep-1	2	15	0
402	cep-1	2	15	0
403	cep-1	2	15	0
403	cep-1	2	15	0
404	cep-1	2	15	0
404	cep-1	2	15	0
405	cep-1	2	15	0
405	cep-1	2	15	0
406	cep-1	2	15	0
406	cep-1	2	15	0
407	cep-1	2	15	0
407	cep-1	2	15	0
408	cep-1	2	15	0
408	cep-1	2	15	0
409	cep-1	2	15	0
409	cep-1	2	15	0
410	cep-1	2	15	0
410	cep-1	2	15	0
411	cep-1	2	15	0
411	cep-1	2	15	0
412	cep-1	2	15	0
412	cep-1	2	15	0
413	cep-1	2	15	0
413	cep-1	2	15	0
414	cep-1	2	15	0
414	cep-1	2	15	0
415	cep-1	2	16	0
415	cep-1	2	16	0
416	cep-1	2	16	0
416	cep-1	2	16	0
417	cep-1	2	16	0
417	cep-1	2	16	0
418	cep-1	2	16	0
418	cep-1	2	16	0
419	cep-1	2	16	0
419	cep-1	2	16	0
420	cep-1	2	16	0
420	cep-1	2	16	0
421	cep-1	2	16	0
421	cep-1	2	16	0
422	cep-1	2	16	0
422	cep-1	2	16	0
423	cep-1	2	16	0
423	cep-1	2	16	0
424	cep-1	2	16	0
424	cep-1	2	16	0
425	cep-1	2	16	0
425	cep-1	2	16	0
426	cep-1	2	16	0
426	cep-1	2	16	0
427	cep-1	2	16	0
427	cep-1	2	16	0
428	cep-1	2	16	0
428	cep-1	2	16	0
429	cep-1	2	17	0
429	cep-1	2	17	0
430	cep-1	2	17	0
430	cep-1	2	17	0
431	cep-1	2	17	0
431	cep-1	2	17	0
432	cep-1	2	17	0
432	cep-1	2	17	0
433	cep-1	2	17	0
433	cep-1	2	17	0
434	cep-1	2	17	0
434	cep-1	2	17	0
435	cep-1	2	17	0
435	cep-1	2	17	0
436	cep-1	2	17	0
436	cep-1	2	17	0
437	cep-1	2	19	0
437	cep-1	2	19	0
438	cep-1	2	19	0
438	cep-1	2	19	0
439	cep-1	2	19	0
439	cep-1	2	19	0
440	cep-1	2	19	0
440	cep-1	2	19	0
441	cep-1	2	19	0
441	cep-1	2	19	0
442	cep-1	2	19	0
442	cep-1	2	19	0
443	cep-1	2	19	0
443	cep-1	2	19	0
444	cep-1	2	19	0
444	cep-1	2	19	0
445	cep-1	2	19	0
445	cep-1	2	19	0
446	cep-1	2	19	0
446	cep-1	2	19	0
447	cep-1	2	20	0
447	cep-1	2	20	0
448	cep-1	2	20	0
448	cep-1	2	20	0
449	cep-1	2	20	0
449	cep-1	2	20	0
450	cep-1	2	20	0
450	cep-1	2	20	0
451	cep-1	2	22	0
451	cep-1	2	22	0
452	cep-1	2	22	0
452	cep-1	2	22	0
453	cep-1	2	24	0
453	cep-1	2	24	0
454	cep-1	2	11	1
454	cep-1	2	11	1
455	cep-1	2	11	2
455	cep-1	2	11	2
456	atm-1	1	7	3
456	atm-1	1	7	3
457	atm-1	1	7	3
457	atm-1	1	7	3
458	atm-1	1	9	3
458	atm-1	1	9	3
459	atm-1	1	9	3
459	atm-1	1	9	3
460	atm-1	1	9	3
460	atm-1	1	9	3
461	atm-1	1	9	3
461	atm-1	1	9	3
462	atm-1	1	9	3
462	atm-1	1	9	3
463	atm-1	1	11	3
463	atm-1	1	11	3
464	atm-1	1	11	3
464	atm-1	1	11	3
465	atm-1	1	11	3
465	atm-1	1	11	3
466	atm-1	1	11	3
466	atm-1	1	11	3
467	atm-1	1	13	3
467	atm-1	1	13	3
468	atm-1	1	13	3
468	atm-1	1	13	3
469	atm-1	1	7	2
469	atm-1	1	7	2
470	atm-1	1	9	2
470	atm-1	1	9	2
471	atm-1	1	11	2
471	atm-1	1	11	2
472	atm-1	1	13	2
472	atm-1	1	13	2
473	atm-1	1	14	2
473	atm-1	1	14	2
474	atm-1	1	14	2
474	atm-1	1	14	2
475	atm-1	1	15	2
475	atm-1	1	15	2
476	atm-1	1	13	1
476	atm-1	1	13	1
477	atm-1	1	9	0
477	atm-1	1	9	0
478	atm-1	1	9	0
478	atm-1	1	9	0
479	atm-1	1	9	0
479	atm-1	1	9	0
480	atm-1	1	11	0
480	atm-1	1	11	0
481	atm-1	1	11	0
481	atm-1	1	11	0
482	atm-1	1	11	0
482	atm-1	1	11	0
483	atm-1	1	11	0
483	atm-1	1	11	0
484	atm-1	1	11	0
484	atm-1	1	11	0
485	atm-1	1	11	0
485	atm-1	1	11	0
486	atm-1	1	11	0
486	atm-1	1	11	0
487	atm-1	1	11	0
487	atm-1	1	11	0
488	atm-1	1	11	0
488	atm-1	1	11	0
489	atm-1	1	11	0
489	atm-1	1	11	0
490	atm-1	1	11	0
490	atm-1	1	11	0
491	atm-1	1	11	0
491	atm-1	1	11	0
492	atm-1	1	11	0
492	atm-1	1	11	0
493	atm-1	1	11	0
493	atm-1	1	11	0
494	atm-1	1	11	0
494	atm-1	1	11	0
495	atm-1	1	13	0
495	atm-1	1	13	0
496	atm-1	1	13	0
496	atm-1	1	13	0
497	atm-1	1	13	0
497	atm-1	1	13	0
498	atm-1	1	13	0
498	atm-1	1	13	0
499	atm-1	1	13	0
499	atm-1	1	13	0
500	atm-1	1	13	0
500	atm-1	1	13	0
501	atm-1	1	13	0
501	atm-1	1	13	0
502	atm-1	1	13	0
502	atm-1	1	13	0
503	atm-1	1	13	0
503	atm-1	1	13	0
504	atm-1	1	13	0
504	atm-1	1	13	0
505	atm-1	1	13	0
505	atm-1	1	13	0
506	atm-1	1	13	0
506	atm-1	1	13	0
507	atm-1	1	14	0
507	atm-1	1	14	0
508	atm-1	1	14	0
508	atm-1	1	14	0
509	atm-1	1	14	0
509	atm-1	1	14	0
510	atm-1	1	14	0
510	atm-1	1	14	0
511	atm-1	1	14	0
511	atm-1	1	14	0
512	atm-1	1	14	0
512	atm-1	1	14	0
513	atm-1	1	14	0
513	atm-1	1	14	0
514	atm-1	1	14	0
514	atm-1	1	14	0
515	atm-1	1	14	0
515	atm-1	1	14	0
516	atm-1	1	14	0
516	atm-1	1	14	0
517	atm-1	1	15	0
517	atm-1	1	15	0
518	atm-1	1	15	0
518	atm-1	1	15	0
519	atm-1	1	15	0
519	atm-1	1	15	0
520	atm-1	1	15	0
520	atm-1	1	15	0
521	atm-1	1	15	0
521	atm-1	1	15	0
522	atm-1	1	15	0
522	atm-1	1	15	0
523	atm-1	1	15	0
523	atm-1	1	15	0
524	atm-1	1	16	0
524	atm-1	1	16	0
525	atm-1	1	16	0
525	atm-1	1	16	0
526	atm-1	1	16	0
526	atm-1	1	16	0
527	atm-1	1	16	0
527	atm-1	1	16	0
528	atm-1	1	16	0
528	atm-1	1	16	0
529	atm-1	1	16	0
529	atm-1	1	16	0
530	atm-1	1	16	0
530	atm-1	1	16	0
531	atm-1	1	16	0
531	atm-1	1	16	0
532	atm-1	1	16	0
532	atm-1	1	16	0
533	atm-1	1	16	0
533	atm-1	1	16	0
534	atm-1	1	16	0
534	atm-1	1	16	0
535	atm-1	1	16	0
535	atm-1	1	16	0
536	atm-1	1	17	0
536	atm-1	1	17	0
537	atm-1	1	17	0
537	atm-1	1	17	0
538	atm-1	1	17	0
538	atm-1	1	17	0
539	atm-1	1	17	0
539	atm-1	1	17	0
540	atm-1	1	17	0
540	atm-1	1	17	0
541	atm-1	1	17	0
541	atm-1	1	17	0
542	atm-1	1	17	0
542	atm-1	1	17	0
543	atm-1	1	17	0
543	atm-1	1	17	0
544	atm-1	1	17	0
544	atm-1	1	17	0
545	atm-1	1	17	0
545	atm-1	1	17	0
546	atm-1	1	17	0
546	atm-1	1	17	0
547	atm-1	1	17	0
547	atm-1	1	17	0
548	atm-1	1	17	0
548	atm-1	1	17	0
549	atm-1	1	17	0
549	atm-1	1	17	0
550	atm-1	1	17	0
550	atm-1	1	17	0
551	atm-1	1	17	0
551	atm-1	1	17	0
552	atm-1	1	17	0
552	atm-1	1	17	0
553	atm-1	1	19	0
553	atm-1	1	19	0
554	atm-1	1	19	0
554	atm-1	1	19	0
555	atm-1	1	19	0
555	atm-1	1	19	0
556	atm-1	1	19	0
556	atm-1	1	19	0
557	atm-1	1	19	0
557	atm-1	1	19	0
558	atm-1	1	19	0
558	atm-1	1	19	0
559	atm-1	1	19	0
559	atm-1	1	19	0
560	atm-1	1	19	0
560	atm-1	1	19	0
561	atm-1	1	19	0
561	atm-1	1	19	0
562	atm-1	1	19	0
562	atm-1	1	19	0
563	atm-1	1	19	0
563	atm-1	1	19	0
564	atm-1	1	19	0
564	atm-1	1	19	0
565	atm-1	1	19	0
565	atm-1	1	19	0
566	atm-1	1	19	0
566	atm-1	1	19	0
567	atm-1	1	19	0
567	atm-1	1	19	0
568	atm-1	1	19	0
568	atm-1	1	19	0
569	atm-1	1	19	0
569	atm-1	1	19	0
570	atm-1	1	19	0
570	atm-1	1	19	0
571	atm-1	1	20	0
571	atm-1	1	20	0
572	atm-1	1	20	0
572	atm-1	1	20	0
573	atm-1	1	20	0
573	atm-1	1	20	0
574	atm-1	1	20	0
574	atm-1	1	20	0
575	atm-1	1	20	0
575	atm-1	1	20	0
576	atm-1	1	20	0
576	atm-1	1	20	0
577	atm-1	1	20	0
577	atm-1	1	20	0
578	atm-1	1	20	0
578	atm-1	1	20	0
579	atm-1	1	20	0
579	atm-1	1	20	0
580	atm-1	1	22	0
580	atm-1	1	22	0
581	atm-1	1	22	0
581	atm-1	1	22	0
582	atm-1	1	22	0
582	atm-1	1	22	0
583	atm-1	1	22	0
583	atm-1	1	22	0
584	atm-1	1	22	0
584	atm-1	1	22	0
585	atm-1	1	22	0
585	atm-1	1	22	0
586	atm-1	1	22	0
586	atm-1	1	22	0
587	atm-1	1	22	0
587	atm-1	1	22	0
588	atm-1	1	22	0
588	atm-1	1	22	0
589	atm-1	1	22	0
589	atm-1	1	22	0
590	atm-1	1	22	0
590	atm-1	1	22	0
591	atm-1	1	22	0
591	atm-1	1	22	0
592	atm-1	1	22	0
592	atm-1	1	22	0
593	atm-1	1	22	0
593	atm-1	1	22	0
594	atm-1	1	22	0
594	atm-1	1	22	0
595	atm-1	1	24	0
595	atm-1	1	24	0
596	atm-1	1	24	0
596	atm-1	1	24	0
597	atm-1	1	24	0
597	atm-1	1	24	0
598	atm-1	1	27	0
598	atm-1	1	27	0
599	atm-1	1	27	0
599	atm-1	1	27	0
600	aak-1	1	7	3
600	aak-1	1	7	3
601	aak-1	1	7	3
601	aak-1	1	7	3
602	aak-1	1	9	3
602	aak-1	1	9	3
603	aak-1	1	9	3
603	aak-1	1	9	3
604	aak-1	1	9	3
604	aak-1	1	9	3
605	aak-1	1	11	3
605	aak-1	1	11	3
606	aak-1	1	11	3
606	aak-1	1	11	3
607	aak-1	1	11	3
607	aak-1	1	11	3
608	aak-1	1	11	3
608	aak-1	1	11	3
609	aak-1	1	11	3
609	aak-1	1	11	3
610	aak-1	1	11	3
610	aak-1	1	11	3
611	aak-1	1	11	3
611	aak-1	1	11	3
612	aak-1	1	11	3
612	aak-1	1	11	3
613	aak-1	1	11	3
613	aak-1	1	11	3
614	aak-1	1	11	3
614	aak-1	1	11	3
615	aak-1	1	11	3
615	aak-1	1	11	3
616	aak-1	1	11	3
616	aak-1	1	11	3
617	aak-1	1	13	3
617	aak-1	1	13	3
618	aak-1	1	13	3
618	aak-1	1	13	3
619	aak-1	1	13	3
619	aak-1	1	13	3
620	aak-1	1	13	3
620	aak-1	1	13	3
621	aak-1	1	13	3
621	aak-1	1	13	3
622	aak-1	1	13	3
622	aak-1	1	13	3
623	aak-1	1	9	2
623	aak-1	1	9	2
624	aak-1	1	11	2
624	aak-1	1	11	2
625	aak-1	1	11	2
625	aak-1	1	11	2
626	aak-1	1	13	2
626	aak-1	1	13	2
627	aak-1	1	13	2
627	aak-1	1	13	2
628	aak-1	1	13	2
628	aak-1	1	13	2
629	aak-1	1	13	2
629	aak-1	1	13	2
630	aak-1	1	13	2
630	aak-1	1	13	2
631	aak-1	1	13	2
631	aak-1	1	13	2
632	aak-1	1	13	2
632	aak-1	1	13	2
633	aak-1	1	13	2
633	aak-1	1	13	2
634	aak-1	1	13	2
634	aak-1	1	13	2
635	aak-1	1	13	2
635	aak-1	1	13	2
636	aak-1	1	13	2
636	aak-1	1	13	2
637	aak-1	1	13	2
637	aak-1	1	13	2
638	aak-1	1	13	2
638	aak-1	1	13	2
639	aak-1	1	13	2
639	aak-1	1	13	2
640	aak-1	1	13	2
640	aak-1	1	13	2
641	aak-1	1	13	2
641	aak-1	1	13	2
642	aak-1	1	13	2
642	aak-1	1	13	2
643	aak-1	1	14	2
643	aak-1	1	14	2
644	aak-1	1	14	2
644	aak-1	1	14	2
645	aak-1	1	14	2
645	aak-1	1	14	2
646	aak-1	1	14	2
646	aak-1	1	14	2
647	aak-1	1	14	2
647	aak-1	1	14	2
648	aak-1	1	14	2
648	aak-1	1	14	2
649	aak-1	1	14	2
649	aak-1	1	14	2
650	aak-1	1	11	1
650	aak-1	1	11	1
651	aak-1	1	11	1
651	aak-1	1	11	1
652	aak-1	1	9	0
652	aak-1	1	9	0
653	aak-1	1	11	0
653	aak-1	1	11	0
654	aak-1	1	11	0
654	aak-1	1	11	0
655	aak-1	1	11	0
655	aak-1	1	11	0
656	aak-1	1	11	0
656	aak-1	1	11	0
657	aak-1	1	11	0
657	aak-1	1	11	0
658	aak-1	1	11	0
658	aak-1	1	11	0
659	aak-1	1	11	0
659	aak-1	1	11	0
660	aak-1	1	11	0
660	aak-1	1	11	0
661	aak-1	1	11	0
661	aak-1	1	11	0
662	aak-1	1	11	0
662	aak-1	1	11	0
663	aak-1	1	11	0
663	aak-1	1	11	0
664	aak-1	1	11	0
664	aak-1	1	11	0
665	aak-1	1	11	0
665	aak-1	1	11	0
666	aak-1	1	11	0
666	aak-1	1	11	0
667	aak-1	1	11	0
667	aak-1	1	11	0
668	aak-1	1	11	0
668	aak-1	1	11	0
669	aak-1	1	11	0
669	aak-1	1	11	0
670	aak-1	1	11	0
670	aak-1	1	11	0
671	aak-1	1	13	0
671	aak-1	1	13	0
672	aak-1	1	13	0
672	aak-1	1	13	0
673	aak-1	1	13	0
673	aak-1	1	13	0
674	aak-1	1	13	0
674	aak-1	1	13	0
675	aak-1	1	13	0
675	aak-1	1	13	0
676	aak-1	1	13	0
676	aak-1	1	13	0
677	aak-1	1	13	0
677	aak-1	1	13	0
678	aak-1	1	13	0
678	aak-1	1	13	0
679	aak-1	1	13	0
679	aak-1	1	13	0
680	aak-1	1	13	0
680	aak-1	1	13	0
681	aak-1	1	13	0
681	aak-1	1	13	0
682	aak-1	1	13	0
682	aak-1	1	13	0
683	aak-1	1	13	0
683	aak-1	1	13	0
684	aak-1	1	13	0
684	aak-1	1	13	0
685	aak-1	1	13	0
685	aak-1	1	13	0
686	aak-1	1	13	0
686	aak-1	1	13	0
687	aak-1	1	13	0
687	aak-1	1	13	0
688	aak-1	1	13	0
688	aak-1	1	13	0
689	aak-1	1	13	0
689	aak-1	1	13	0
690	aak-1	1	13	0
690	aak-1	1	13	0
691	aak-1	1	13	0
691	aak-1	1	13	0
692	aak-1	1	13	0
692	aak-1	1	13	0
693	aak-1	1	13	0
693	aak-1	1	13	0
694	aak-1	1	13	0
694	aak-1	1	13	0
695	aak-1	1	13	0
695	aak-1	1	13	0
696	aak-1	1	13	0
696	aak-1	1	13	0
697	aak-1	1	13	0
697	aak-1	1	13	0
698	aak-1	1	13	0
698	aak-1	1	13	0
699	aak-1	1	14	0
699	aak-1	1	14	0
700	aak-1	1	14	0
700	aak-1	1	14	0
701	aak-1	1	14	0
701	aak-1	1	14	0
702	aak-1	1	14	0
702	aak-1	1	14	0
703	aak-1	1	14	0
703	aak-1	1	14	0
704	aak-1	1	14	0
704	aak-1	1	14	0
705	aak-1	1	14	0
705	aak-1	1	14	0
706	aak-1	1	14	0
706	aak-1	1	14	0
707	aak-1	1	14	0
707	aak-1	1	14	0
708	aak-1	1	14	0
708	aak-1	1	14	0
709	aak-1	1	14	0
709	aak-1	1	14	0
710	aak-1	1	14	0
710	aak-1	1	14	0
711	aak-1	1	15	0
711	aak-1	1	15	0
712	aak-1	1	15	0
712	aak-1	1	15	0
713	aak-1	1	15	0
713	aak-1	1	15	0
714	aak-1	1	15	0
714	aak-1	1	15	0
715	aak-1	1	15	0
715	aak-1	1	15	0
716	aak-1	1	15	0
716	aak-1	1	15	0
717	aak-1	1	15	0
717	aak-1	1	15	0
718	aak-1	1	15	0
718	aak-1	1	15	0
719	aak-1	1	15	0
719	aak-1	1	15	0
720	aak-1	1	15	0
720	aak-1	1	15	0
721	aak-1	1	15	0
721	aak-1	1	15	0
722	aak-1	1	16	0
722	aak-1	1	16	0
723	aak-1	1	16	0
723	aak-1	1	16	0
724	aak-1	1	16	0
724	aak-1	1	16	0
725	aak-1	1	16	0
725	aak-1	1	16	0
726	aak-1	1	17	0
726	aak-1	1	17	0
727	aak-1	1	17	0
727	aak-1	1	17	0
728	aak-1	1	17	0
728	aak-1	1	17	0
729	aak-1	1	17	0
729	aak-1	1	17	0
730	aak-1	1	17	0
730	aak-1	1	17	0
731	aak-1	1	17	0
731	aak-1	1	17	0
732	aak-1	1	17	0
732	aak-1	1	17	0
733	aak-1	1	17	0
733	aak-1	1	17	0
734	aak-1	1	19	0
734	aak-1	1	19	0
735	aak-1	1	19	0
735	aak-1	1	19	0
736	aak-1	1	19	0
736	aak-1	1	19	0
737	aak-1	1	19	0
737	aak-1	1	19	0
738	aak-1	1	19	0
738	aak-1	1	19	0
739	aak-1	1	19	0
739	aak-1	1	19	0
740	aak-1	1	20	0
740	aak-1	1	20	0
741	aak-1	1	20	0
741	aak-1	1	20	0
742	aak-1	1	20	0
742	aak-1	1	20	0
743	aak-1	1	22	0
743	aak-1	1	22	0
744	aak-1	1	22	0
744	aak-1	1	22	0
745	aak-1	1	22	0
745	aak-1	1	22	0
746	aak-1	1	24	0
746	aak-1	1	24	0
747	aak-1	1	24	0
747	aak-1	1	24	0
748	aak-1	1	24	0
748	aak-1	1	24	0
749	aak-1	1	24	0
749	aak-1	1	24	0
750	aak-1	1	24	0
750	aak-1	1	24	0
751	aak-1	1	27	0
751	aak-1	1	27	0
752	aak-2	1	7	3
752	aak-2	1	7	3
753	aak-2	1	11	3
753	aak-2	1	11	3
754	aak-2	1	11	3
754	aak-2	1	11	3
755	aak-2	1	11	3
755	aak-2	1	11	3
756	aak-2	1	11	3
756	aak-2	1	11	3
757	aak-2	1	11	3
757	aak-2	1	11	3
758	aak-2	1	13	3
758	aak-2	1	13	3
759	aak-2	1	14	3
759	aak-2	1	14	3
760	aak-2	1	14	3
760	aak-2	1	14	3
761	aak-2	1	11	2
761	aak-2	1	11	2
762	aak-2	1	11	2
762	aak-2	1	11	2
763	aak-2	1	11	2
763	aak-2	1	11	2
764	aak-2	1	13	2
764	aak-2	1	13	2
765	aak-2	1	14	2
765	aak-2	1	14	2
766	aak-2	1	11	1
766	aak-2	1	11	1
767	aak-2	1	11	1
767	aak-2	1	11	1
768	aak-2	1	7	0
768	aak-2	1	7	0
769	aak-2	1	9	0
769	aak-2	1	9	0
770	aak-2	1	9	0
770	aak-2	1	9	0
771	aak-2	1	11	0
771	aak-2	1	11	0
772	aak-2	1	11	0
772	aak-2	1	11	0
773	aak-2	1	11	0
773	aak-2	1	11	0
774	aak-2	1	11	0
774	aak-2	1	11	0
775	aak-2	1	11	0
775	aak-2	1	11	0
776	aak-2	1	11	0
776	aak-2	1	11	0
777	aak-2	1	11	0
777	aak-2	1	11	0
778	aak-2	1	11	0
778	aak-2	1	11	0
779	aak-2	1	11	0
779	aak-2	1	11	0
780	aak-2	1	13	0
780	aak-2	1	13	0
781	aak-2	1	13	0
781	aak-2	1	13	0
782	aak-2	1	13	0
782	aak-2	1	13	0
783	aak-2	1	13	0
783	aak-2	1	13	0
784	aak-2	1	13	0
784	aak-2	1	13	0
785	aak-2	1	13	0
785	aak-2	1	13	0
786	aak-2	1	13	0
786	aak-2	1	13	0
787	aak-2	1	13	0
787	aak-2	1	13	0
788	aak-2	1	13	0
788	aak-2	1	13	0
789	aak-2	1	13	0
789	aak-2	1	13	0
790	aak-2	1	13	0
790	aak-2	1	13	0
791	aak-2	1	13	0
791	aak-2	1	13	0
792	aak-2	1	13	0
792	aak-2	1	13	0
793	aak-2	1	13	0
793	aak-2	1	13	0
794	aak-2	1	13	0
794	aak-2	1	13	0
795	aak-2	1	13	0
795	aak-2	1	13	0
796	aak-2	1	13	0
796	aak-2	1	13	0
797	aak-2	1	13	0
797	aak-2	1	13	0
798	aak-2	1	13	0
798	aak-2	1	13	0
799	aak-2	1	13	0
799	aak-2	1	13	0
800	aak-2	1	13	0
800	aak-2	1	13	0
801	aak-2	1	13	0
801	aak-2	1	13	0
802	aak-2	1	13	0
802	aak-2	1	13	0
803	aak-2	1	13	0
803	aak-2	1	13	0
804	aak-2	1	13	0
804	aak-2	1	13	0
805	aak-2	1	13	0
805	aak-2	1	13	0
806	aak-2	1	13	0
806	aak-2	1	13	0
807	aak-2	1	13	0
807	aak-2	1	13	0
808	aak-2	1	13	0
808	aak-2	1	13	0
809	aak-2	1	13	0
809	aak-2	1	13	0
810	aak-2	1	13	0
810	aak-2	1	13	0
811	aak-2	1	14	0
811	aak-2	1	14	0
812	aak-2	1	14	0
812	aak-2	1	14	0
813	aak-2	1	14	0
813	aak-2	1	14	0
814	aak-2	1	14	0
814	aak-2	1	14	0
815	aak-2	1	14	0
815	aak-2	1	14	0
816	aak-2	1	14	0
816	aak-2	1	14	0
817	aak-2	1	14	0
817	aak-2	1	14	0
818	aak-2	1	14	0
818	aak-2	1	14	0
819	aak-2	1	14	0
819	aak-2	1	14	0
820	aak-2	1	14	0
820	aak-2	1	14	0
821	aak-2	1	14	0
821	aak-2	1	14	0
822	aak-2	1	14	0
822	aak-2	1	14	0
823	aak-2	1	14	0
823	aak-2	1	14	0
824	aak-2	1	14	0
824	aak-2	1	14	0
825	aak-2	1	14	0
825	aak-2	1	14	0
826	aak-2	1	14	0
826	aak-2	1	14	0
827	aak-2	1	14	0
827	aak-2	1	14	0
828	aak-2	1	14	0
828	aak-2	1	14	0
829	aak-2	1	14	0
829	aak-2	1	14	0
830	aak-2	1	14	0
830	aak-2	1	14	0
831	aak-2	1	14	0
831	aak-2	1	14	0
832	aak-2	1	14	0
832	aak-2	1	14	0
833	aak-2	1	14	0
833	aak-2	1	14	0
834	aak-2	1	14	0
834	aak-2	1	14	0
835	aak-2	1	14	0
835	aak-2	1	14	0
836	aak-2	1	14	0
836	aak-2	1	14	0
837	aak-2	1	14	0
837	aak-2	1	14	0
838	aak-2	1	14	0
838	aak-2	1	14	0
839	aak-2	1	14	0
839	aak-2	1	14	0
840	aak-2	1	14	0
840	aak-2	1	14	0
841	aak-2	1	14	0
841	aak-2	1	14	0
842	aak-2	1	14	0
842	aak-2	1	14	0
843	aak-2	1	14	0
843	aak-2	1	14	0
844	aak-2	1	14	0
844	aak-2	1	14	0
845	aak-2	1	14	0
845	aak-2	1	14	0
846	aak-2	1	15	0
846	aak-2	1	15	0
847	aak-2	1	15	0
847	aak-2	1	15	0
848	aak-2	1	15	0
848	aak-2	1	15	0
849	aak-2	1	15	0
849	aak-2	1	15	0
850	aak-2	1	15	0
850	aak-2	1	15	0
851	aak-2	1	15	0
851	aak-2	1	15	0
852	aak-2	1	15	0
852	aak-2	1	15	0
853	aak-2	1	15	0
853	aak-2	1	15	0
854	aak-2	1	15	0
854	aak-2	1	15	0
855	aak-2	1	15	0
855	aak-2	1	15	0
856	aak-2	1	15	0
856	aak-2	1	15	0
857	aak-2	1	15	0
857	aak-2	1	15	0
858	aak-2	1	15	0
858	aak-2	1	15	0
859	aak-2	1	15	0
859	aak-2	1	15	0
860	aak-2	1	16	0
860	aak-2	1	16	0
861	aak-2	1	16	0
861	aak-2	1	16	0
862	aak-2	1	16	0
862	aak-2	1	16	0
863	aak-2	1	16	0
863	aak-2	1	16	0
864	aak-2	1	16	0
864	aak-2	1	16	0
865	aak-2	1	16	0
865	aak-2	1	16	0
866	aak-2	1	16	0
866	aak-2	1	16	0
867	aak-2	1	16	0
867	aak-2	1	16	0
868	aak-2	1	17	0
868	aak-2	1	17	0
869	aak-2	1	17	0
869	aak-2	1	17	0
870	aak-2	1	17	0
870	aak-2	1	17	0
871	aak-2	1	17	0
871	aak-2	1	17	0
872	aak-2	1	17	0
872	aak-2	1	17	0
873	aak-2	1	17	0
873	aak-2	1	17	0
874	aak-2	1	19	0
874	aak-2	1	19	0
875	aak-2	1	19	0
875	aak-2	1	19	0
876	aak-2	1	19	0
876	aak-2	1	19	0
877	aak-2	1	20	0
877	aak-2	1	20	0
878	aak-2	1	20	0
878	aak-2	1	20	0
879	aak-2	1	22	0
879	aak-2	1	22	0
880	aak-2	1	22	0
880	aak-2	1	22	0
881	sir2.1	1	11	3
881	sir2.1	1	11	3
882	sir2.1	1	13	2
882	sir2.1	1	13	2
883	sir2.1	1	13	2
883	sir2.1	1	13	2
884	sir2.1	1	13	2
884	sir2.1	1	13	2
885	sir2.1	1	13	2
885	sir2.1	1	13	2
886	sir2.1	1	14	2
886	sir2.1	1	14	2
887	sir2.1	1	14	2
887	sir2.1	1	14	2
888	sir2.1	1	13	1
888	sir2.1	1	13	1
889	sir2.1	1	11	0
889	sir2.1	1	11	0
890	sir2.1	1	13	0
890	sir2.1	1	13	0
891	sir2.1	1	13	0
891	sir2.1	1	13	0
892	sir2.1	1	13	0
892	sir2.1	1	13	0
893	sir2.1	1	13	0
893	sir2.1	1	13	0
894	sir2.1	1	13	0
894	sir2.1	1	13	0
895	sir2.1	1	14	0
895	sir2.1	1	14	0
896	sir2.1	1	14	0
896	sir2.1	1	14	0
897	sir2.1	1	14	0
897	sir2.1	1	14	0
898	sir2.1	1	14	0
898	sir2.1	1	14	0
899	sir2.1	1	14	0
899	sir2.1	1	14	0
900	sir2.1	1	14	0
900	sir2.1	1	14	0
901	sir2.1	1	14	0
901	sir2.1	1	14	0
902	sir2.1	1	14	0
902	sir2.1	1	14	0
903	sir2.1	1	14	0
903	sir2.1	1	14	0
904	sir2.1	1	14	0
904	sir2.1	1	14	0
905	sir2.1	1	14	0
905	sir2.1	1	14	0
906	sir2.1	1	14	0
906	sir2.1	1	14	0
907	sir2.1	1	15	0
907	sir2.1	1	15	0
908	sir2.1	1	15	0
908	sir2.1	1	15	0
909	sir2.1	1	15	0
909	sir2.1	1	15	0
910	sir2.1	1	15	0
910	sir2.1	1	15	0
911	sir2.1	1	15	0
911	sir2.1	1	15	0
912	sir2.1	1	15	0
912	sir2.1	1	15	0
913	sir2.1	1	15	0
913	sir2.1	1	15	0
914	sir2.1	1	15	0
914	sir2.1	1	15	0
915	sir2.1	1	15	0
915	sir2.1	1	15	0
916	sir2.1	1	15	0
916	sir2.1	1	15	0
917	sir2.1	1	15	0
917	sir2.1	1	15	0
918	sir2.1	1	15	0
918	sir2.1	1	15	0
919	sir2.1	1	15	0
919	sir2.1	1	15	0
920	sir2.1	1	15	0
920	sir2.1	1	15	0
921	sir2.1	1	15	0
921	sir2.1	1	15	0
922	sir2.1	1	15	0
922	sir2.1	1	15	0
923	sir2.1	1	15	0
923	sir2.1	1	15	0
924	sir2.1	1	15	0
924	sir2.1	1	15	0
925	sir2.1	1	15	0
925	sir2.1	1	15	0
926	sir2.1	1	15	0
926	sir2.1	1	15	0
927	sir2.1	1	15	0
927	sir2.1	1	15	0
928	sir2.1	1	15	0
928	sir2.1	1	15	0
929	sir2.1	1	15	0
929	sir2.1	1	15	0
930	sir2.1	1	16	0
930	sir2.1	1	16	0
931	sir2.1	1	16	0
931	sir2.1	1	16	0
932	sir2.1	1	16	0
932	sir2.1	1	16	0
933	sir2.1	1	16	0
933	sir2.1	1	16	0
934	sir2.1	1	16	0
934	sir2.1	1	16	0
935	sir2.1	1	16	0
935	sir2.1	1	16	0
936	sir2.1	1	16	0
936	sir2.1	1	16	0
937	sir2.1	1	16	0
937	sir2.1	1	16	0
938	sir2.1	1	16	0
938	sir2.1	1	16	0
939	sir2.1	1	16	0
939	sir2.1	1	16	0
940	sir2.1	1	16	0
940	sir2.1	1	16	0
941	sir2.1	1	16	0
941	sir2.1	1	16	0
942	sir2.1	1	16	0
942	sir2.1	1	16	0
943	sir2.1	1	16	0
943	sir2.1	1	16	0
944	sir2.1	1	16	0
944	sir2.1	1	16	0
945	sir2.1	1	16	0
945	sir2.1	1	16	0
946	sir2.1	1	16	0
946	sir2.1	1	16	0
947	sir2.1	1	16	0
947	sir2.1	1	16	0
948	sir2.1	1	17	0
948	sir2.1	1	17	0
949	sir2.1	1	17	0
949	sir2.1	1	17	0
950	sir2.1	1	17	0
950	sir2.1	1	17	0
951	sir2.1	1	17	0
951	sir2.1	1	17	0
952	sir2.1	1	17	0
952	sir2.1	1	17	0
953	sir2.1	1	17	0
953	sir2.1	1	17	0
954	sir2.1	1	17	0
954	sir2.1	1	17	0
955	sir2.1	1	17	0
955	sir2.1	1	17	0
956	sir2.1	1	17	0
956	sir2.1	1	17	0
957	sir2.1	1	17	0
957	sir2.1	1	17	0
958	sir2.1	1	17	0
958	sir2.1	1	17	0
959	sir2.1	1	17	0
959	sir2.1	1	17	0
960	sir2.1	1	17	0
960	sir2.1	1	17	0
961	sir2.1	1	17	0
961	sir2.1	1	17	0
962	sir2.1	1	17	0
962	sir2.1	1	17	0
963	sir2.1	1	17	0
963	sir2.1	1	17	0
964	sir2.1	1	17	0
964	sir2.1	1	17	0
965	sir2.1	1	17	0
965	sir2.1	1	17	0
966	sir2.1	1	17	0
966	sir2.1	1	17	0
967	sir2.1	1	17	0
967	sir2.1	1	17	0
968	sir2.1	1	17	0
968	sir2.1	1	17	0
969	sir2.1	1	17	0
969	sir2.1	1	17	0
970	sir2.1	1	17	0
970	sir2.1	1	17	0
971	sir2.1	1	19	0
971	sir2.1	1	19	0
972	sir2.1	1	19	0
972	sir2.1	1	19	0
973	sir2.1	1	19	0
973	sir2.1	1	19	0
974	sir2.1	1	19	0
974	sir2.1	1	19	0
975	sir2.1	1	19	0
975	sir2.1	1	19	0
976	sir2.1	1	19	0
976	sir2.1	1	19	0
977	sir2.1	1	19	0
977	sir2.1	1	19	0
978	sir2.1	1	19	0
978	sir2.1	1	19	0
979	sir2.1	1	19	0
979	sir2.1	1	19	0
980	sir2.1	1	19	0
980	sir2.1	1	19	0
981	sir2.1	1	19	0
981	sir2.1	1	19	0
982	sir2.1	1	19	0
982	sir2.1	1	19	0
983	sir2.1	1	19	0
983	sir2.1	1	19	0
984	sir2.1	1	19	0
984	sir2.1	1	19	0
985	sir2.1	1	19	0
985	sir2.1	1	19	0
986	sir2.1	1	19	0
986	sir2.1	1	19	0
987	sir2.1	1	19	0
987	sir2.1	1	19	0
988	sir2.1	1	19	0
988	sir2.1	1	19	0
989	sir2.1	1	19	0
989	sir2.1	1	19	0
990	sir2.1	1	19	0
990	sir2.1	1	19	0
991	sir2.1	1	19	0
991	sir2.1	1	19	0
992	sir2.1	1	19	0
992	sir2.1	1	19	0
993	sir2.1	1	19	0
993	sir2.1	1	19	0
994	sir2.1	1	20	0
994	sir2.1	1	20	0
995	sir2.1	1	20	0
995	sir2.1	1	20	0
996	sir2.1	1	20	0
996	sir2.1	1	20	0
997	sir2.1	1	20	0
997	sir2.1	1	20	0
998	sir2.1	1	20	0
998	sir2.1	1	20	0
999	sir2.1	1	20	0
999	sir2.1	1	20	0
1000	sir2.1	1	20	0
1000	sir2.1	1	20	0
1001	sir2.1	1	20	0
1001	sir2.1	1	20	0
1002	sir2.1	1	20	0
1002	sir2.1	1	20	0
1003	sir2.1	1	20	0
1003	sir2.1	1	20	0
1004	sir2.1	1	22	0
1004	sir2.1	1	22	0
1005	sir2.1	1	22	0
1005	sir2.1	1	22	0
1006	sir2.1	1	22	0
1006	sir2.1	1	22	0
1007	sir2.1	1	22	0
1007	sir2.1	1	22	0
1008	sir2.1	1	22	0
1008	sir2.1	1	22	0
1009	sir2.1	1	22	0
1009	sir2.1	1	22	0
1010	sir2.1	1	22	0
1010	sir2.1	1	22	0
1011	sir2.1	1	22	0
1011	sir2.1	1	22	0
1012	sir2.1	1	22	0
1012	sir2.1	1	22	0
1013	sir2.1	1	22	0
1013	sir2.1	1	22	0
1014	sir2.1	1	22	0
1014	sir2.1	1	22	0
1015	sir2.1	1	22	0
1015	sir2.1	1	22	0
1016	sir2.1	1	22	0
1016	sir2.1	1	22	0
1017	sir2.1	1	24	0
1017	sir2.1	1	24	0
1018	sir2.1	1	24	0
1018	sir2.1	1	24	0
1019	sir2.1	1	24	0
1019	sir2.1	1	24	0
1020	sir2.1	1	24	0
1020	sir2.1	1	24	0
1021	sir2.1	1	24	0
1021	sir2.1	1	24	0
1022	sir2.1	1	24	0
1022	sir2.1	1	24	0
1023	sir2.1	1	24	0
1023	sir2.1	1	24	0
1024	sir2.1	1	27	0
1024	sir2.1	1	27	0
1025	sir2.1	1	27	0
1025	sir2.1	1	27	0
1026	sir2.1	1	29	0
1026	sir2.1	1	29	0
1027	sir2.1	1	29	0
1027	sir2.1	1	29	0
1028	sir2.1	1	29	0
1028	sir2.1	1	29	0
1029	sir2.1	1	31	0
1029	sir2.1	1	31	0
1030	sir2.1	1	33	0
1030	sir2.1	1	33	0
1031	sir2.1	1	33	0
1031	sir2.1	1	33	0
1032	sir2.1	1	35	0
1032	sir2.1	1	35	0
1033	hif-1(ia07)	1	11	3
1033	hif-1(ia07)	1	11	3
1034	hif-1(ia07)	1	13	3
1034	hif-1(ia07)	1	13	3
1035	hif-1(ia07)	1	14	3
1035	hif-1(ia07)	1	14	3
1036	hif-1(ia07)	1	14	3
1036	hif-1(ia07)	1	14	3
1037	hif-1(ia07)	1	13	2
1037	hif-1(ia07)	1	13	2
1038	hif-1(ia07)	1	14	2
1038	hif-1(ia07)	1	14	2
1039	hif-1(ia07)	1	15	2
1039	hif-1(ia07)	1	15	2
1040	hif-1(ia07)	1	11	0
1040	hif-1(ia07)	1	11	0
1041	hif-1(ia07)	1	11	0
1041	hif-1(ia07)	1	11	0
1042	hif-1(ia07)	1	11	0
1042	hif-1(ia07)	1	11	0
1043	hif-1(ia07)	1	11	0
1043	hif-1(ia07)	1	11	0
1044	hif-1(ia07)	1	11	0
1044	hif-1(ia07)	1	11	0
1045	hif-1(ia07)	1	11	0
1045	hif-1(ia07)	1	11	0
1046	hif-1(ia07)	1	13	0
1046	hif-1(ia07)	1	13	0
1047	hif-1(ia07)	1	13	0
1047	hif-1(ia07)	1	13	0
1048	hif-1(ia07)	1	13	0
1048	hif-1(ia07)	1	13	0
1049	hif-1(ia07)	1	13	0
1049	hif-1(ia07)	1	13	0
1050	hif-1(ia07)	1	13	0
1050	hif-1(ia07)	1	13	0
1051	hif-1(ia07)	1	13	0
1051	hif-1(ia07)	1	13	0
1052	hif-1(ia07)	1	13	0
1052	hif-1(ia07)	1	13	0
1053	hif-1(ia07)	1	13	0
1053	hif-1(ia07)	1	13	0
1054	hif-1(ia07)	1	14	0
1054	hif-1(ia07)	1	14	0
1055	hif-1(ia07)	1	14	0
1055	hif-1(ia07)	1	14	0
1056	hif-1(ia07)	1	14	0
1056	hif-1(ia07)	1	14	0
1057	hif-1(ia07)	1	14	0
1057	hif-1(ia07)	1	14	0
1058	hif-1(ia07)	1	14	0
1058	hif-1(ia07)	1	14	0
1059	hif-1(ia07)	1	14	0
1059	hif-1(ia07)	1	14	0
1060	hif-1(ia07)	1	14	0
1060	hif-1(ia07)	1	14	0
1061	hif-1(ia07)	1	14	0
1061	hif-1(ia07)	1	14	0
1062	hif-1(ia07)	1	15	0
1062	hif-1(ia07)	1	15	0
1063	hif-1(ia07)	1	15	0
1063	hif-1(ia07)	1	15	0
1064	hif-1(ia07)	1	15	0
1064	hif-1(ia07)	1	15	0
1065	hif-1(ia07)	1	15	0
1065	hif-1(ia07)	1	15	0
1066	hif-1(ia07)	1	15	0
1066	hif-1(ia07)	1	15	0
1067	hif-1(ia07)	1	15	0
1067	hif-1(ia07)	1	15	0
1068	hif-1(ia07)	1	15	0
1068	hif-1(ia07)	1	15	0
1069	hif-1(ia07)	1	15	0
1069	hif-1(ia07)	1	15	0
1070	hif-1(ia07)	1	15	0
1070	hif-1(ia07)	1	15	0
1071	hif-1(ia07)	1	15	0
1071	hif-1(ia07)	1	15	0
1072	hif-1(ia07)	1	15	0
1072	hif-1(ia07)	1	15	0
1073	hif-1(ia07)	1	15	0
1073	hif-1(ia07)	1	15	0
1074	hif-1(ia07)	1	15	0
1074	hif-1(ia07)	1	15	0
1075	hif-1(ia07)	1	15	0
1075	hif-1(ia07)	1	15	0
1076	hif-1(ia07)	1	15	0
1076	hif-1(ia07)	1	15	0
1077	hif-1(ia07)	1	15	0
1077	hif-1(ia07)	1	15	0
1078	hif-1(ia07)	1	15	0
1078	hif-1(ia07)	1	15	0
1079	hif-1(ia07)	1	15	0
1079	hif-1(ia07)	1	15	0
1080	hif-1(ia07)	1	15	0
1080	hif-1(ia07)	1	15	0
1081	hif-1(ia07)	1	15	0
1081	hif-1(ia07)	1	15	0
1082	hif-1(ia07)	1	16	0
1082	hif-1(ia07)	1	16	0
1083	hif-1(ia07)	1	16	0
1083	hif-1(ia07)	1	16	0
1084	hif-1(ia07)	1	16	0
1084	hif-1(ia07)	1	16	0
1085	hif-1(ia07)	1	16	0
1085	hif-1(ia07)	1	16	0
1086	hif-1(ia07)	1	16	0
1086	hif-1(ia07)	1	16	0
1087	hif-1(ia07)	1	16	0
1087	hif-1(ia07)	1	16	0
1088	hif-1(ia07)	1	16	0
1088	hif-1(ia07)	1	16	0
1089	hif-1(ia07)	1	16	0
1089	hif-1(ia07)	1	16	0
1090	hif-1(ia07)	1	16	0
1090	hif-1(ia07)	1	16	0
1091	hif-1(ia07)	1	16	0
1091	hif-1(ia07)	1	16	0
1092	hif-1(ia07)	1	16	0
1092	hif-1(ia07)	1	16	0
1093	hif-1(ia07)	1	16	0
1093	hif-1(ia07)	1	16	0
1094	hif-1(ia07)	1	16	0
1094	hif-1(ia07)	1	16	0
1095	hif-1(ia07)	1	17	0
1095	hif-1(ia07)	1	17	0
1096	hif-1(ia07)	1	17	0
1096	hif-1(ia07)	1	17	0
1097	hif-1(ia07)	1	17	0
1097	hif-1(ia07)	1	17	0
1098	hif-1(ia07)	1	17	0
1098	hif-1(ia07)	1	17	0
1099	hif-1(ia07)	1	17	0
1099	hif-1(ia07)	1	17	0
1100	hif-1(ia07)	1	17	0
1100	hif-1(ia07)	1	17	0
1101	hif-1(ia07)	1	17	0
1101	hif-1(ia07)	1	17	0
1102	hif-1(ia07)	1	17	0
1102	hif-1(ia07)	1	17	0
1103	hif-1(ia07)	1	17	0
1103	hif-1(ia07)	1	17	0
1104	hif-1(ia07)	1	17	0
1104	hif-1(ia07)	1	17	0
1105	hif-1(ia07)	1	17	0
1105	hif-1(ia07)	1	17	0
1106	hif-1(ia07)	1	17	0
1106	hif-1(ia07)	1	17	0
1107	hif-1(ia07)	1	17	0
1107	hif-1(ia07)	1	17	0
1108	hif-1(ia07)	1	17	0
1108	hif-1(ia07)	1	17	0
1109	hif-1(ia07)	1	17	0
1109	hif-1(ia07)	1	17	0
1110	hif-1(ia07)	1	17	0
1110	hif-1(ia07)	1	17	0
1111	hif-1(ia07)	1	17	0
1111	hif-1(ia07)	1	17	0
1112	hif-1(ia07)	1	17	0
1112	hif-1(ia07)	1	17	0
1113	hif-1(ia07)	1	17	0
1113	hif-1(ia07)	1	17	0
1114	hif-1(ia07)	1	19	0
1114	hif-1(ia07)	1	19	0
1115	hif-1(ia07)	1	19	0
1115	hif-1(ia07)	1	19	0
1116	hif-1(ia07)	1	19	0
1116	hif-1(ia07)	1	19	0
1117	hif-1(ia07)	1	19	0
1117	hif-1(ia07)	1	19	0
1118	hif-1(ia07)	1	19	0
1118	hif-1(ia07)	1	19	0
1119	hif-1(ia07)	1	19	0
1119	hif-1(ia07)	1	19	0
1120	hif-1(ia07)	1	19	0
1120	hif-1(ia07)	1	19	0
1121	hif-1(ia07)	1	19	0
1121	hif-1(ia07)	1	19	0
1122	hif-1(ia07)	1	19	0
1122	hif-1(ia07)	1	19	0
1123	hif-1(ia07)	1	19	0
1123	hif-1(ia07)	1	19	0
1124	hif-1(ia07)	1	19	0
1124	hif-1(ia07)	1	19	0
1125	hif-1(ia07)	1	19	0
1125	hif-1(ia07)	1	19	0
1126	hif-1(ia07)	1	19	0
1126	hif-1(ia07)	1	19	0
1127	hif-1(ia07)	1	19	0
1127	hif-1(ia07)	1	19	0
1128	hif-1(ia07)	1	19	0
1128	hif-1(ia07)	1	19	0
1129	hif-1(ia07)	1	19	0
1129	hif-1(ia07)	1	19	0
1130	hif-1(ia07)	1	19	0
1130	hif-1(ia07)	1	19	0
1131	hif-1(ia07)	1	19	0
1131	hif-1(ia07)	1	19	0
1132	hif-1(ia07)	1	19	0
1132	hif-1(ia07)	1	19	0
1133	hif-1(ia07)	1	19	0
1133	hif-1(ia07)	1	19	0
1134	hif-1(ia07)	1	19	0
1134	hif-1(ia07)	1	19	0
1135	hif-1(ia07)	1	19	0
1135	hif-1(ia07)	1	19	0
1136	hif-1(ia07)	1	19	0
1136	hif-1(ia07)	1	19	0
1137	hif-1(ia07)	1	19	0
1137	hif-1(ia07)	1	19	0
1138	hif-1(ia07)	1	19	0
1138	hif-1(ia07)	1	19	0
1139	hif-1(ia07)	1	19	0
1139	hif-1(ia07)	1	19	0
1140	hif-1(ia07)	1	19	0
1140	hif-1(ia07)	1	19	0
1141	hif-1(ia07)	1	19	0
1141	hif-1(ia07)	1	19	0
1142	hif-1(ia07)	1	19	0
1142	hif-1(ia07)	1	19	0
1143	hif-1(ia07)	1	19	0
1143	hif-1(ia07)	1	19	0
1144	hif-1(ia07)	1	19	0
1144	hif-1(ia07)	1	19	0
1145	hif-1(ia07)	1	19	0
1145	hif-1(ia07)	1	19	0
1146	hif-1(ia07)	1	19	0
1146	hif-1(ia07)	1	19	0
1147	hif-1(ia07)	1	19	0
1147	hif-1(ia07)	1	19	0
1148	hif-1(ia07)	1	19	0
1148	hif-1(ia07)	1	19	0
1149	hif-1(ia07)	1	20	0
1149	hif-1(ia07)	1	20	0
1150	hif-1(ia07)	1	20	0
1150	hif-1(ia07)	1	20	0
1151	hif-1(ia07)	1	20	0
1151	hif-1(ia07)	1	20	0
1152	hif-1(ia07)	1	20	0
1152	hif-1(ia07)	1	20	0
1153	hif-1(ia07)	1	20	0
1153	hif-1(ia07)	1	20	0
1154	hif-1(ia07)	1	20	0
1154	hif-1(ia07)	1	20	0
1155	hif-1(ia07)	1	20	0
1155	hif-1(ia07)	1	20	0
1156	hif-1(ia07)	1	20	0
1156	hif-1(ia07)	1	20	0
1157	hif-1(ia07)	1	20	0
1157	hif-1(ia07)	1	20	0
1158	hif-1(ia07)	1	20	0
1158	hif-1(ia07)	1	20	0
1159	hif-1(ia07)	1	20	0
1159	hif-1(ia07)	1	20	0
1160	hif-1(ia07)	1	20	0
1160	hif-1(ia07)	1	20	0
1161	hif-1(ia07)	1	20	0
1161	hif-1(ia07)	1	20	0
1162	hif-1(ia07)	1	22	0
1162	hif-1(ia07)	1	22	0
1163	hif-1(ia07)	1	22	0
1163	hif-1(ia07)	1	22	0
1164	hif-1(ia07)	1	22	0
1164	hif-1(ia07)	1	22	0
1165	hif-1(ia07)	1	22	0
1165	hif-1(ia07)	1	22	0
1166	hif-1(ia07)	1	22	0
1166	hif-1(ia07)	1	22	0
1167	hif-1(ia07)	1	22	0
1167	hif-1(ia07)	1	22	0
1168	hif-1(ia07)	1	22	0
1168	hif-1(ia07)	1	22	0
1169	hif-1(ia07)	1	22	0
1169	hif-1(ia07)	1	22	0
1170	hif-1(ia07)	1	22	0
1170	hif-1(ia07)	1	22	0
1171	hif-1(ia07)	1	22	0
1171	hif-1(ia07)	1	22	0
1172	hif-1(ia07)	1	22	0
1172	hif-1(ia07)	1	22	0
1173	hif-1(ia07)	1	22	0
1173	hif-1(ia07)	1	22	0
1174	hif-1(ia07)	1	22	0
1174	hif-1(ia07)	1	22	0
1175	hif-1(ia07)	1	22	0
1175	hif-1(ia07)	1	22	0
1176	hif-1(ia07)	1	22	0
1176	hif-1(ia07)	1	22	0
1177	hif-1(ia07)	1	22	0
1177	hif-1(ia07)	1	22	0
1178	hif-1(ia07)	1	22	0
1178	hif-1(ia07)	1	22	0
1179	hif-1(ia07)	1	22	0
1179	hif-1(ia07)	1	22	0
1180	hif-1(ia07)	1	22	0
1180	hif-1(ia07)	1	22	0
1181	hif-1(ia07)	1	22	0
1181	hif-1(ia07)	1	22	0
1182	hif-1(ia07)	1	22	0
1182	hif-1(ia07)	1	22	0
1183	hif-1(ia07)	1	22	0
1183	hif-1(ia07)	1	22	0
1184	hif-1(ia07)	1	22	0
1184	hif-1(ia07)	1	22	0
1185	hif-1(ia07)	1	22	0
1185	hif-1(ia07)	1	22	0
1186	hif-1(ia07)	1	22	0
1186	hif-1(ia07)	1	22	0
1187	hif-1(ia07)	1	22	0
1187	hif-1(ia07)	1	22	0
1188	hif-1(ia07)	1	22	0
1188	hif-1(ia07)	1	22	0
1189	hif-1(ia07)	1	22	0
1189	hif-1(ia07)	1	22	0
1190	hif-1(ia07)	1	22	0
1190	hif-1(ia07)	1	22	0
1191	hif-1(ia07)	1	22	0
1191	hif-1(ia07)	1	22	0
1192	hif-1(ia07)	1	22	0
1192	hif-1(ia07)	1	22	0
1193	hif-1(ia07)	1	22	0
1193	hif-1(ia07)	1	22	0
1194	hif-1(ia07)	1	24	0
1194	hif-1(ia07)	1	24	0
1195	hif-1(ia07)	1	24	0
1195	hif-1(ia07)	1	24	0
1196	hif-1(ia07)	1	24	0
1196	hif-1(ia07)	1	24	0
1197	hif-1(ia07)	1	24	0
1197	hif-1(ia07)	1	24	0
1198	hif-1(ia07)	1	27	0
1198	hif-1(ia07)	1	27	0
1199	hif-1(ia07)	1	29	0
1199	hif-1(ia07)	1	29	0
1200	eu-1	1	7	3
1200	eu-1	1	7	3
1201	eu-1	1	7	3
1201	eu-1	1	7	3
1202	eu-1	1	7	3
1202	eu-1	1	7	3
1203	eu-1	1	9	3
1203	eu-1	1	9	3
1204	eu-1	1	11	3
1204	eu-1	1	11	3
1205	eu-1	1	11	3
1205	eu-1	1	11	3
1206	eu-1	1	11	3
1206	eu-1	1	11	3
1207	eu-1	1	11	3
1207	eu-1	1	11	3
1208	eu-1	1	11	3
1208	eu-1	1	11	3
1209	eu-1	1	13	3
1209	eu-1	1	13	3
1210	eu-1	1	13	3
1210	eu-1	1	13	3
1211	eu-1	1	13	3
1211	eu-1	1	13	3
1212	eu-1	1	13	3
1212	eu-1	1	13	3
1213	eu-1	1	13	3
1213	eu-1	1	13	3
1214	eu-1	1	15	3
1214	eu-1	1	15	3
1215	eu-1	1	7	2
1215	eu-1	1	7	2
1216	eu-1	1	9	2
1216	eu-1	1	9	2
1217	eu-1	1	9	2
1217	eu-1	1	9	2
1218	eu-1	1	9	2
1218	eu-1	1	9	2
1219	eu-1	1	11	2
1219	eu-1	1	11	2
1220	eu-1	1	13	2
1220	eu-1	1	13	2
1221	eu-1	1	13	2
1221	eu-1	1	13	2
1222	eu-1	1	13	2
1222	eu-1	1	13	2
1223	eu-1	1	13	2
1223	eu-1	1	13	2
1224	eu-1	1	13	2
1224	eu-1	1	13	2
1225	eu-1	1	13	2
1225	eu-1	1	13	2
1226	eu-1	1	13	2
1226	eu-1	1	13	2
1227	eu-1	1	14	2
1227	eu-1	1	14	2
1228	eu-1	1	15	2
1228	eu-1	1	15	2
1229	eu-1	1	11	1
1229	eu-1	1	11	1
1230	eu-1	1	9	0
1230	eu-1	1	9	0
1231	eu-1	1	11	0
1231	eu-1	1	11	0
1232	eu-1	1	11	0
1232	eu-1	1	11	0
1233	eu-1	1	11	0
1233	eu-1	1	11	0
1234	eu-1	1	11	0
1234	eu-1	1	11	0
1235	eu-1	1	11	0
1235	eu-1	1	11	0
1236	eu-1	1	11	0
1236	eu-1	1	11	0
1237	eu-1	1	11	0
1237	eu-1	1	11	0
1238	eu-1	1	11	0
1238	eu-1	1	11	0
1239	eu-1	1	11	0
1239	eu-1	1	11	0
1240	eu-1	1	13	0
1240	eu-1	1	13	0
1241	eu-1	1	13	0
1241	eu-1	1	13	0
1242	eu-1	1	13	0
1242	eu-1	1	13	0
1243	eu-1	1	13	0
1243	eu-1	1	13	0
1244	eu-1	1	13	0
1244	eu-1	1	13	0
1245	eu-1	1	13	0
1245	eu-1	1	13	0
1246	eu-1	1	13	0
1246	eu-1	1	13	0
1247	eu-1	1	13	0
1247	eu-1	1	13	0
1248	eu-1	1	13	0
1248	eu-1	1	13	0
1249	eu-1	1	13	0
1249	eu-1	1	13	0
1250	eu-1	1	13	0
1250	eu-1	1	13	0
1251	eu-1	1	13	0
1251	eu-1	1	13	0
1252	eu-1	1	13	0
1252	eu-1	1	13	0
1253	eu-1	1	13	0
1253	eu-1	1	13	0
1254	eu-1	1	14	0
1254	eu-1	1	14	0
1255	eu-1	1	14	0
1255	eu-1	1	14	0
1256	eu-1	1	14	0
1256	eu-1	1	14	0
1257	eu-1	1	14	0
1257	eu-1	1	14	0
1258	eu-1	1	14	0
1258	eu-1	1	14	0
1259	eu-1	1	14	0
1259	eu-1	1	14	0
1260	eu-1	1	14	0
1260	eu-1	1	14	0
1261	eu-1	1	14	0
1261	eu-1	1	14	0
1262	eu-1	1	14	0
1262	eu-1	1	14	0
1263	eu-1	1	14	0
1263	eu-1	1	14	0
1264	eu-1	1	14	0
1264	eu-1	1	14	0
1265	eu-1	1	14	0
1265	eu-1	1	14	0
1266	eu-1	1	14	0
1266	eu-1	1	14	0
1267	eu-1	1	14	0
1267	eu-1	1	14	0
1268	eu-1	1	14	0
1268	eu-1	1	14	0
1269	eu-1	1	14	0
1269	eu-1	1	14	0
1270	eu-1	1	14	0
1270	eu-1	1	14	0
1271	eu-1	1	14	0
1271	eu-1	1	14	0
1272	eu-1	1	14	0
1272	eu-1	1	14	0
1273	eu-1	1	14	0
1273	eu-1	1	14	0
1274	eu-1	1	14	0
1274	eu-1	1	14	0
1275	eu-1	1	14	0
1275	eu-1	1	14	0
1276	eu-1	1	14	0
1276	eu-1	1	14	0
1277	eu-1	1	14	0
1277	eu-1	1	14	0
1278	eu-1	1	14	0
1278	eu-1	1	14	0
1279	eu-1	1	14	0
1279	eu-1	1	14	0
1280	eu-1	1	14	0
1280	eu-1	1	14	0
1281	eu-1	1	14	0
1281	eu-1	1	14	0
1282	eu-1	1	15	0
1282	eu-1	1	15	0
1283	eu-1	1	15	0
1283	eu-1	1	15	0
1284	eu-1	1	15	0
1284	eu-1	1	15	0
1285	eu-1	1	15	0
1285	eu-1	1	15	0
1286	eu-1	1	15	0
1286	eu-1	1	15	0
1287	eu-1	1	15	0
1287	eu-1	1	15	0
1288	eu-1	1	15	0
1288	eu-1	1	15	0
1289	eu-1	1	15	0
1289	eu-1	1	15	0
1290	eu-1	1	15	0
1290	eu-1	1	15	0
1291	eu-1	1	15	0
1291	eu-1	1	15	0
1292	eu-1	1	15	0
1292	eu-1	1	15	0
1293	eu-1	1	15	0
1293	eu-1	1	15	0
1294	eu-1	1	15	0
1294	eu-1	1	15	0
1295	eu-1	1	15	0
1295	eu-1	1	15	0
1296	eu-1	1	15	0
1296	eu-1	1	15	0
1297	eu-1	1	15	0
1297	eu-1	1	15	0
1298	eu-1	1	15	0
1298	eu-1	1	15	0
1299	eu-1	1	15	0
1299	eu-1	1	15	0
1300	eu-1	1	16	0
1300	eu-1	1	16	0
1301	eu-1	1	16	0
1301	eu-1	1	16	0
1302	eu-1	1	16	0
1302	eu-1	1	16	0
1303	eu-1	1	16	0
1303	eu-1	1	16	0
1304	eu-1	1	16	0
1304	eu-1	1	16	0
1305	eu-1	1	16	0
1305	eu-1	1	16	0
1306	eu-1	1	16	0
1306	eu-1	1	16	0
1307	eu-1	1	16	0
1307	eu-1	1	16	0
1308	eu-1	1	16	0
1308	eu-1	1	16	0
1309	eu-1	1	16	0
1309	eu-1	1	16	0
1310	eu-1	1	16	0
1310	eu-1	1	16	0
1311	eu-1	1	16	0
1311	eu-1	1	16	0
1312	eu-1	1	16	0
1312	eu-1	1	16	0
1313	eu-1	1	16	0
1313	eu-1	1	16	0
1314	eu-1	1	16	0
1314	eu-1	1	16	0
1315	eu-1	1	16	0
1315	eu-1	1	16	0
1316	eu-1	1	16	0
1316	eu-1	1	16	0
1317	eu-1	1	16	0
1317	eu-1	1	16	0
1318	eu-1	1	16	0
1318	eu-1	1	16	0
1319	eu-1	1	16	0
1319	eu-1	1	16	0
1320	eu-1	1	16	0
1320	eu-1	1	16	0
1321	eu-1	1	16	0
1321	eu-1	1	16	0
1322	eu-1	1	16	0
1322	eu-1	1	16	0
1323	eu-1	1	16	0
1323	eu-1	1	16	0
1324	eu-1	1	16	0
1324	eu-1	1	16	0
1325	eu-1	1	16	0
1325	eu-1	1	16	0
1326	eu-1	1	16	0
1326	eu-1	1	16	0
1327	eu-1	1	16	0
1327	eu-1	1	16	0
1328	eu-1	1	17	0
1328	eu-1	1	17	0
1329	eu-1	1	17	0
1329	eu-1	1	17	0
1330	eu-1	1	17	0
1330	eu-1	1	17	0
1331	eu-1	1	17	0
1331	eu-1	1	17	0
1332	eu-1	1	17	0
1332	eu-1	1	17	0
1333	eu-1	1	17	0
1333	eu-1	1	17	0
1334	eu-1	1	17	0
1334	eu-1	1	17	0
1335	eu-1	1	17	0
1335	eu-1	1	17	0
1336	eu-1	1	17	0
1336	eu-1	1	17	0
1337	eu-1	1	17	0
1337	eu-1	1	17	0
1338	eu-1	1	17	0
1338	eu-1	1	17	0
1339	eu-1	1	17	0
1339	eu-1	1	17	0
1340	eu-1	1	17	0
1340	eu-1	1	17	0
1341	eu-1	1	17	0
1341	eu-1	1	17	0
1342	eu-1	1	17	0
1342	eu-1	1	17	0
1343	eu-1	1	17	0
1343	eu-1	1	17	0
1344	eu-1	1	17	0
1344	eu-1	1	17	0
1345	eu-1	1	17	0
1345	eu-1	1	17	0
1346	eu-1	1	17	0
1346	eu-1	1	17	0
1347	eu-1	1	17	0
1347	eu-1	1	17	0
1348	eu-1	1	17	0
1348	eu-1	1	17	0
1349	eu-1	1	17	0
1349	eu-1	1	17	0
1350	eu-1	1	17	0
1350	eu-1	1	17	0
1351	eu-1	1	17	0
1351	eu-1	1	17	0
1352	eu-1	1	17	0
1352	eu-1	1	17	0
1353	eu-1	1	17	0
1353	eu-1	1	17	0
1354	eu-1	1	17	0
1354	eu-1	1	17	0
1355	eu-1	1	19	0
1355	eu-1	1	19	0
1356	eu-1	1	19	0
1356	eu-1	1	19	0
1357	eu-1	1	19	0
1357	eu-1	1	19	0
1358	eu-1	1	19	0
1358	eu-1	1	19	0
1359	eu-1	1	19	0
1359	eu-1	1	19	0
1360	eu-1	1	19	0
1360	eu-1	1	19	0
1361	eu-1	1	19	0
1361	eu-1	1	19	0
1362	eu-1	1	19	0
1362	eu-1	1	19	0
1363	eu-1	1	19	0
1363	eu-1	1	19	0
1364	eu-1	1	19	0
1364	eu-1	1	19	0
1365	eu-1	1	19	0
1365	eu-1	1	19	0
1366	eu-1	1	19	0
1366	eu-1	1	19	0
1367	eu-1	1	19	0
1367	eu-1	1	19	0
1368	eu-1	1	19	0
1368	eu-1	1	19	0
1369	eu-1	1	19	0
1369	eu-1	1	19	0
1370	eu-1	1	19	0
1370	eu-1	1	19	0
1371	eu-1	1	19	0
1371	eu-1	1	19	0
1372	eu-1	1	20	0
1372	eu-1	1	20	0
1373	eu-1	1	20	0
1373	eu-1	1	20	0
1374	eu-1	1	20	0
1374	eu-1	1	20	0
1375	eu-1	1	20	0
1375	eu-1	1	20	0
1376	eu-1	1	20	0
1376	eu-1	1	20	0
1377	eu-1	1	20	0
1377	eu-1	1	20	0
1378	eu-1	1	20	0
1378	eu-1	1	20	0
1379	eu-1	1	20	0
1379	eu-1	1	20	0
1380	eu-1	1	20	0
1380	eu-1	1	20	0
1381	eu-1	1	22	0
1381	eu-1	1	22	0
1382	eu-1	1	22	0
1382	eu-1	1	22	0
1383	eu-1	1	22	0
1383	eu-1	1	22	0
1384	eu-1	1	22	0
1384	eu-1	1	22	0
1385	rol-6	1	11	3
1385	rol-6	1	11	3
1386	rol-6	1	11	3
1386	rol-6	1	11	3
1387	rol-6	1	11	2
1387	rol-6	1	11	2
1388	rol-6	1	13	2
1388	rol-6	1	13	2
1389	rol-6	1	11	1
1389	rol-6	1	11	1
1390	rol-6	1	7	0
1390	rol-6	1	7	0
1391	rol-6	1	9	0
1391	rol-6	1	9	0
1392	rol-6	1	11	0
1392	rol-6	1	11	0
1393	rol-6	1	11	0
1393	rol-6	1	11	0
1394	rol-6	1	11	0
1394	rol-6	1	11	0
1395	rol-6	1	11	0
1395	rol-6	1	11	0
1396	rol-6	1	11	0
1396	rol-6	1	11	0
1397	rol-6	1	13	0
1397	rol-6	1	13	0
1398	rol-6	1	13	0
1398	rol-6	1	13	0
1399	rol-6	1	13	0
1399	rol-6	1	13	0
1400	rol-6	1	13	0
1400	rol-6	1	13	0
1401	rol-6	1	13	0
1401	rol-6	1	13	0
1402	rol-6	1	13	0
1402	rol-6	1	13	0
1403	rol-6	1	13	0
1403	rol-6	1	13	0
1404	rol-6	1	13	0
1404	rol-6	1	13	0
1405	rol-6	1	13	0
1405	rol-6	1	13	0
1406	rol-6	1	13	0
1406	rol-6	1	13	0
1407	rol-6	1	13	0
1407	rol-6	1	13	0
1408	rol-6	1	13	0
1408	rol-6	1	13	0
1409	rol-6	1	13	0
1409	rol-6	1	13	0
1410	rol-6	1	13	0
1410	rol-6	1	13	0
1411	rol-6	1	13	0
1411	rol-6	1	13	0
1412	rol-6	1	13	0
1412	rol-6	1	13	0
1413	rol-6	1	14	0
1413	rol-6	1	14	0
1414	rol-6	1	14	0
1414	rol-6	1	14	0
1415	rol-6	1	14	0
1415	rol-6	1	14	0
1416	rol-6	1	14	0
1416	rol-6	1	14	0
1417	rol-6	1	14	0
1417	rol-6	1	14	0
1418	rol-6	1	14	0
1418	rol-6	1	14	0
1419	rol-6	1	14	0
1419	rol-6	1	14	0
1420	rol-6	1	14	0
1420	rol-6	1	14	0
1421	rol-6	1	14	0
1421	rol-6	1	14	0
1422	rol-6	1	14	0
1422	rol-6	1	14	0
1423	rol-6	1	14	0
1423	rol-6	1	14	0
1424	rol-6	1	14	0
1424	rol-6	1	14	0
1425	rol-6	1	14	0
1425	rol-6	1	14	0
1426	rol-6	1	14	0
1426	rol-6	1	14	0
1427	rol-6	1	14	0
1427	rol-6	1	14	0
1428	rol-6	1	14	0
1428	rol-6	1	14	0
1429	rol-6	1	14	0
1429	rol-6	1	14	0
1430	rol-6	1	14	0
1430	rol-6	1	14	0
1431	rol-6	1	14	0
1431	rol-6	1	14	0
1432	rol-6	1	14	0
1432	rol-6	1	14	0
1433	rol-6	1	14	0
1433	rol-6	1	14	0
1434	rol-6	1	14	0
1434	rol-6	1	14	0
1435	rol-6	1	14	0
1435	rol-6	1	14	0
1436	rol-6	1	15	0
1436	rol-6	1	15	0
1437	rol-6	1	15	0
1437	rol-6	1	15	0
1438	rol-6	1	15	0
1438	rol-6	1	15	0
1439	rol-6	1	15	0
1439	rol-6	1	15	0
1440	rol-6	1	15	0
1440	rol-6	1	15	0
1441	rol-6	1	15	0
1441	rol-6	1	15	0
1442	rol-6	1	15	0
1442	rol-6	1	15	0
1443	rol-6	1	15	0
1443	rol-6	1	15	0
1444	rol-6	1	15	0
1444	rol-6	1	15	0
1445	rol-6	1	15	0
1445	rol-6	1	15	0
1446	rol-6	1	15	0
1446	rol-6	1	15	0
1447	rol-6	1	15	0
1447	rol-6	1	15	0
1448	rol-6	1	15	0
1448	rol-6	1	15	0
1449	rol-6	1	15	0
1449	rol-6	1	15	0
1450	rol-6	1	15	0
1450	rol-6	1	15	0
1451	rol-6	1	16	0
1451	rol-6	1	16	0
1452	rol-6	1	16	0
1452	rol-6	1	16	0
1453	rol-6	1	16	0
1453	rol-6	1	16	0
1454	rol-6	1	16	0
1454	rol-6	1	16	0
1455	rol-6	1	16	0
1455	rol-6	1	16	0
1456	rol-6	1	16	0
1456	rol-6	1	16	0
1457	rol-6	1	16	0
1457	rol-6	1	16	0
1458	rol-6	1	16	0
1458	rol-6	1	16	0
1459	rol-6	1	16	0
1459	rol-6	1	16	0
1460	rol-6	1	16	0
1460	rol-6	1	16	0
1461	rol-6	1	16	0
1461	rol-6	1	16	0
1462	rol-6	1	17	0
1462	rol-6	1	17	0
1463	rol-6	1	19	0
1463	rol-6	1	19	0
1464	rol-6	1	19	0
1464	rol-6	1	19	0
1465	SKN-1 OE	1	9	3
1465	SKN-1 OE	1	9	3
1466	SKN-1 OE	1	11	3
1466	SKN-1 OE	1	11	3
1467	SKN-1 OE	1	11	2
1467	SKN-1 OE	1	11	2
1468	SKN-1 OE	1	11	2
1468	SKN-1 OE	1	11	2
1469	SKN-1 OE	1	11	2
1469	SKN-1 OE	1	11	2
1470	SKN-1 OE	1	11	2
1470	SKN-1 OE	1	11	2
1471	SKN-1 OE	1	13	2
1471	SKN-1 OE	1	13	2
1472	SKN-1 OE	1	11	1
1472	SKN-1 OE	1	11	1
1473	SKN-1 OE	1	11	1
1473	SKN-1 OE	1	11	1
1474	SKN-1 OE	1	7	0
1474	SKN-1 OE	1	7	0
1475	SKN-1 OE	1	7	0
1475	SKN-1 OE	1	7	0
1476	SKN-1 OE	1	9	0
1476	SKN-1 OE	1	9	0
1477	SKN-1 OE	1	9	0
1477	SKN-1 OE	1	9	0
1478	SKN-1 OE	1	9	0
1478	SKN-1 OE	1	9	0
1479	SKN-1 OE	1	9	0
1479	SKN-1 OE	1	9	0
1480	SKN-1 OE	1	9	0
1480	SKN-1 OE	1	9	0
1481	SKN-1 OE	1	9	0
1481	SKN-1 OE	1	9	0
1482	SKN-1 OE	1	11	0
1482	SKN-1 OE	1	11	0
1483	SKN-1 OE	1	11	0
1483	SKN-1 OE	1	11	0
1484	SKN-1 OE	1	11	0
1484	SKN-1 OE	1	11	0
1485	SKN-1 OE	1	11	0
1485	SKN-1 OE	1	11	0
1486	SKN-1 OE	1	11	0
1486	SKN-1 OE	1	11	0
1487	SKN-1 OE	1	11	0
1487	SKN-1 OE	1	11	0
1488	SKN-1 OE	1	11	0
1488	SKN-1 OE	1	11	0
1489	SKN-1 OE	1	13	0
1489	SKN-1 OE	1	13	0
1490	SKN-1 OE	1	13	0
1490	SKN-1 OE	1	13	0
1491	SKN-1 OE	1	13	0
1491	SKN-1 OE	1	13	0
1492	SKN-1 OE	1	13	0
1492	SKN-1 OE	1	13	0
1493	SKN-1 OE	1	13	0
1493	SKN-1 OE	1	13	0
1494	SKN-1 OE	1	13	0
1494	SKN-1 OE	1	13	0
1495	SKN-1 OE	1	13	0
1495	SKN-1 OE	1	13	0
1496	SKN-1 OE	1	13	0
1496	SKN-1 OE	1	13	0
1497	SKN-1 OE	1	13	0
1497	SKN-1 OE	1	13	0
1498	SKN-1 OE	1	13	0
1498	SKN-1 OE	1	13	0
1499	SKN-1 OE	1	13	0
1499	SKN-1 OE	1	13	0
1500	SKN-1 OE	1	13	0
1500	SKN-1 OE	1	13	0
1501	SKN-1 OE	1	13	0
1501	SKN-1 OE	1	13	0
1502	SKN-1 OE	1	13	0
1502	SKN-1 OE	1	13	0
1503	SKN-1 OE	1	13	0
1503	SKN-1 OE	1	13	0
1504	SKN-1 OE	1	13	0
1504	SKN-1 OE	1	13	0
1505	SKN-1 OE	1	13	0
1505	SKN-1 OE	1	13	0
1506	SKN-1 OE	1	13	0
1506	SKN-1 OE	1	13	0
1507	SKN-1 OE	1	13	0
1507	SKN-1 OE	1	13	0
1508	SKN-1 OE	1	13	0
1508	SKN-1 OE	1	13	0
1509	SKN-1 OE	1	13	0
1509	SKN-1 OE	1	13	0
1510	SKN-1 OE	1	13	0
1510	SKN-1 OE	1	13	0
1511	SKN-1 OE	1	13	0
1511	SKN-1 OE	1	13	0
1512	SKN-1 OE	1	13	0
1512	SKN-1 OE	1	13	0
1513	SKN-1 OE	1	13	0
1513	SKN-1 OE	1	13	0
1514	SKN-1 OE	1	13	0
1514	SKN-1 OE	1	13	0
1515	SKN-1 OE	1	13	0
1515	SKN-1 OE	1	13	0
1516	SKN-1 OE	1	13	0
1516	SKN-1 OE	1	13	0
1517	SKN-1 OE	1	13	0
1517	SKN-1 OE	1	13	0
1518	SKN-1 OE	1	13	0
1518	SKN-1 OE	1	13	0
1519	SKN-1 OE	1	13	0
1519	SKN-1 OE	1	13	0
1520	SKN-1 OE	1	13	0
1520	SKN-1 OE	1	13	0
1521	SKN-1 OE	1	13	0
1521	SKN-1 OE	1	13	0
1522	SKN-1 OE	1	13	0
1522	SKN-1 OE	1	13	0
1523	SKN-1 OE	1	13	0
1523	SKN-1 OE	1	13	0
1524	SKN-1 OE	1	13	0
1524	SKN-1 OE	1	13	0
1525	SKN-1 OE	1	13	0
1525	SKN-1 OE	1	13	0
1526	SKN-1 OE	1	13	0
1526	SKN-1 OE	1	13	0
1527	SKN-1 OE	1	13	0
1527	SKN-1 OE	1	13	0
1528	SKN-1 OE	1	14	0
1528	SKN-1 OE	1	14	0
1529	SKN-1 OE	1	14	0
1529	SKN-1 OE	1	14	0
1530	SKN-1 OE	1	14	0
1530	SKN-1 OE	1	14	0
1531	SKN-1 OE	1	14	0
1531	SKN-1 OE	1	14	0
1532	SKN-1 OE	1	14	0
1532	SKN-1 OE	1	14	0
1533	SKN-1 OE	1	14	0
1533	SKN-1 OE	1	14	0
1534	SKN-1 OE	1	14	0
1534	SKN-1 OE	1	14	0
1535	SKN-1 OE	1	14	0
1535	SKN-1 OE	1	14	0
1536	SKN-1 OE	1	14	0
1536	SKN-1 OE	1	14	0
1537	SKN-1 OE	1	14	0
1537	SKN-1 OE	1	14	0
1538	SKN-1 OE	1	14	0
1538	SKN-1 OE	1	14	0
1539	SKN-1 OE	1	14	0
1539	SKN-1 OE	1	14	0
1540	SKN-1 OE	1	14	0
1540	SKN-1 OE	1	14	0
1541	SKN-1 OE	1	14	0
1541	SKN-1 OE	1	14	0
1542	SKN-1 OE	1	14	0
1542	SKN-1 OE	1	14	0
1543	SKN-1 OE	1	14	0
1543	SKN-1 OE	1	14	0
1544	SKN-1 OE	1	14	0
1544	SKN-1 OE	1	14	0
1545	SKN-1 OE	1	14	0
1545	SKN-1 OE	1	14	0
1546	SKN-1 OE	1	14	0
1546	SKN-1 OE	1	14	0
1547	SKN-1 OE	1	14	0
1547	SKN-1 OE	1	14	0
1548	SKN-1 OE	1	14	0
1548	SKN-1 OE	1	14	0
1549	SKN-1 OE	1	14	0
1549	SKN-1 OE	1	14	0
1550	SKN-1 OE	1	14	0
1550	SKN-1 OE	1	14	0
1551	SKN-1 OE	1	14	0
1551	SKN-1 OE	1	14	0
1552	SKN-1 OE	1	14	0
1552	SKN-1 OE	1	14	0
1553	SKN-1 OE	1	14	0
1553	SKN-1 OE	1	14	0
1554	SKN-1 OE	1	14	0
1554	SKN-1 OE	1	14	0
1555	SKN-1 OE	1	14	0
1555	SKN-1 OE	1	14	0
1556	SKN-1 OE	1	14	0
1556	SKN-1 OE	1	14	0
1557	SKN-1 OE	1	14	0
1557	SKN-1 OE	1	14	0
1558	SKN-1 OE	1	14	0
1558	SKN-1 OE	1	14	0
1559	SKN-1 OE	1	14	0
1559	SKN-1 OE	1	14	0
1560	SKN-1 OE	1	14	0
1560	SKN-1 OE	1	14	0
1561	SKN-1 OE	1	14	0
1561	SKN-1 OE	1	14	0
1562	SKN-1 OE	1	14	0
1562	SKN-1 OE	1	14	0
1563	SKN-1 OE	1	14	0
1563	SKN-1 OE	1	14	0
1564	SKN-1 OE	1	14	0
1564	SKN-1 OE	1	14	0
1565	SKN-1 OE	1	14	0
1565	SKN-1 OE	1	14	0
1566	SKN-1 OE	1	14	0
1566	SKN-1 OE	1	14	0
1567	SKN-1 OE	1	14	0
1567	SKN-1 OE	1	14	0
1568	SKN-1 OE	1	14	0
1568	SKN-1 OE	1	14	0
1569	SKN-1 OE	1	14	0
1569	SKN-1 OE	1	14	0
1570	SKN-1 OE	1	14	0
1570	SKN-1 OE	1	14	0
1571	SKN-1 OE	1	14	0
1571	SKN-1 OE	1	14	0
1572	SKN-1 OE	1	14	0
1572	SKN-1 OE	1	14	0
1573	SKN-1 OE	1	14	0
1573	SKN-1 OE	1	14	0
1574	SKN-1 OE	1	14	0
1574	SKN-1 OE	1	14	0
1575	SKN-1 OE	1	14	0
1575	SKN-1 OE	1	14	0
1576	SKN-1 OE	1	14	0
1576	SKN-1 OE	1	14	0
1577	SKN-1 OE	1	14	0
1577	SKN-1 OE	1	14	0
1578	SKN-1 OE	1	14	0
1578	SKN-1 OE	1	14	0
1579	SKN-1 OE	1	14	0
1579	SKN-1 OE	1	14	0
1580	SKN-1 OE	1	14	0
1580	SKN-1 OE	1	14	0
1581	SKN-1 OE	1	14	0
1581	SKN-1 OE	1	14	0
1582	SKN-1 OE	1	14	0
1582	SKN-1 OE	1	14	0
1583	SKN-1 OE	1	14	0
1583	SKN-1 OE	1	14	0
1584	SKN-1 OE	1	14	0
1584	SKN-1 OE	1	14	0
1585	SKN-1 OE	1	15	0
1585	SKN-1 OE	1	15	0
1586	SKN-1 OE	1	15	0
1586	SKN-1 OE	1	15	0
1587	SKN-1 OE	1	15	0
1587	SKN-1 OE	1	15	0
1588	SKN-1 OE	1	15	0
1588	SKN-1 OE	1	15	0
1589	SKN-1 OE	1	15	0
1589	SKN-1 OE	1	15	0
1590	SKN-1 OE	1	15	0
1590	SKN-1 OE	1	15	0
1591	SKN-1 OE	1	15	0
1591	SKN-1 OE	1	15	0
1592	SKN-1 OE	1	15	0
1592	SKN-1 OE	1	15	0
1593	SKN-1 OE	1	15	0
1593	SKN-1 OE	1	15	0
1594	SKN-1 OE	1	15	0
1594	SKN-1 OE	1	15	0
1595	SKN-1 OE	1	15	0
1595	SKN-1 OE	1	15	0
1596	SKN-1 OE	1	15	0
1596	SKN-1 OE	1	15	0
1597	SKN-1 OE	1	15	0
1597	SKN-1 OE	1	15	0
1598	SKN-1 OE	1	15	0
1598	SKN-1 OE	1	15	0
1599	SKN-1 OE	1	15	0
1599	SKN-1 OE	1	15	0
1600	SKN-1 OE	1	15	0
1600	SKN-1 OE	1	15	0
1601	SKN-1 OE	1	15	0
1601	SKN-1 OE	1	15	0
1602	SKN-1 OE	1	15	0
1602	SKN-1 OE	1	15	0
1603	SKN-1 OE	1	15	0
1603	SKN-1 OE	1	15	0
1604	SKN-1 OE	1	15	0
1604	SKN-1 OE	1	15	0
1605	SKN-1 OE	1	15	0
1605	SKN-1 OE	1	15	0
1606	SKN-1 OE	1	15	0
1606	SKN-1 OE	1	15	0
1607	SKN-1 OE	1	15	0
1607	SKN-1 OE	1	15	0
1608	SKN-1 OE	1	15	0
1608	SKN-1 OE	1	15	0
1609	SKN-1 OE	1	15	0
1609	SKN-1 OE	1	15	0
1610	SKN-1 OE	1	15	0
1610	SKN-1 OE	1	15	0
1611	SKN-1 OE	1	15	0
1611	SKN-1 OE	1	15	0
1612	SKN-1 OE	1	15	0
1612	SKN-1 OE	1	15	0
1613	SKN-1 OE	1	15	0
1613	SKN-1 OE	1	15	0
1614	SKN-1 OE	1	16	0
1614	SKN-1 OE	1	16	0
1615	SKN-1 OE	1	16	0
1615	SKN-1 OE	1	16	0
1616	SKN-1 OE	1	16	0
1616	SKN-1 OE	1	16	0
1617	SKN-1 OE	1	16	0
1617	SKN-1 OE	1	16	0
1618	SKN-1 OE	1	16	0
1618	SKN-1 OE	1	16	0
1619	SKN-1 OE	1	16	0
1619	SKN-1 OE	1	16	0
1620	SKN-1 OE	1	16	0
1620	SKN-1 OE	1	16	0
1621	SKN-1 OE	1	16	0
1621	SKN-1 OE	1	16	0
1622	SKN-1 OE	1	16	0
1622	SKN-1 OE	1	16	0
1623	SKN-1 OE	1	16	0
1623	SKN-1 OE	1	16	0
1624	SKN-1 OE	1	16	0
1624	SKN-1 OE	1	16	0
1625	SKN-1 OE	1	16	0
1625	SKN-1 OE	1	16	0
1626	SKN-1 OE	1	17	0
1626	SKN-1 OE	1	17	0
1627	SKN-1 OE	1	17	0
1627	SKN-1 OE	1	17	0
1628	rhy-1	1	9	3
1628	rhy-1	1	9	3
1629	rhy-1	1	9	3
1629	rhy-1	1	9	3
1630	rhy-1	1	9	3
1630	rhy-1	1	9	3
1631	rhy-1	1	9	3
1631	rhy-1	1	9	3
1632	rhy-1	1	9	3
1632	rhy-1	1	9	3
1633	rhy-1	1	11	3
1633	rhy-1	1	11	3
1634	rhy-1	1	11	3
1634	rhy-1	1	11	3
1635	rhy-1	1	11	3
1635	rhy-1	1	11	3
1636	rhy-1	1	11	3
1636	rhy-1	1	11	3
1637	rhy-1	1	11	3
1637	rhy-1	1	11	3
1638	rhy-1	1	11	3
1638	rhy-1	1	11	3
1639	rhy-1	1	11	3
1639	rhy-1	1	11	3
1640	rhy-1	1	11	3
1640	rhy-1	1	11	3
1641	rhy-1	1	11	3
1641	rhy-1	1	11	3
1642	rhy-1	1	11	3
1642	rhy-1	1	11	3
1643	rhy-1	1	11	3
1643	rhy-1	1	11	3
1644	rhy-1	1	13	3
1644	rhy-1	1	13	3
1645	rhy-1	1	11	2
1645	rhy-1	1	11	2
1646	rhy-1	1	11	2
1646	rhy-1	1	11	2
1647	rhy-1	1	11	2
1647	rhy-1	1	11	2
1648	rhy-1	1	11	2
1648	rhy-1	1	11	2
1649	rhy-1	1	11	2
1649	rhy-1	1	11	2
1650	rhy-1	1	11	2
1650	rhy-1	1	11	2
1651	rhy-1	1	11	2
1651	rhy-1	1	11	2
1652	rhy-1	1	13	2
1652	rhy-1	1	13	2
1653	rhy-1	1	13	2
1653	rhy-1	1	13	2
1654	rhy-1	1	13	2
1654	rhy-1	1	13	2
1655	rhy-1	1	13	2
1655	rhy-1	1	13	2
1656	rhy-1	1	13	2
1656	rhy-1	1	13	2
1657	rhy-1	1	13	2
1657	rhy-1	1	13	2
1658	rhy-1	1	13	2
1658	rhy-1	1	13	2
1659	rhy-1	1	13	2
1659	rhy-1	1	13	2
1660	rhy-1	1	13	2
1660	rhy-1	1	13	2
1661	rhy-1	1	13	2
1661	rhy-1	1	13	2
1662	rhy-1	1	13	2
1662	rhy-1	1	13	2
1663	rhy-1	1	13	2
1663	rhy-1	1	13	2
1664	rhy-1	1	13	2
1664	rhy-1	1	13	2
1665	rhy-1	1	13	2
1665	rhy-1	1	13	2
1666	rhy-1	1	13	2
1666	rhy-1	1	13	2
1667	rhy-1	1	13	2
1667	rhy-1	1	13	2
1668	rhy-1	1	13	2
1668	rhy-1	1	13	2
1669	rhy-1	1	13	2
1669	rhy-1	1	13	2
1670	rhy-1	1	13	2
1670	rhy-1	1	13	2
1671	rhy-1	1	13	2
1671	rhy-1	1	13	2
1672	rhy-1	1	13	2
1672	rhy-1	1	13	2
1673	rhy-1	1	13	2
1673	rhy-1	1	13	2
1674	rhy-1	1	13	2
1674	rhy-1	1	13	2
1675	rhy-1	1	13	2
1675	rhy-1	1	13	2
1676	rhy-1	1	14	2
1676	rhy-1	1	14	2
1677	rhy-1	1	14	2
1677	rhy-1	1	14	2
1678	rhy-1	1	14	2
1678	rhy-1	1	14	2
1679	rhy-1	1	14	2
1679	rhy-1	1	14	2
1680	rhy-1	1	14	2
1680	rhy-1	1	14	2
1681	rhy-1	1	7	1
1681	rhy-1	1	7	1
1682	rhy-1	1	7	0
1682	rhy-1	1	7	0
1683	rhy-1	1	7	0
1683	rhy-1	1	7	0
1684	rhy-1	1	9	0
1684	rhy-1	1	9	0
1685	rhy-1	1	9	0
1685	rhy-1	1	9	0
1686	rhy-1	1	11	0
1686	rhy-1	1	11	0
1687	rhy-1	1	11	0
1687	rhy-1	1	11	0
1688	rhy-1	1	11	0
1688	rhy-1	1	11	0
1689	rhy-1	1	11	0
1689	rhy-1	1	11	0
1690	rhy-1	1	11	0
1690	rhy-1	1	11	0
1691	rhy-1	1	11	0
1691	rhy-1	1	11	0
1692	rhy-1	1	11	0
1692	rhy-1	1	11	0
1693	rhy-1	1	11	0
1693	rhy-1	1	11	0
1694	rhy-1	1	13	0
1694	rhy-1	1	13	0
1695	rhy-1	1	13	0
1695	rhy-1	1	13	0
1696	rhy-1	1	13	0
1696	rhy-1	1	13	0
1697	rhy-1	1	13	0
1697	rhy-1	1	13	0
1698	rhy-1	1	13	0
1698	rhy-1	1	13	0
1699	rhy-1	1	13	0
1699	rhy-1	1	13	0
1700	rhy-1	1	13	0
1700	rhy-1	1	13	0
1701	rhy-1	1	13	0
1701	rhy-1	1	13	0
1702	rhy-1	1	13	0
1702	rhy-1	1	13	0
1703	rhy-1	1	13	0
1703	rhy-1	1	13	0
1704	rhy-1	1	13	0
1704	rhy-1	1	13	0
1705	rhy-1	1	13	0
1705	rhy-1	1	13	0
1706	rhy-1	1	13	0
1706	rhy-1	1	13	0
1707	rhy-1	1	13	0
1707	rhy-1	1	13	0
1708	rhy-1	1	13	0
1708	rhy-1	1	13	0
1709	rhy-1	1	13	0
1709	rhy-1	1	13	0
1710	rhy-1	1	13	0
1710	rhy-1	1	13	0
1711	rhy-1	1	14	0
1711	rhy-1	1	14	0
1712	rhy-1	1	14	0
1712	rhy-1	1	14	0
1713	rhy-1	1	14	0
1713	rhy-1	1	14	0
1714	rhy-1	1	14	0
1714	rhy-1	1	14	0
1715	rhy-1	1	14	0
1715	rhy-1	1	14	0
1716	rhy-1	1	14	0
1716	rhy-1	1	14	0
1717	rhy-1	1	14	0
1717	rhy-1	1	14	0
1718	rhy-1	1	14	0
1718	rhy-1	1	14	0
1719	rhy-1	1	14	0
1719	rhy-1	1	14	0
1720	rhy-1	1	14	0
1720	rhy-1	1	14	0
1721	rhy-1	1	14	0
1721	rhy-1	1	14	0
1722	rhy-1	1	14	0
1722	rhy-1	1	14	0
1723	rhy-1	1	14	0
1723	rhy-1	1	14	0
1724	rhy-1	1	14	0
1724	rhy-1	1	14	0
1725	rhy-1	1	14	0
1725	rhy-1	1	14	0
1726	rhy-1	1	14	0
1726	rhy-1	1	14	0
1727	rhy-1	1	14	0
1727	rhy-1	1	14	0
1728	rhy-1	1	14	0
1728	rhy-1	1	14	0
1729	rhy-1	1	14	0
1729	rhy-1	1	14	0
1730	rhy-1	1	14	0
1730	rhy-1	1	14	0
1731	rhy-1	1	14	0
1731	rhy-1	1	14	0
1732	rhy-1	1	14	0
1732	rhy-1	1	14	0
1733	rhy-1	1	14	0
1733	rhy-1	1	14	0
1734	rhy-1	1	14	0
1734	rhy-1	1	14	0
1735	rhy-1	1	14	0
1735	rhy-1	1	14	0
1736	rhy-1	1	14	0
1736	rhy-1	1	14	0
1737	rhy-1	1	14	0
1737	rhy-1	1	14	0
1738	rhy-1	1	14	0
1738	rhy-1	1	14	0
1739	rhy-1	1	14	0
1739	rhy-1	1	14	0
1740	rhy-1	1	14	0
1740	rhy-1	1	14	0
1741	rhy-1	1	14	0
1741	rhy-1	1	14	0
1742	rhy-1	1	14	0
1742	rhy-1	1	14	0
1743	rhy-1	1	14	0
1743	rhy-1	1	14	0
1744	rhy-1	1	14	0
1744	rhy-1	1	14	0
1745	rhy-1	1	15	0
1745	rhy-1	1	15	0
1746	rhy-1	1	15	0
1746	rhy-1	1	15	0
1747	rhy-1	1	15	0
1747	rhy-1	1	15	0
1748	rhy-1	1	15	0
1748	rhy-1	1	15	0
1749	rhy-1	1	15	0
1749	rhy-1	1	15	0
1750	rhy-1	1	15	0
1750	rhy-1	1	15	0
1751	rhy-1	1	15	0
1751	rhy-1	1	15	0
1752	rhy-1	1	15	0
1752	rhy-1	1	15	0
1753	rhy-1	1	15	0
1753	rhy-1	1	15	0
1754	rhy-1	1	15	0
1754	rhy-1	1	15	0
1755	rhy-1	1	15	0
1755	rhy-1	1	15	0
1756	rhy-1	1	15	0
1756	rhy-1	1	15	0
1757	rhy-1	1	15	0
1757	rhy-1	1	15	0
1758	rhy-1	1	15	0
1758	rhy-1	1	15	0
1759	rhy-1	1	15	0
1759	rhy-1	1	15	0
1760	rhy-1	1	16	0
1760	rhy-1	1	16	0
1761	rhy-1	1	16	0
1761	rhy-1	1	16	0
1762	rhy-1	1	16	0
1762	rhy-1	1	16	0
1763	rhy-1	1	16	0
1763	rhy-1	1	16	0
1764	rhy-1	1	16	0
1764	rhy-1	1	16	0
1765	rhy-1	1	16	0
1765	rhy-1	1	16	0
1766	rhy-1	1	16	0
1766	rhy-1	1	16	0
1767	rhy-1	1	16	0
1767	rhy-1	1	16	0
1768	rhy-1	1	16	0
1768	rhy-1	1	16	0
1769	rhy-1	1	16	0
1769	rhy-1	1	16	0
1770	rhy-1	1	16	0
1770	rhy-1	1	16	0
1771	rhy-1	1	16	0
1771	rhy-1	1	16	0
1772	rhy-1	1	16	0
1772	rhy-1	1	16	0
1773	rhy-1	1	16	0
1773	rhy-1	1	16	0
1774	rhy-1	1	16	0
1774	rhy-1	1	16	0
1775	rhy-1	1	16	0
1775	rhy-1	1	16	0
1776	rhy-1	1	16	0
1776	rhy-1	1	16	0
1777	rhy-1	1	16	0
1777	rhy-1	1	16	0
1778	rhy-1	1	16	0
1778	rhy-1	1	16	0
1779	rhy-1	1	16	0
1779	rhy-1	1	16	0
1780	rhy-1	1	17	0
1780	rhy-1	1	17	0
1781	rhy-1	1	17	0
1781	rhy-1	1	17	0
1782	rhy-1	1	17	0
1782	rhy-1	1	17	0
1783	rhy-1	1	17	0
1783	rhy-1	1	17	0
1784	rhy-1	1	17	0
1784	rhy-1	1	17	0
1785	rhy-1	1	17	0
1785	rhy-1	1	17	0
1786	rhy-1	1	17	0
1786	rhy-1	1	17	0
1787	rhy-1	1	17	0
1787	rhy-1	1	17	0
1788	rhy-1	1	17	0
1788	rhy-1	1	17	0
1789	rhy-1	1	17	0
1789	rhy-1	1	17	0
1790	rhy-1	1	17	0
1790	rhy-1	1	17	0
1791	rhy-1	1	17	0
1791	rhy-1	1	17	0
1792	rhy-1	1	19	0
1792	rhy-1	1	19	0
1793	rhy-1	1	19	0
1793	rhy-1	1	19	0
1794	rhy-1	1	19	0
1794	rhy-1	1	19	0
1795	rhy-1	1	19	0
1795	rhy-1	1	19	0
1796	rhy-1	1	19	0
1796	rhy-1	1	19	0
1797	rhy-1	1	20	0
1797	rhy-1	1	20	0
1798	rhy-1	1	20	0
1798	rhy-1	1	20	0
