strain	replicate	age.at.death	rupture						
strain	replicate	age.at.death	rupture						
1	N2	1	12	0					
1	N2	1	12	0					
2	N2	1	14	0					
2	N2	1	14	0					
3	N2	1	16	0					
3	N2	1	16	0					
4	N2	1	16	0					
4	N2	1	16	0					
5	N2	1	16	0					
5	N2	1	16	0					
6	N2	1	16	0					
6	N2	1	16	0					
7	N2	1	16	0					
7	N2	1	16	0					
8	N2	1	16	0					
8	N2	1	16	0					
9	N2	1	16	0					
9	N2	1	16	0					
10	N2	1	16	0					
10	N2	1	16	0					
11	N2	1	16	0					
11	N2	1	16	0					
12	N2	1	16	0					
12	N2	1	16	0					
13	N2	1	16	0					
13	N2	1	16	0					
14	N2	1	17	0					
14	N2	1	17	0					
15	N2	1	17	0					
15	N2	1	17	0					
16	N2	1	17	0					
16	N2	1	17	0					
17	N2	1	17	0					
17	N2	1	17	0					
18	N2	1	17	0					
18	N2	1	17	0					
19	N2	1	17	0					
19	N2	1	17	0					
20	N2	1	17	0					
20	N2	1	17	0					
21	N2	1	17	0					
21	N2	1	17	0					
22	N2	1	17	0					
22	N2	1	17	0					
23	N2	1	17	0					
23	N2	1	17	0					
24	N2	1	17	0					
24	N2	1	17	0					
25	N2	1	17	0					
25	N2	1	17	0					
26	N2	1	17	0					
26	N2	1	17	0					
27	N2	1	17	0					
27	N2	1	17	0					
28	N2	1	19	0					
28	N2	1	19	0					
29	N2	1	19	0					
29	N2	1	19	0					
30	N2	1	19	0					
30	N2	1	19	0					
31	N2	1	19	0					
31	N2	1	19	0					
32	N2	1	19	0					
32	N2	1	19	0					
33	N2	1	19	0					
33	N2	1	19	0					
34	N2	1	19	0					
34	N2	1	19	0					
35	N2	1	19	0					
35	N2	1	19	0					
36	N2	1	19	0					
36	N2	1	19	0					
37	N2	1	19	0					
37	N2	1	19	0					
38	N2	1	19	0					
38	N2	1	19	0					
39	N2	1	19	0					
39	N2	1	19	0					
40	N2	1	19	0					
40	N2	1	19	0					
41	N2	1	19	0					
41	N2	1	19	0					
42	N2	1	19	0					
42	N2	1	19	0					
43	N2	1	19	0					
43	N2	1	19	0					
44	N2	1	19	0					
44	N2	1	19	0					
45	N2	1	21	0					
45	N2	1	21	0					
46	N2	1	21	0					
46	N2	1	21	0					
47	N2	1	21	0					
47	N2	1	21	0					
48	N2	1	21	0					
48	N2	1	21	0					
49	N2	1	21	0					
49	N2	1	21	0					
50	N2	1	21	0					
50	N2	1	21	0					
51	N2	1	21	0					
51	N2	1	21	0					
52	N2	1	23	0					
52	N2	1	23	0					
53	N2	1	23	0					
53	N2	1	23	0					
54	N2	1	23	0					
54	N2	1	23	0					
55	N2	1	23	0					
55	N2	1	23	0					
56	N2	1	26	0					
56	N2	1	26	0					
57	N2	1	26	0					
57	N2	1	26	0					
58	N2	1	12	2					
58	N2	1	12	2					
59	N2	1	12	2					
59	N2	1	12	2					
60	N2	1	12	2					
60	N2	1	12	2					
61	N2	1	14	2					
61	N2	1	14	2					
62	N2	1	14	2					
62	N2	1	14	2					
63	N2	1	14	2					
63	N2	1	14	2					
64	N2	1	14	2					
64	N2	1	14	2					
65	N2	1	14	2					
65	N2	1	14	2					
66	N2	1	16	2					
66	N2	1	16	2					
67	N2	1	16	2					
67	N2	1	16	2					
68	N2	1	16	2					
68	N2	1	16	2					
69	N2	1	16	2					
69	N2	1	16	2					
70	N2	1	16	2					
70	N2	1	16	2					
71	N2	1	16	2					
71	N2	1	16	2					
72	N2	1	16	2					
72	N2	1	16	2					
73	N2	1	16	2					
73	N2	1	16	2					
74	N2	1	17	2					
74	N2	1	17	2					
75	N2	1	17	2					
75	N2	1	17	2					
76	N2	1	17	2					
76	N2	1	17	2					
77	N2	2	12	0					
77	N2	2	12	0					
78	N2	2	12	0					
78	N2	2	12	0					
79	N2	2	12	0					
79	N2	2	12	0					
80	N2	2	16	0					
80	N2	2	16	0					
81	N2	2	16	0					
81	N2	2	16	0					
82	N2	2	16	0					
82	N2	2	16	0					
83	N2	2	16	0					
83	N2	2	16	0					
84	N2	2	16	0					
84	N2	2	16	0					
85	N2	2	16	0					
85	N2	2	16	0					
86	N2	2	16	0					
86	N2	2	16	0					
87	N2	2	16	0					
87	N2	2	16	0					
88	N2	2	17	0					
88	N2	2	17	0					
89	N2	2	17	0					
89	N2	2	17	0					
90	N2	2	17	0					
90	N2	2	17	0					
91	N2	2	17	0					
91	N2	2	17	0					
92	N2	2	17	0					
92	N2	2	17	0					
93	N2	2	17	0					
93	N2	2	17	0					
94	N2	2	17	0					
94	N2	2	17	0					
95	N2	2	17	0					
95	N2	2	17	0					
96	N2	2	17	0					
96	N2	2	17	0					
97	N2	2	17	0					
97	N2	2	17	0					
98	N2	2	17	0					
98	N2	2	17	0					
99	N2	2	17	0					
99	N2	2	17	0					
100	N2	2	19	0					
100	N2	2	19	0					
101	N2	2	19	0					
101	N2	2	19	0					
102	N2	2	19	0					
102	N2	2	19	0					
103	N2	2	19	0					
103	N2	2	19	0					
104	N2	2	19	0					
104	N2	2	19	0					
105	N2	2	19	0					
105	N2	2	19	0					
106	N2	2	19	0					
106	N2	2	19	0					
107	N2	2	19	0					
107	N2	2	19	0					
108	N2	2	19	0					
108	N2	2	19	0					
109	N2	2	19	0					
109	N2	2	19	0					
110	N2	2	19	0					
110	N2	2	19	0					
111	N2	2	19	0					
111	N2	2	19	0					
112	N2	2	21	0					
112	N2	2	21	0					
113	N2	2	21	0					
113	N2	2	21	0					
114	N2	2	21	0					
114	N2	2	21	0					
115	N2	2	21	0					
115	N2	2	21	0					
116	N2	2	21	0					
116	N2	2	21	0					
117	N2	2	21	0					
117	N2	2	21	0					
118	N2	2	21	0					
118	N2	2	21	0					
119	N2	2	21	0					
119	N2	2	21	0					
120	N2	2	21	0					
120	N2	2	21	0					
121	N2	2	21	0					
121	N2	2	21	0					
122	N2	2	21	0					
122	N2	2	21	0					
123	N2	2	21	0					
123	N2	2	21	0					
124	N2	2	21	0					
124	N2	2	21	0					
125	N2	2	21	0					
125	N2	2	21	0					
126	N2	2	21	0					
126	N2	2	21	0					
127	N2	2	21	0					
127	N2	2	21	0					
128	N2	2	21	0					
128	N2	2	21	0					
129	N2	2	21	0					
129	N2	2	21	0					
130	N2	2	23	0					
130	N2	2	23	0					
131	N2	2	23	0					
131	N2	2	23	0					
132	N2	2	23	0					
132	N2	2	23	0					
133	N2	2	23	0					
133	N2	2	23	0					
134	N2	2	23	0					
134	N2	2	23	0					
135	N2	2	23	0					
135	N2	2	23	0					
136	N2	2	23	0					
136	N2	2	23	0					
137	N2	2	26	0					
137	N2	2	26	0					
138	N2	2	26	0					
138	N2	2	26	0					
139	N2	2	26	0					
139	N2	2	26	0					
140	N2	2	14	2					
140	N2	2	14	2					
141	N2	2	14	2					
141	N2	2	14	2					
142	N2	2	14	2					
142	N2	2	14	2					
143	N2	2	16	2					
143	N2	2	16	2					
144	N2	2	16	2					
144	N2	2	16	2					
145	N2	2	16	2					
145	N2	2	16	2					
146	N2	2	16	2					
146	N2	2	16	2					
147	N2	2	16	2					
147	N2	2	16	2					
148	N2	2	16	2					
148	N2	2	16	2					
149	N2	2	16	2					
149	N2	2	16	2					
150	N2	2	16	2					
150	N2	2	16	2					
151	N2	2	16	2					
151	N2	2	16	2					
152	N2	2	17	2					
152	N2	2	17	2					
153	N2	2	17	2					
153	N2	2	17	2					
154	N2	2	19	2					
154	N2	2	19	2					
155	N2	2	19	2					
155	N2	2	19	2					
156	N2	2	19	2					
156	N2	2	19	2					
157	N2	2	19	2					
157	N2	2	19	2					
158	N2	2	19	2					
158	N2	2	19	2					
159	N2	2	12	3					
159	N2	2	12	3					
160	N2	2	14	3					
160	N2	2	14	3					
161	N2	2	14	3					
161	N2	2	14	3					
162	N2	2	14	3					
162	N2	2	14	3					
163	N2	2	14	3					
163	N2	2	14	3					
164	rsks-1	1	17	0					
164	rsks-1	1	17	0					
165	rsks-1	1	17	0					
165	rsks-1	1	17	0					
166	rsks-1	1	19	0					
166	rsks-1	1	19	0					
167	rsks-1	1	19	0					
167	rsks-1	1	19	0					
168	rsks-1	1	21	0					
168	rsks-1	1	21	0					
169	rsks-1	1	21	0					
169	rsks-1	1	21	0					
170	rsks-1	1	21	0					
170	rsks-1	1	21	0					
171	rsks-1	1	21	0					
171	rsks-1	1	21	0					
172	rsks-1	1	21	0					
172	rsks-1	1	21	0					
173	rsks-1	1	21	0					
173	rsks-1	1	21	0					
174	rsks-1	1	21	0					
174	rsks-1	1	21	0					
175	rsks-1	1	21	0					
175	rsks-1	1	21	0					
176	rsks-1	1	23	0					
176	rsks-1	1	23	0					
177	rsks-1	1	23	0					
177	rsks-1	1	23	0					
178	rsks-1	1	23	0					
178	rsks-1	1	23	0					
179	rsks-1	1	23	0					
179	rsks-1	1	23	0					
180	rsks-1	1	23	0					
180	rsks-1	1	23	0					
181	rsks-1	1	23	0					
181	rsks-1	1	23	0					
182	rsks-1	1	23	0					
182	rsks-1	1	23	0					
183	rsks-1	1	23	0					
183	rsks-1	1	23	0					
184	rsks-1	1	23	0					
184	rsks-1	1	23	0					
185	rsks-1	1	23	0					
185	rsks-1	1	23	0					
186	rsks-1	1	26	0					
186	rsks-1	1	26	0					
187	rsks-1	1	26	0					
187	rsks-1	1	26	0					
188	rsks-1	1	26	0					
188	rsks-1	1	26	0					
189	rsks-1	1	26	0					
189	rsks-1	1	26	0					
190	rsks-1	1	26	0					
190	rsks-1	1	26	0					
191	rsks-1	1	26	0					
191	rsks-1	1	26	0					
192	rsks-1	1	26	0					
192	rsks-1	1	26	0					
193	rsks-1	1	26	0					
193	rsks-1	1	26	0					
194	rsks-1	1	26	0					
194	rsks-1	1	26	0					
195	rsks-1	1	26	0					
195	rsks-1	1	26	0					
196	rsks-1	1	26	0					
196	rsks-1	1	26	0					
197	rsks-1	1	26	0					
197	rsks-1	1	26	0					
198	rsks-1	1	26	0					
198	rsks-1	1	26	0					
199	rsks-1	1	26	0					
199	rsks-1	1	26	0					
200	rsks-1	1	26	0					
200	rsks-1	1	26	0					
201	rsks-1	1	28	0					
201	rsks-1	1	28	0					
202	rsks-1	1	28	0					
202	rsks-1	1	28	0					
203	rsks-1	1	28	0					
203	rsks-1	1	28	0					
204	rsks-1	1	28	0					
204	rsks-1	1	28	0					
205	rsks-1	1	28	0					
205	rsks-1	1	28	0					
206	rsks-1	1	28	0					
206	rsks-1	1	28	0					
207	rsks-1	1	28	0					
207	rsks-1	1	28	0					
208	rsks-1	1	17	1					
208	rsks-1	1	17	1					
209	rsks-1	1	17	1					
209	rsks-1	1	17	1					
210	rsks-1	2	17	0					
210	rsks-1	2	17	0					
211	rsks-1	2	19	0					
211	rsks-1	2	19	0					
212	rsks-1	2	19	0					
212	rsks-1	2	19	0					
213	rsks-1	2	19	0					
213	rsks-1	2	19	0					
214	rsks-1	2	21	0					
214	rsks-1	2	21	0					
215	rsks-1	2	21	0					
215	rsks-1	2	21	0					
216	rsks-1	2	21	0					
216	rsks-1	2	21	0					
217	rsks-1	2	21	0					
217	rsks-1	2	21	0					
218	rsks-1	2	21	0					
218	rsks-1	2	21	0					
219	rsks-1	2	23	0					
219	rsks-1	2	23	0					
220	rsks-1	2	23	0					
220	rsks-1	2	23	0					
221	rsks-1	2	23	0					
221	rsks-1	2	23	0					
222	rsks-1	2	23	0					
222	rsks-1	2	23	0					
223	rsks-1	2	23	0					
223	rsks-1	2	23	0					
224	rsks-1	2	23	0					
224	rsks-1	2	23	0					
225	rsks-1	2	23	0					
225	rsks-1	2	23	0					
226	rsks-1	2	23	0					
226	rsks-1	2	23	0					
227	rsks-1	2	23	0					
227	rsks-1	2	23	0					
228	rsks-1	2	26	0					
228	rsks-1	2	26	0					
229	rsks-1	2	26	0					
229	rsks-1	2	26	0					
230	rsks-1	2	26	0					
230	rsks-1	2	26	0					
231	rsks-1	2	26	0					
231	rsks-1	2	26	0					
232	rsks-1	2	26	0					
232	rsks-1	2	26	0					
233	rsks-1	2	26	0					
233	rsks-1	2	26	0					
234	rsks-1	2	26	0					
234	rsks-1	2	26	0					
235	rsks-1	2	26	0					
235	rsks-1	2	26	0					
236	rsks-1	2	26	0					
236	rsks-1	2	26	0					
237	rsks-1	2	26	0					
237	rsks-1	2	26	0					
238	rsks-1	2	26	0					
238	rsks-1	2	26	0					
239	rsks-1	2	26	0					
239	rsks-1	2	26	0					
240	rsks-1	2	26	0					
240	rsks-1	2	26	0					
241	rsks-1	2	26	0					
241	rsks-1	2	26	0					
242	rsks-1	2	26	0					
242	rsks-1	2	26	0					
243	rsks-1	2	26	0					
243	rsks-1	2	26	0					
244	rsks-1	2	26	0					
244	rsks-1	2	26	0					
245	rsks-1	2	26	0					
245	rsks-1	2	26	0					
246	rsks-1	2	26	0					
246	rsks-1	2	26	0					
247	rsks-1	2	26	0					
247	rsks-1	2	26	0					
248	rsks-1	2	26	0					
248	rsks-1	2	26	0					
249	rsks-1	2	28	0					
249	rsks-1	2	28	0					
250	rsks-1	2	28	0					
250	rsks-1	2	28	0					
251	rsks-1	2	28	0					
251	rsks-1	2	28	0					
252	rsks-1	2	28	0					
252	rsks-1	2	28	0					
253	rsks-1	2	28	0					
253	rsks-1	2	28	0					
254	rsks-1	2	28	0					
254	rsks-1	2	28	0					
255	rsks-1	2	28	0					
255	rsks-1	2	28	0					
256	rsks-1	2	28	0					
256	rsks-1	2	28	0					
257	rsks-1	2	28	0					
257	rsks-1	2	28	0					
258	rsks-1	2	28	0					
258	rsks-1	2	28	0					
259	rsks-1	2	28	0					
259	rsks-1	2	28	0					
260	rsks-1	2	28	0					
260	rsks-1	2	28	0					
261	rsks-1	2	28	0					
261	rsks-1	2	28	0					
262	rsks-1	2	28	0					
262	rsks-1	2	28	0					
263	rsks-1	2	28	0					
263	rsks-1	2	28	0					
264	rsks-1	2	28	0					
264	rsks-1	2	28	0					
265	rsks-1	2	28	0					
265	rsks-1	2	28	0					
266	rsks-1	2	28	0					
266	rsks-1	2	28	0					
267	rsks-1	2	30	0					
267	rsks-1	2	30	0					
268	rsks-1	2	30	0					
268	rsks-1	2	30	0					
269	rsks-1	2	30	0					
269	rsks-1	2	30	0					
270	rsks-1	2	30	0					
270	rsks-1	2	30	0					
271	rsks-1	2	30	0					
271	rsks-1	2	30	0					
272	rsks-1	2	30	0					
272	rsks-1	2	30	0					
273	rsks-1	2	33	0					
273	rsks-1	2	33	0					
274	rsks-1	2	33	0					
274	rsks-1	2	33	0					
275	rsks-1	2	33	0					
275	rsks-1	2	33	0					
276	rsks-1	2	33	0					
276	rsks-1	2	33	0					
277	rsks-1	2	16	2					
277	rsks-1	2	16	2					
278	gpa-9	1	14	0					
278	gpa-9	1	14	0					
279	gpa-9	1	14	0					
279	gpa-9	1	14	0					
280	gpa-9	1	16	0					
280	gpa-9	1	16	0					
281	gpa-9	1	16	0					
281	gpa-9	1	16	0					
282	gpa-9	1	16	0					
282	gpa-9	1	16	0					
283	gpa-9	1	17	0					
283	gpa-9	1	17	0					
284	gpa-9	1	17	0					
284	gpa-9	1	17	0					
285	gpa-9	1	17	0					
285	gpa-9	1	17	0					
286	gpa-9	1	17	0					
286	gpa-9	1	17	0					
287	gpa-9	1	17	0					
287	gpa-9	1	17	0					
288	gpa-9	1	17	0					
288	gpa-9	1	17	0					
289	gpa-9	1	17	0					
289	gpa-9	1	17	0					
290	gpa-9	1	17	0					
290	gpa-9	1	17	0					
291	gpa-9	1	17	0					
291	gpa-9	1	17	0					
292	gpa-9	1	19	0					
292	gpa-9	1	19	0					
293	gpa-9	1	19	0					
293	gpa-9	1	19	0					
294	gpa-9	1	19	0					
294	gpa-9	1	19	0					
295	gpa-9	1	19	0					
295	gpa-9	1	19	0					
296	gpa-9	1	19	0					
296	gpa-9	1	19	0					
297	gpa-9	1	19	0					
297	gpa-9	1	19	0					
298	gpa-9	1	19	0					
298	gpa-9	1	19	0					
299	gpa-9	1	19	0					
299	gpa-9	1	19	0					
300	gpa-9	1	19	0					
300	gpa-9	1	19	0					
301	gpa-9	1	19	0					
301	gpa-9	1	19	0					
302	gpa-9	1	19	0					
302	gpa-9	1	19	0					
303	gpa-9	1	19	0					
303	gpa-9	1	19	0					
304	gpa-9	1	19	0					
304	gpa-9	1	19	0					
305	gpa-9	1	19	0					
305	gpa-9	1	19	0					
306	gpa-9	1	19	0					
306	gpa-9	1	19	0					
307	gpa-9	1	19	0					
307	gpa-9	1	19	0					
308	gpa-9	1	21	0					
308	gpa-9	1	21	0					
309	gpa-9	1	21	0					
309	gpa-9	1	21	0					
310	gpa-9	1	21	0					
310	gpa-9	1	21	0					
311	gpa-9	1	21	0					
311	gpa-9	1	21	0					
312	gpa-9	1	21	0					
312	gpa-9	1	21	0					
313	gpa-9	1	21	0					
313	gpa-9	1	21	0					
314	gpa-9	1	21	0					
314	gpa-9	1	21	0					
315	gpa-9	1	21	0					
315	gpa-9	1	21	0					
316	gpa-9	1	21	0					
316	gpa-9	1	21	0					
317	gpa-9	1	21	0					
317	gpa-9	1	21	0					
318	gpa-9	1	21	0					
318	gpa-9	1	21	0					
319	gpa-9	1	21	0					
319	gpa-9	1	21	0					
320	gpa-9	1	21	0					
320	gpa-9	1	21	0					
321	gpa-9	1	21	0					
321	gpa-9	1	21	0					
322	gpa-9	1	21	0					
322	gpa-9	1	21	0					
323	gpa-9	1	21	0					
323	gpa-9	1	21	0					
324	gpa-9	1	21	0					
324	gpa-9	1	21	0					
325	gpa-9	1	21	0					
325	gpa-9	1	21	0					
326	gpa-9	1	21	0					
326	gpa-9	1	21	0					
327	gpa-9	1	21	0					
327	gpa-9	1	21	0					
328	gpa-9	1	23	0					
328	gpa-9	1	23	0					
329	gpa-9	1	23	0					
329	gpa-9	1	23	0					
330	gpa-9	1	23	0					
330	gpa-9	1	23	0					
331	gpa-9	1	23	0					
331	gpa-9	1	23	0					
332	gpa-9	1	23	0					
332	gpa-9	1	23	0					
333	gpa-9	1	23	0					
333	gpa-9	1	23	0					
334	gpa-9	1	23	0					
334	gpa-9	1	23	0					
335	gpa-9	1	23	0					
335	gpa-9	1	23	0					
336	gpa-9	1	23	0					
336	gpa-9	1	23	0					
337	gpa-9	1	23	0					
337	gpa-9	1	23	0					
338	gpa-9	1	23	0					
338	gpa-9	1	23	0					
339	gpa-9	1	23	0					
339	gpa-9	1	23	0					
340	gpa-9	1	23	0					
340	gpa-9	1	23	0					
341	gpa-9	1	23	0					
341	gpa-9	1	23	0					
342	gpa-9	1	23	0					
342	gpa-9	1	23	0					
343	gpa-9	1	23	0					
343	gpa-9	1	23	0					
344	gpa-9	1	23	0					
344	gpa-9	1	23	0					
345	gpa-9	1	23	0					
345	gpa-9	1	23	0					
346	gpa-9	1	23	0					
346	gpa-9	1	23	0					
347	gpa-9	1	26	0					
347	gpa-9	1	26	0					
348	gpa-9	1	26	0					
348	gpa-9	1	26	0					
349	gpa-9	1	26	0					
349	gpa-9	1	26	0					
350	gpa-9	1	26	0					
350	gpa-9	1	26	0					
351	gpa-9	1	16	2					
351	gpa-9	1	16	2					
352	gpa-9	1	17	2					
352	gpa-9	1	17	2					
353	gpa-9	2	14	0					
353	gpa-9	2	14	0					
354	gpa-9	2	14	0					
354	gpa-9	2	14	0					
355	gpa-9	2	14	0					
355	gpa-9	2	14	0					
356	gpa-9	2	16	0					
356	gpa-9	2	16	0					
357	gpa-9	2	16	0					
357	gpa-9	2	16	0					
358	gpa-9	2	16	0					
358	gpa-9	2	16	0					
359	gpa-9	2	16	0					
359	gpa-9	2	16	0					
360	gpa-9	2	16	0					
360	gpa-9	2	16	0					
361	gpa-9	2	16	0					
361	gpa-9	2	16	0					
362	gpa-9	2	17	0					
362	gpa-9	2	17	0					
363	gpa-9	2	17	0					
363	gpa-9	2	17	0					
364	gpa-9	2	17	0					
364	gpa-9	2	17	0					
365	gpa-9	2	17	0					
365	gpa-9	2	17	0					
366	gpa-9	2	17	0					
366	gpa-9	2	17	0					
367	gpa-9	2	17	0					
367	gpa-9	2	17	0					
368	gpa-9	2	17	0					
368	gpa-9	2	17	0					
369	gpa-9	2	19	0					
369	gpa-9	2	19	0					
370	gpa-9	2	19	0					
370	gpa-9	2	19	0					
371	gpa-9	2	19	0					
371	gpa-9	2	19	0					
372	gpa-9	2	19	0					
372	gpa-9	2	19	0					
373	gpa-9	2	19	0					
373	gpa-9	2	19	0					
374	gpa-9	2	19	0					
374	gpa-9	2	19	0					
375	gpa-9	2	19	0					
375	gpa-9	2	19	0					
376	gpa-9	2	19	0					
376	gpa-9	2	19	0					
377	gpa-9	2	19	0					
377	gpa-9	2	19	0					
378	gpa-9	2	19	0					
378	gpa-9	2	19	0					
379	gpa-9	2	19	0					
379	gpa-9	2	19	0					
380	gpa-9	2	19	0					
380	gpa-9	2	19	0					
381	gpa-9	2	19	0					
381	gpa-9	2	19	0					
382	gpa-9	2	21	0					
382	gpa-9	2	21	0					
383	gpa-9	2	21	0					
383	gpa-9	2	21	0					
384	gpa-9	2	21	0					
384	gpa-9	2	21	0					
385	gpa-9	2	21	0					
385	gpa-9	2	21	0					
386	gpa-9	2	21	0					
386	gpa-9	2	21	0					
387	gpa-9	2	21	0					
387	gpa-9	2	21	0					
388	gpa-9	2	21	0					
388	gpa-9	2	21	0					
389	gpa-9	2	21	0					
389	gpa-9	2	21	0					
390	gpa-9	2	21	0					
390	gpa-9	2	21	0					
391	gpa-9	2	21	0					
391	gpa-9	2	21	0					
392	gpa-9	2	21	0					
392	gpa-9	2	21	0					
393	gpa-9	2	21	0					
393	gpa-9	2	21	0					
394	gpa-9	2	21	0					
394	gpa-9	2	21	0					
395	gpa-9	2	21	0					
395	gpa-9	2	21	0					
396	gpa-9	2	21	0					
396	gpa-9	2	21	0					
397	gpa-9	2	21	0					
397	gpa-9	2	21	0					
398	gpa-9	2	21	0					
398	gpa-9	2	21	0					
399	gpa-9	2	21	0					
399	gpa-9	2	21	0					
400	gpa-9	2	21	0					
400	gpa-9	2	21	0					
401	gpa-9	2	21	0					
401	gpa-9	2	21	0					
402	gpa-9	2	21	0					
402	gpa-9	2	21	0					
403	gpa-9	2	23	0					
403	gpa-9	2	23	0					
404	gpa-9	2	23	0					
404	gpa-9	2	23	0					
405	gpa-9	2	23	0					
405	gpa-9	2	23	0					
406	gpa-9	2	23	0					
406	gpa-9	2	23	0					
407	gpa-9	2	23	0					
407	gpa-9	2	23	0					
408	gpa-9	2	23	0					
408	gpa-9	2	23	0					
409	gpa-9	2	23	0					
409	gpa-9	2	23	0					
410	gpa-9	2	23	0					
410	gpa-9	2	23	0					
411	gpa-9	2	23	0					
411	gpa-9	2	23	0					
412	gpa-9	2	23	0					
412	gpa-9	2	23	0					
413	gpa-9	2	23	0					
413	gpa-9	2	23	0					
414	gpa-9	2	23	0					
414	gpa-9	2	23	0					
415	gpa-9	2	23	0					
415	gpa-9	2	23	0					
416	gpa-9	2	23	0					
416	gpa-9	2	23	0					
417	gpa-9	2	23	0					
417	gpa-9	2	23	0					
418	gpa-9	2	23	0					
418	gpa-9	2	23	0					
419	gpa-9	2	26	0					
419	gpa-9	2	26	0					
420	gpa-9	2	26	0					
420	gpa-9	2	26	0					
421	gpa-9	2	26	0					
421	gpa-9	2	26	0					
422	gpa-9	2	14	2					
422	gpa-9	2	14	2					
423	gpa-9	2	14	2					
423	gpa-9	2	14	2					
424	gpa-9	2	14	2					
424	gpa-9	2	14	2					
425	gpa-9	2	14	2					
425	gpa-9	2	14	2					
426	gpa-9	2	17	2					
426	gpa-9	2	17	2					
427	gpa-9	2	17	2					
427	gpa-9	2	17	2					
428	trpa-1	2	16	0					
428	trpa-1	2	16	0					
429	trpa-1	2	16	0					
429	trpa-1	2	16	0					
430	trpa-1	2	16	0					
430	trpa-1	2	16	0					
431	trpa-1	2	16	0					
431	trpa-1	2	16	0					
432	trpa-1	2	16	0					
432	trpa-1	2	16	0					
433	trpa-1	2	16	0					
433	trpa-1	2	16	0					
434	trpa-1	2	16	0					
434	trpa-1	2	16	0					
435	trpa-1	2	17	0					
435	trpa-1	2	17	0					
436	trpa-1	2	17	0					
436	trpa-1	2	17	0					
437	trpa-1	2	17	0					
437	trpa-1	2	17	0					
438	trpa-1	2	17	0					
438	trpa-1	2	17	0					
439	trpa-1	2	17	0					
439	trpa-1	2	17	0					
440	trpa-1	2	17	0					
440	trpa-1	2	17	0					
441	trpa-1	2	17	0					
441	trpa-1	2	17	0					
442	trpa-1	2	17	0					
442	trpa-1	2	17	0					
443	trpa-1	2	19	0					
443	trpa-1	2	19	0					
444	trpa-1	2	19	0					
444	trpa-1	2	19	0					
445	trpa-1	2	19	0					
445	trpa-1	2	19	0					
446	trpa-1	2	19	0					
446	trpa-1	2	19	0					
447	trpa-1	2	19	0					
447	trpa-1	2	19	0					
448	trpa-1	2	19	0					
448	trpa-1	2	19	0					
449	trpa-1	2	19	0					
449	trpa-1	2	19	0					
450	trpa-1	2	21	0					
450	trpa-1	2	21	0					
451	trpa-1	2	21	0					
451	trpa-1	2	21	0					
452	trpa-1	2	21	0					
452	trpa-1	2	21	0					
453	trpa-1	2	21	0					
453	trpa-1	2	21	0					
454	trpa-1	2	21	0					
454	trpa-1	2	21	0					
455	trpa-1	2	21	0					
455	trpa-1	2	21	0					
456	trpa-1	2	21	0					
456	trpa-1	2	21	0					
457	trpa-1	2	21	0					
457	trpa-1	2	21	0					
458	trpa-1	2	21	0					
458	trpa-1	2	21	0					
459	trpa-1	2	21	0					
459	trpa-1	2	21	0					
460	trpa-1	2	21	0					
460	trpa-1	2	21	0					
461	trpa-1	2	21	0					
461	trpa-1	2	21	0					
462	trpa-1	2	21	0					
462	trpa-1	2	21	0					
463	trpa-1	2	21	0					
463	trpa-1	2	21	0					
464	trpa-1	2	21	0					
464	trpa-1	2	21	0					
465	trpa-1	2	21	0					
465	trpa-1	2	21	0					
466	trpa-1	2	21	0					
466	trpa-1	2	21	0					
467	trpa-1	2	21	0					
467	trpa-1	2	21	0					
468	trpa-1	2	21	0					
468	trpa-1	2	21	0					
469	trpa-1	2	21	0					
469	trpa-1	2	21	0					
470	trpa-1	2	21	0					
470	trpa-1	2	21	0					
471	trpa-1	2	23	0					
471	trpa-1	2	23	0					
472	trpa-1	2	23	0					
472	trpa-1	2	23	0					
473	trpa-1	2	23	0					
473	trpa-1	2	23	0					
474	trpa-1	2	23	0					
474	trpa-1	2	23	0					
475	trpa-1	2	23	0					
475	trpa-1	2	23	0					
476	trpa-1	2	23	0					
476	trpa-1	2	23	0					
477	trpa-1	2	23	0					
477	trpa-1	2	23	0					
478	trpa-1	2	23	0					
478	trpa-1	2	23	0					
479	trpa-1	2	23	0					
479	trpa-1	2	23	0					
480	trpa-1	2	23	0					
480	trpa-1	2	23	0					
481	trpa-1	2	23	0					
481	trpa-1	2	23	0					
482	trpa-1	2	23	0					
482	trpa-1	2	23	0					
483	trpa-1	2	23	0					
483	trpa-1	2	23	0					
484	trpa-1	2	23	0					
484	trpa-1	2	23	0					
485	trpa-1	2	26	0					
485	trpa-1	2	26	0					
486	trpa-1	2	26	0					
486	trpa-1	2	26	0					
487	trpa-1	2	26	0					
487	trpa-1	2	26	0					
488	trpa-1	2	26	0					
488	trpa-1	2	26	0					
489	trpa-1	2	26	0					
489	trpa-1	2	26	0					
490	trpa-1	2	26	0					
490	trpa-1	2	26	0					
491	trpa-1	2	26	0					
491	trpa-1	2	26	0					
492	trpa-1	2	26	0					
492	trpa-1	2	26	0					
493	trpa-1	2	26	0					
493	trpa-1	2	26	0					
494	trpa-1	2	28	0					
494	trpa-1	2	28	0					
495	trpa-1	2	28	0					
495	trpa-1	2	28	0					
496	tyr-2	1	12	0					
496	tyr-2	1	12	0					
497	tyr-2	1	12	0					
497	tyr-2	1	12	0					
498	tyr-2	1	14	0					
498	tyr-2	1	14	0					
499	tyr-2	1	14	0					
499	tyr-2	1	14	0					
500	tyr-2	1	14	0					
500	tyr-2	1	14	0					
501	tyr-2	1	16	0					
501	tyr-2	1	16	0					
502	tyr-2	1	16	0					
502	tyr-2	1	16	0					
503	tyr-2	1	16	0					
503	tyr-2	1	16	0					
504	tyr-2	1	16	0					
504	tyr-2	1	16	0					
505	tyr-2	1	16	0					
505	tyr-2	1	16	0					
506	tyr-2	1	16	0					
506	tyr-2	1	16	0					
507	tyr-2	1	16	0					
507	tyr-2	1	16	0					
508	tyr-2	1	16	0					
508	tyr-2	1	16	0					
509	tyr-2	1	16	0					
509	tyr-2	1	16	0					
510	tyr-2	1	16	0					
510	tyr-2	1	16	0					
511	tyr-2	1	16	0					
511	tyr-2	1	16	0					
512	tyr-2	1	16	0					
512	tyr-2	1	16	0					
513	tyr-2	1	16	0					
513	tyr-2	1	16	0					
514	tyr-2	1	16	0					
514	tyr-2	1	16	0					
515	tyr-2	1	17	0					
515	tyr-2	1	17	0					
516	tyr-2	1	17	0					
516	tyr-2	1	17	0					
517	tyr-2	1	17	0					
517	tyr-2	1	17	0					
518	tyr-2	1	17	0					
518	tyr-2	1	17	0					
519	tyr-2	1	17	0					
519	tyr-2	1	17	0					
520	tyr-2	1	19	0					
520	tyr-2	1	19	0					
521	tyr-2	1	19	0					
521	tyr-2	1	19	0					
522	tyr-2	1	19	0					
522	tyr-2	1	19	0					
523	tyr-2	1	19	0					
523	tyr-2	1	19	0					
524	tyr-2	1	19	0					
524	tyr-2	1	19	0					
525	tyr-2	1	19	0					
525	tyr-2	1	19	0					
526	tyr-2	1	19	0					
526	tyr-2	1	19	0					
527	tyr-2	1	19	0					
527	tyr-2	1	19	0					
528	tyr-2	1	19	0					
528	tyr-2	1	19	0					
529	tyr-2	1	19	0					
529	tyr-2	1	19	0					
530	tyr-2	1	19	0					
530	tyr-2	1	19	0					
531	tyr-2	1	19	0					
531	tyr-2	1	19	0					
532	tyr-2	1	19	0					
532	tyr-2	1	19	0					
533	tyr-2	1	21	0					
533	tyr-2	1	21	0					
534	tyr-2	1	21	0					
534	tyr-2	1	21	0					
535	tyr-2	1	21	0					
535	tyr-2	1	21	0					
536	tyr-2	1	21	0					
536	tyr-2	1	21	0					
537	tyr-2	1	21	0					
537	tyr-2	1	21	0					
538	tyr-2	1	21	0					
538	tyr-2	1	21	0					
539	tyr-2	1	23	0					
539	tyr-2	1	23	0					
540	tyr-2	1	23	0					
540	tyr-2	1	23	0					
541	tyr-2	1	23	0					
541	tyr-2	1	23	0					
542	tyr-2	1	14	2					
542	tyr-2	1	14	2					
543	tyr-2	1	16	2					
543	tyr-2	1	16	2					
544	tyr-2	1	16	2					
544	tyr-2	1	16	2					
545	tyr-2	1	16	2					
545	tyr-2	1	16	2					
546	tyr-2	1	17	2					
546	tyr-2	1	17	2					
547	tyr-2	1	17	2					
547	tyr-2	1	17	2					
548	tyr-2	1	12	3					
548	tyr-2	1	12	3					
549	tyr-2	2	12	0					
549	tyr-2	2	12	0					
550	tyr-2	2	12	0					
550	tyr-2	2	12	0					
551	tyr-2	2	14	0					
551	tyr-2	2	14	0					
552	tyr-2	2	14	0					
552	tyr-2	2	14	0					
553	tyr-2	2	14	0					
553	tyr-2	2	14	0					
554	tyr-2	2	14	0					
554	tyr-2	2	14	0					
555	tyr-2	2	16	0					
555	tyr-2	2	16	0					
556	tyr-2	2	16	0					
556	tyr-2	2	16	0					
557	tyr-2	2	16	0					
557	tyr-2	2	16	0					
558	tyr-2	2	16	0					
558	tyr-2	2	16	0					
559	tyr-2	2	16	0					
559	tyr-2	2	16	0					
560	tyr-2	2	16	0					
560	tyr-2	2	16	0					
561	tyr-2	2	16	0					
561	tyr-2	2	16	0					
562	tyr-2	2	16	0					
562	tyr-2	2	16	0					
563	tyr-2	2	16	0					
563	tyr-2	2	16	0					
564	tyr-2	2	17	0					
564	tyr-2	2	17	0					
565	tyr-2	2	17	0					
565	tyr-2	2	17	0					
566	tyr-2	2	17	0					
566	tyr-2	2	17	0					
567	tyr-2	2	17	0					
567	tyr-2	2	17	0					
568	tyr-2	2	17	0					
568	tyr-2	2	17	0					
569	tyr-2	2	17	0					
569	tyr-2	2	17	0					
570	tyr-2	2	17	0					
570	tyr-2	2	17	0					
571	tyr-2	2	17	0					
571	tyr-2	2	17	0					
572	tyr-2	2	19	0					
572	tyr-2	2	19	0					
573	tyr-2	2	19	0					
573	tyr-2	2	19	0					
574	tyr-2	2	19	0					
574	tyr-2	2	19	0					
575	tyr-2	2	19	0					
575	tyr-2	2	19	0					
576	tyr-2	2	19	0					
576	tyr-2	2	19	0					
577	tyr-2	2	19	0					
577	tyr-2	2	19	0					
578	tyr-2	2	19	0					
578	tyr-2	2	19	0					
579	tyr-2	2	19	0					
579	tyr-2	2	19	0					
580	tyr-2	2	19	0					
580	tyr-2	2	19	0					
581	tyr-2	2	19	0					
581	tyr-2	2	19	0					
582	tyr-2	2	19	0					
582	tyr-2	2	19	0					
583	tyr-2	2	19	0					
583	tyr-2	2	19	0					
584	tyr-2	2	21	0					
584	tyr-2	2	21	0					
585	tyr-2	2	21	0					
585	tyr-2	2	21	0					
586	tyr-2	2	21	0					
586	tyr-2	2	21	0					
587	tyr-2	2	21	0					
587	tyr-2	2	21	0					
588	tyr-2	2	21	0					
588	tyr-2	2	21	0					
589	tyr-2	2	21	0					
589	tyr-2	2	21	0					
590	tyr-2	2	16	2					
590	tyr-2	2	16	2					
591	tyr-2	2	16	2					
591	tyr-2	2	16	2					
592	tyr-2	2	16	2					
592	tyr-2	2	16	2					
593	tyr-2	2	16	2					
593	tyr-2	2	16	2					
594	tyr-2	2	17	2					
594	tyr-2	2	17	2					
595	lys-8	1	12	0					
595	lys-8	1	12	0					
596	lys-8	1	12	0					
596	lys-8	1	12	0					
597	lys-8	1	12	0					
597	lys-8	1	12	0					
598	lys-8	1	14	0					
598	lys-8	1	14	0					
599	lys-8	1	16	0					
599	lys-8	1	16	0					
600	lys-8	1	16	0					
600	lys-8	1	16	0					
601	lys-8	1	16	0					
601	lys-8	1	16	0					
602	lys-8	1	16	0					
602	lys-8	1	16	0					
603	lys-8	1	16	0					
603	lys-8	1	16	0					
604	lys-8	1	16	0					
604	lys-8	1	16	0					
605	lys-8	1	16	0					
605	lys-8	1	16	0					
606	lys-8	1	16	0					
606	lys-8	1	16	0					
607	lys-8	1	16	0					
607	lys-8	1	16	0					
608	lys-8	1	16	0					
608	lys-8	1	16	0					
609	lys-8	1	16	0					
609	lys-8	1	16	0					
610	lys-8	1	16	0					
610	lys-8	1	16	0					
611	lys-8	1	16	0					
611	lys-8	1	16	0					
612	lys-8	1	17	0					
612	lys-8	1	17	0					
613	lys-8	1	17	0					
613	lys-8	1	17	0					
614	lys-8	1	17	0					
614	lys-8	1	17	0					
615	lys-8	1	17	0					
615	lys-8	1	17	0					
616	lys-8	1	17	0					
616	lys-8	1	17	0					
617	lys-8	1	17	0					
617	lys-8	1	17	0					
618	lys-8	1	17	0					
618	lys-8	1	17	0					
619	lys-8	1	17	0					
619	lys-8	1	17	0					
620	lys-8	1	17	0					
620	lys-8	1	17	0					
621	lys-8	1	19	0					
621	lys-8	1	19	0					
622	lys-8	1	19	0					
622	lys-8	1	19	0					
623	lys-8	1	19	0					
623	lys-8	1	19	0					
624	lys-8	1	19	0					
624	lys-8	1	19	0					
625	lys-8	1	19	0					
625	lys-8	1	19	0					
626	lys-8	1	19	0					
626	lys-8	1	19	0					
627	lys-8	1	19	0					
627	lys-8	1	19	0					
628	lys-8	1	19	0					
628	lys-8	1	19	0					
629	lys-8	1	19	0					
629	lys-8	1	19	0					
630	lys-8	1	19	0					
630	lys-8	1	19	0					
631	lys-8	1	19	0					
631	lys-8	1	19	0					
632	lys-8	1	19	0					
632	lys-8	1	19	0					
633	lys-8	1	19	0					
633	lys-8	1	19	0					
634	lys-8	1	21	0					
634	lys-8	1	21	0					
635	lys-8	1	21	0					
635	lys-8	1	21	0					
636	lys-8	1	21	0					
636	lys-8	1	21	0					
637	lys-8	1	21	0					
637	lys-8	1	21	0					
638	lys-8	1	21	0					
638	lys-8	1	21	0					
639	lys-8	1	21	0					
639	lys-8	1	21	0					
640	lys-8	1	21	0					
640	lys-8	1	21	0					
641	lys-8	1	21	0					
641	lys-8	1	21	0					
642	lys-8	1	21	0					
642	lys-8	1	21	0					
643	lys-8	1	21	0					
643	lys-8	1	21	0					
644	lys-8	1	21	0					
644	lys-8	1	21	0					
645	lys-8	1	21	0					
645	lys-8	1	21	0					
646	lys-8	1	21	0					
646	lys-8	1	21	0					
647	lys-8	1	21	0					
647	lys-8	1	21	0					
648	lys-8	1	21	0					
648	lys-8	1	21	0					
649	lys-8	1	21	0					
649	lys-8	1	21	0					
650	lys-8	1	21	0					
650	lys-8	1	21	0					
651	lys-8	1	21	0					
651	lys-8	1	21	0					
652	lys-8	1	21	0					
652	lys-8	1	21	0					
653	lys-8	1	23	0					
653	lys-8	1	23	0					
654	lys-8	1	23	0					
654	lys-8	1	23	0					
655	lys-8	1	23	0					
655	lys-8	1	23	0					
656	lys-8	1	23	0					
656	lys-8	1	23	0					
657	lys-8	1	23	0					
657	lys-8	1	23	0					
658	lys-8	1	23	0					
658	lys-8	1	23	0					
659	lys-8	1	23	0					
659	lys-8	1	23	0					
660	lys-8	1	23	0					
660	lys-8	1	23	0					
661	lys-8	1	23	0					
661	lys-8	1	23	0					
662	lys-8	1	23	0					
662	lys-8	1	23	0					
663	lys-8	1	23	0					
663	lys-8	1	23	0					
664	lys-8	1	23	0					
664	lys-8	1	23	0					
665	lys-8	1	23	0					
665	lys-8	1	23	0					
666	lys-8	1	23	0					
666	lys-8	1	23	0					
667	lys-8	1	23	0					
667	lys-8	1	23	0					
668	lys-8	1	23	0					
668	lys-8	1	23	0					
669	lys-8	1	23	0					
669	lys-8	1	23	0					
670	lys-8	1	23	0					
670	lys-8	1	23	0					
671	lys-8	1	23	0					
671	lys-8	1	23	0					
672	lys-8	1	26	0					
672	lys-8	1	26	0					
673	lys-8	1	26	0					
673	lys-8	1	26	0					
674	lys-8	1	26	0					
674	lys-8	1	26	0					
675	lys-8	1	26	0					
675	lys-8	1	26	0					
676	lys-8	1	28	0					
676	lys-8	1	28	0					
677	lys-8	1	14	2					
677	lys-8	1	14	2					
678	lys-8	1	14	2					
678	lys-8	1	14	2					
679	lys-8	1	14	2					
679	lys-8	1	14	2					
680	lys-8	2	12	0					
680	lys-8	2	12	0					
681	lys-8	2	14	0					
681	lys-8	2	14	0					
682	lys-8	2	14	0					
682	lys-8	2	14	0					
683	lys-8	2	14	0					
683	lys-8	2	14	0					
684	lys-8	2	16	0					
684	lys-8	2	16	0					
685	lys-8	2	16	0					
685	lys-8	2	16	0					
686	lys-8	2	16	0					
686	lys-8	2	16	0					
687	lys-8	2	16	0					
687	lys-8	2	16	0					
688	lys-8	2	16	0					
688	lys-8	2	16	0					
689	lys-8	2	16	0					
689	lys-8	2	16	0					
690	lys-8	2	16	0					
690	lys-8	2	16	0					
691	lys-8	2	17	0					
691	lys-8	2	17	0					
692	lys-8	2	17	0					
692	lys-8	2	17	0					
693	lys-8	2	17	0					
693	lys-8	2	17	0					
694	lys-8	2	17	0					
694	lys-8	2	17	0					
695	lys-8	2	17	0					
695	lys-8	2	17	0					
696	lys-8	2	17	0					
696	lys-8	2	17	0					
697	lys-8	2	17	0					
697	lys-8	2	17	0					
698	lys-8	2	19	0					
698	lys-8	2	19	0					
699	lys-8	2	19	0					
699	lys-8	2	19	0					
700	lys-8	2	19	0					
700	lys-8	2	19	0					
701	lys-8	2	19	0					
701	lys-8	2	19	0					
702	lys-8	2	19	0					
702	lys-8	2	19	0					
703	lys-8	2	19	0					
703	lys-8	2	19	0					
704	lys-8	2	19	0					
704	lys-8	2	19	0					
705	lys-8	2	19	0					
705	lys-8	2	19	0					
706	lys-8	2	19	0					
706	lys-8	2	19	0					
707	lys-8	2	19	0					
707	lys-8	2	19	0					
708	lys-8	2	19	0					
708	lys-8	2	19	0					
709	lys-8	2	19	0					
709	lys-8	2	19	0					
710	lys-8	2	19	0					
710	lys-8	2	19	0					
711	lys-8	2	19	0					
711	lys-8	2	19	0					
712	lys-8	2	19	0					
712	lys-8	2	19	0					
713	lys-8	2	19	0					
713	lys-8	2	19	0					
714	lys-8	2	21	0					
714	lys-8	2	21	0					
715	lys-8	2	21	0					
715	lys-8	2	21	0					
716	lys-8	2	21	0					
716	lys-8	2	21	0					
717	lys-8	2	21	0					
717	lys-8	2	21	0					
718	lys-8	2	21	0					
718	lys-8	2	21	0					
719	lys-8	2	21	0					
719	lys-8	2	21	0					
720	lys-8	2	21	0					
720	lys-8	2	21	0					
721	lys-8	2	21	0					
721	lys-8	2	21	0					
722	lys-8	2	21	0					
722	lys-8	2	21	0					
723	lys-8	2	21	0					
723	lys-8	2	21	0					
724	lys-8	2	21	0					
724	lys-8	2	21	0					
725	lys-8	2	21	0					
725	lys-8	2	21	0					
726	lys-8	2	21	0					
726	lys-8	2	21	0					
727	lys-8	2	21	0					
727	lys-8	2	21	0					
728	lys-8	2	21	0					
728	lys-8	2	21	0					
729	lys-8	2	21	0					
729	lys-8	2	21	0					
730	lys-8	2	21	0					
730	lys-8	2	21	0					
731	lys-8	2	21	0					
731	lys-8	2	21	0					
732	lys-8	2	21	0					
732	lys-8	2	21	0					
733	lys-8	2	23	0					
733	lys-8	2	23	0					
734	lys-8	2	23	0					
734	lys-8	2	23	0					
735	lys-8	2	23	0					
735	lys-8	2	23	0					
736	lys-8	2	23	0					
736	lys-8	2	23	0					
737	lys-8	2	23	0					
737	lys-8	2	23	0					
738	lys-8	2	23	0					
738	lys-8	2	23	0					
739	lys-8	2	23	0					
739	lys-8	2	23	0					
740	lys-8	2	23	0					
740	lys-8	2	23	0					
741	lys-8	2	23	0					
741	lys-8	2	23	0					
742	lys-8	2	23	0					
742	lys-8	2	23	0					
743	lys-8	2	26	0					
743	lys-8	2	26	0					
744	lys-8	2	26	0					
744	lys-8	2	26	0					
745	lys-8	2	14	2					
745	lys-8	2	14	2					
746	lys-8	2	14	2					
746	lys-8	2	14	2					
747	lys-8	2	16	2					
747	lys-8	2	16	2					
748	rhy-1	1	12	0					
748	rhy-1	1	12	0					
749	rhy-1	1	12	0					
749	rhy-1	1	12	0					
750	rhy-1	1	14	0					
750	rhy-1	1	14	0					
751	rhy-1	1	16	0					
751	rhy-1	1	16	0					
752	rhy-1	1	16	0					
752	rhy-1	1	16	0					
753	rhy-1	1	16	0					
753	rhy-1	1	16	0					
754	rhy-1	1	16	0					
754	rhy-1	1	16	0					
755	rhy-1	1	16	0					
755	rhy-1	1	16	0					
756	rhy-1	1	16	0					
756	rhy-1	1	16	0					
757	rhy-1	1	16	0					
757	rhy-1	1	16	0					
758	rhy-1	1	16	0					
758	rhy-1	1	16	0					
759	rhy-1	1	16	0					
759	rhy-1	1	16	0					
760	rhy-1	1	16	0					
760	rhy-1	1	16	0					
761	rhy-1	1	16	0					
761	rhy-1	1	16	0					
762	rhy-1	1	16	0					
762	rhy-1	1	16	0					
763	rhy-1	1	16	0					
763	rhy-1	1	16	0					
764	rhy-1	1	16	0					
764	rhy-1	1	16	0					
765	rhy-1	1	16	0					
765	rhy-1	1	16	0					
766	rhy-1	1	16	0					
766	rhy-1	1	16	0					
767	rhy-1	1	17	0					
767	rhy-1	1	17	0					
768	rhy-1	1	17	0					
768	rhy-1	1	17	0					
769	rhy-1	1	17	0					
769	rhy-1	1	17	0					
770	rhy-1	1	17	0					
770	rhy-1	1	17	0					
771	rhy-1	1	19	0					
771	rhy-1	1	19	0					
772	rhy-1	1	19	0					
772	rhy-1	1	19	0					
773	rhy-1	1	19	0					
773	rhy-1	1	19	0					
774	rhy-1	1	19	0					
774	rhy-1	1	19	0					
775	rhy-1	1	19	0					
775	rhy-1	1	19	0					
776	rhy-1	1	19	0					
776	rhy-1	1	19	0					
777	rhy-1	1	19	0					
777	rhy-1	1	19	0					
778	rhy-1	1	19	0					
778	rhy-1	1	19	0					
779	rhy-1	1	19	0					
779	rhy-1	1	19	0					
780	rhy-1	1	19	0					
780	rhy-1	1	19	0					
781	rhy-1	1	21	0					
781	rhy-1	1	21	0					
782	rhy-1	1	21	0					
782	rhy-1	1	21	0					
783	rhy-1	1	21	0					
783	rhy-1	1	21	0					
784	rhy-1	1	17	1					
784	rhy-1	1	17	1					
785	rhy-1	1	12	2					
785	rhy-1	1	12	2					
786	rhy-1	1	12	2					
786	rhy-1	1	12	2					
787	rhy-1	1	12	2					
787	rhy-1	1	12	2					
788	rhy-1	1	12	2					
788	rhy-1	1	12	2					
789	rhy-1	1	14	2					
789	rhy-1	1	14	2					
790	rhy-1	1	14	2					
790	rhy-1	1	14	2					
791	rhy-1	1	14	2					
791	rhy-1	1	14	2					
792	rhy-1	1	14	2					
792	rhy-1	1	14	2					
793	rhy-1	1	14	2					
793	rhy-1	1	14	2					
794	rhy-1	1	14	2					
794	rhy-1	1	14	2					
795	rhy-1	1	14	2					
795	rhy-1	1	14	2					
796	rhy-1	1	14	2					
796	rhy-1	1	14	2					
797	rhy-1	1	14	2					
797	rhy-1	1	14	2					
798	rhy-1	1	14	2					
798	rhy-1	1	14	2					
799	rhy-1	1	14	2					
799	rhy-1	1	14	2					
800	rhy-1	1	14	2					
800	rhy-1	1	14	2					
801	rhy-1	1	16	2					
801	rhy-1	1	16	2					
802	rhy-1	1	16	2					
802	rhy-1	1	16	2					
803	rhy-1	1	16	2					
803	rhy-1	1	16	2					
804	rhy-1	1	16	2					
804	rhy-1	1	16	2					
805	rhy-1	1	16	2					
805	rhy-1	1	16	2					
806	rhy-1	1	16	2					
806	rhy-1	1	16	2					
807	rhy-1	1	17	2					
807	rhy-1	1	17	2					
808	rhy-1	1	17	2					
808	rhy-1	1	17	2					
809	rhy-1	1	17	2					
809	rhy-1	1	17	2					
810	rhy-1	1	19	2					
810	rhy-1	1	19	2					
811	rhy-1	1	19	2					
811	rhy-1	1	19	2					
812	rhy-1	1	19	2					
812	rhy-1	1	19	2					
813	rhy-1	1	21	2					
813	rhy-1	1	21	2					
814	rhy-1	1	21	2					
814	rhy-1	1	21	2					
815	rhy-1	1	12	3					
815	rhy-1	1	12	3					
816	rhy-1	1	12	3					
816	rhy-1	1	12	3					
817	rhy-1	1	12	3					
817	rhy-1	1	12	3					
818	rhy-1	1	12	3					
818	rhy-1	1	12	3					
819	rhy-1	1	14	3					
819	rhy-1	1	14	3					
820	rhy-1	1	14	3					
820	rhy-1	1	14	3					
821	rhy-1	2	14	0					
821	rhy-1	2	14	0					
822	rhy-1	2	14	0					
822	rhy-1	2	14	0					
823	rhy-1	2	16	0					
823	rhy-1	2	16	0					
824	rhy-1	2	16	0					
824	rhy-1	2	16	0					
825	rhy-1	2	16	0					
825	rhy-1	2	16	0					
826	rhy-1	2	16	0					
826	rhy-1	2	16	0					
827	rhy-1	2	16	0					
827	rhy-1	2	16	0					
828	rhy-1	2	16	0					
828	rhy-1	2	16	0					
829	rhy-1	2	16	0					
829	rhy-1	2	16	0					
830	rhy-1	2	16	0					
830	rhy-1	2	16	0					
831	rhy-1	2	16	0					
831	rhy-1	2	16	0					
832	rhy-1	2	16	0					
832	rhy-1	2	16	0					
833	rhy-1	2	17	0					
833	rhy-1	2	17	0					
834	rhy-1	2	17	0					
834	rhy-1	2	17	0					
835	rhy-1	2	17	0					
835	rhy-1	2	17	0					
836	rhy-1	2	17	0					
836	rhy-1	2	17	0					
837	rhy-1	2	17	0					
837	rhy-1	2	17	0					
838	rhy-1	2	17	0					
838	rhy-1	2	17	0					
839	rhy-1	2	17	0					
839	rhy-1	2	17	0					
840	rhy-1	2	19	0					
840	rhy-1	2	19	0					
841	rhy-1	2	19	0					
841	rhy-1	2	19	0					
842	rhy-1	2	19	0					
842	rhy-1	2	19	0					
843	rhy-1	2	19	0					
843	rhy-1	2	19	0					
844	rhy-1	2	19	0					
844	rhy-1	2	19	0					
845	rhy-1	2	19	0					
845	rhy-1	2	19	0					
846	rhy-1	2	19	0					
846	rhy-1	2	19	0					
847	rhy-1	2	19	0					
847	rhy-1	2	19	0					
848	rhy-1	2	19	0					
848	rhy-1	2	19	0					
849	rhy-1	2	19	0					
849	rhy-1	2	19	0					
850	rhy-1	2	19	0					
850	rhy-1	2	19	0					
851	rhy-1	2	19	0					
851	rhy-1	2	19	0					
852	rhy-1	2	19	0					
852	rhy-1	2	19	0					
853	rhy-1	2	19	0					
853	rhy-1	2	19	0					
854	rhy-1	2	19	0					
854	rhy-1	2	19	0					
855	rhy-1	2	21	0					
855	rhy-1	2	21	0					
856	rhy-1	2	21	0					
856	rhy-1	2	21	0					
857	rhy-1	2	21	0					
857	rhy-1	2	21	0					
858	rhy-1	2	23	0					
858	rhy-1	2	23	0					
859	rhy-1	2	12	2					
859	rhy-1	2	12	2					
860	rhy-1	2	12	2					
860	rhy-1	2	12	2					
861	rhy-1	2	12	2					
861	rhy-1	2	12	2					
862	rhy-1	2	12	2					
862	rhy-1	2	12	2					
863	rhy-1	2	14	2					
863	rhy-1	2	14	2					
864	rhy-1	2	14	2					
864	rhy-1	2	14	2					
865	rhy-1	2	14	2					
865	rhy-1	2	14	2					
866	rhy-1	2	14	2					
866	rhy-1	2	14	2					
867	rhy-1	2	14	2					
867	rhy-1	2	14	2					
868	rhy-1	2	14	2					
868	rhy-1	2	14	2					
869	rhy-1	2	14	2					
869	rhy-1	2	14	2					
870	rhy-1	2	14	2					
870	rhy-1	2	14	2					
871	rhy-1	2	14	2					
871	rhy-1	2	14	2					
872	rhy-1	2	14	2					
872	rhy-1	2	14	2					
873	rhy-1	2	14	2					
873	rhy-1	2	14	2					
874	rhy-1	2	14	2					
874	rhy-1	2	14	2					
875	rhy-1	2	14	2					
875	rhy-1	2	14	2					
876	rhy-1	2	16	2					
876	rhy-1	2	16	2					
877	rhy-1	2	16	2					
877	rhy-1	2	16	2					
878	rhy-1	2	16	2					
878	rhy-1	2	16	2					
879	rhy-1	2	16	2					
879	rhy-1	2	16	2					
880	rhy-1	2	17	2					
880	rhy-1	2	17	2					
881	rhy-1	2	17	2					
881	rhy-1	2	17	2					
882	rhy-1	2	19	2					
882	rhy-1	2	19	2					
883	rhy-1	2	19	2					
883	rhy-1	2	19	2					
884	rhy-1	2	12	3					
884	rhy-1	2	12	3					
885	rhy-1	2	12	3					
885	rhy-1	2	12	3					
886	rhy-1	2	12	3					
886	rhy-1	2	12	3					
887	rhy-1	2	12	3					
887	rhy-1	2	12	3					
888	rhy-1	2	12	3					
888	rhy-1	2	12	3					
889	rhy-1	2	12	3					
889	rhy-1	2	12	3					
890	rhy-1	2	12	3					
890	rhy-1	2	12	3					
891	rol-6	1	12	3					
891	rol-6	1	12	3					
892	rol-6	1	12	3					
892	rol-6	1	12	3					
893	rol-6	1	14	2					
893	rol-6	1	14	2					
894	rol-6	1	12	0					
894	rol-6	1	12	0					
895	rol-6	1	14	0					
895	rol-6	1	14	0					
896	rol-6	1	14	0					
896	rol-6	1	14	0					
897	rol-6	1	14	0					
897	rol-6	1	14	0					
898	rol-6	1	14	0					
898	rol-6	1	14	0					
899	rol-6	1	14	0					
899	rol-6	1	14	0					
900	rol-6	1	14	0					
900	rol-6	1	14	0					
901	rol-6	1	14	0					
901	rol-6	1	14	0					
902	rol-6	1	14	0					
902	rol-6	1	14	0					
903	rol-6	1	16	0					
903	rol-6	1	16	0					
904	rol-6	1	16	0					
904	rol-6	1	16	0					
905	rol-6	1	16	0					
905	rol-6	1	16	0					
906	rol-6	1	16	0					
906	rol-6	1	16	0					
907	rol-6	1	16	0					
907	rol-6	1	16	0					
908	rol-6	1	16	0					
908	rol-6	1	16	0					
909	rol-6	1	16	0					
909	rol-6	1	16	0					
910	rol-6	1	16	0					
910	rol-6	1	16	0					
911	rol-6	1	16	0					
911	rol-6	1	16	0					
912	rol-6	1	16	0					
912	rol-6	1	16	0					
913	rol-6	1	16	0					
913	rol-6	1	16	0					
914	rol-6	1	16	0					
914	rol-6	1	16	0					
915	rol-6	1	16	0					
915	rol-6	1	16	0					
916	rol-6	1	16	0					
916	rol-6	1	16	0					
917	rol-6	1	16	0					
917	rol-6	1	16	0					
918	rol-6	1	16	0					
918	rol-6	1	16	0					
919	rol-6	1	16	0					
919	rol-6	1	16	0					
920	rol-6	1	16	0					
920	rol-6	1	16	0					
921	rol-6	1	16	0					
921	rol-6	1	16	0					
922	rol-6	1	16	0					
922	rol-6	1	16	0					
923	rol-6	1	16	0					
923	rol-6	1	16	0					
924	rol-6	1	16	0					
924	rol-6	1	16	0					
925	rol-6	1	16	0					
925	rol-6	1	16	0					
926	rol-6	1	16	0					
926	rol-6	1	16	0					
927	rol-6	1	16	0					
927	rol-6	1	16	0					
928	rol-6	1	16	0					
928	rol-6	1	16	0					
929	rol-6	1	16	0					
929	rol-6	1	16	0					
930	rol-6	1	16	0					
930	rol-6	1	16	0					
931	rol-6	1	16	0					
931	rol-6	1	16	0					
932	rol-6	1	16	0					
932	rol-6	1	16	0					
933	rol-6	1	16	0					
933	rol-6	1	16	0					
934	rol-6	1	16	0					
934	rol-6	1	16	0					
935	rol-6	1	16	0					
935	rol-6	1	16	0					
936	rol-6	1	17	0					
936	rol-6	1	17	0					
937	rol-6	1	17	0					
937	rol-6	1	17	0					
938	rol-6	1	17	0					
938	rol-6	1	17	0					
939	rol-6	1	17	0					
939	rol-6	1	17	0					
940	rol-6	1	17	0					
940	rol-6	1	17	0					
941	rol-6	1	17	0					
941	rol-6	1	17	0					
942	rol-6	1	17	0					
942	rol-6	1	17	0					
943	rol-6	1	17	0					
943	rol-6	1	17	0					
944	rol-6	1	17	0					
944	rol-6	1	17	0					
945	rol-6	1	17	0					
945	rol-6	1	17	0					
946	rol-6	1	17	0					
946	rol-6	1	17	0					
947	rol-6	1	17	0					
947	rol-6	1	17	0					
948	rol-6	1	17	0					
948	rol-6	1	17	0					
949	rol-6	1	17	0					
949	rol-6	1	17	0					
950	rol-6	1	17	0					
950	rol-6	1	17	0					
951	rol-6	1	17	0					
951	rol-6	1	17	0					
952	rol-6	1	19	0					
952	rol-6	1	19	0					
953	rol-6	1	19	0					
953	rol-6	1	19	0					
954	rol-6	1	19	0					
954	rol-6	1	19	0					
955	rol-6	1	19	0					
955	rol-6	1	19	0					
956	rol-6	1	19	0					
956	rol-6	1	19	0					
957	rol-6	1	19	0					
957	rol-6	1	19	0					
958	rol-6	1	19	0					
958	rol-6	1	19	0					
959	rol-6	1	19	0					
959	rol-6	1	19	0					
960	rol-6	1	19	0					
960	rol-6	1	19	0					
961	rol-6	1	19	0					
961	rol-6	1	19	0					
962	rol-6	1	19	0					
962	rol-6	1	19	0					
963	rol-6	1	19	0					
963	rol-6	1	19	0					
964	rol-6	1	19	0					
964	rol-6	1	19	0					
965	rol-6	1	19	0					
965	rol-6	1	19	0					
966	rol-6	1	19	0					
966	rol-6	1	19	0					
967	rol-6	1	19	0					
967	rol-6	1	19	0					
968	rol-6	1	19	0					
968	rol-6	1	19	0					
969	rol-6	1	19	0					
969	rol-6	1	19	0					
970	rol-6	1	19	0					
970	rol-6	1	19	0					
971	rol-6	1	21	0					
971	rol-6	1	21	0					
972	rol-6	1	21	0					
972	rol-6	1	21	0					
973	rol-6	1	21	0					
973	rol-6	1	21	0					
974	rol-6	1	21	0					
974	rol-6	1	21	0					
975	rol-6	1	21	0					
975	rol-6	1	21	0					
976	rol-6	1	21	0					
976	rol-6	1	21	0					
977	rol-6	1	21	0					
977	rol-6	1	21	0					
978	rol-6	1	21	0					
978	rol-6	1	21	0					
979	rol-6	1	21	0					
979	rol-6	1	21	0					
980	rol-6	1	23	0					
980	rol-6	1	23	0					
981	rol-6	2	16	2					
981	rol-6	2	16	2					
982	rol-6	2	16	2					
982	rol-6	2	16	2					
983	rol-6	2	14	0					
983	rol-6	2	14	0					
984	rol-6	2	14	0					
984	rol-6	2	14	0					
985	rol-6	2	14	0					
985	rol-6	2	14	0					
986	rol-6	2	14	0					
986	rol-6	2	14	0					
987	rol-6	2	16	0					
987	rol-6	2	16	0					
988	rol-6	2	16	0					
988	rol-6	2	16	0					
989	rol-6	2	16	0					
989	rol-6	2	16	0					
990	rol-6	2	16	0					
990	rol-6	2	16	0					
991	rol-6	2	16	0					
991	rol-6	2	16	0					
992	rol-6	2	16	0					
992	rol-6	2	16	0					
993	rol-6	2	16	0					
993	rol-6	2	16	0					
994	rol-6	2	16	0					
994	rol-6	2	16	0					
995	rol-6	2	16	0					
995	rol-6	2	16	0					
996	rol-6	2	16	0					
996	rol-6	2	16	0					
997	rol-6	2	16	0					
997	rol-6	2	16	0					
998	rol-6	2	16	0					
998	rol-6	2	16	0					
999	rol-6	2	16	0					
999	rol-6	2	16	0					
1000	rol-6	2	16	0					
1000	rol-6	2	16	0					
1001	rol-6	2	16	0					
1001	rol-6	2	16	0					
1002	rol-6	2	16	0					
1002	rol-6	2	16	0					
1003	rol-6	2	16	0					
1003	rol-6	2	16	0					
1004	rol-6	2	16	0					
1004	rol-6	2	16	0					
1005	rol-6	2	16	0					
1005	rol-6	2	16	0					
1006	rol-6	2	16	0					
1006	rol-6	2	16	0					
1007	rol-6	2	16	0					
1007	rol-6	2	16	0					
1008	rol-6	2	16	0					
1008	rol-6	2	16	0					
1009	rol-6	2	16	0					
1009	rol-6	2	16	0					
1010	rol-6	2	16	0					
1010	rol-6	2	16	0					
1011	rol-6	2	16	0					
1011	rol-6	2	16	0					
1012	rol-6	2	16	0					
1012	rol-6	2	16	0					
1013	rol-6	2	17	0					
1013	rol-6	2	17	0					
1014	rol-6	2	17	0					
1014	rol-6	2	17	0					
1015	rol-6	2	17	0					
1015	rol-6	2	17	0					
1016	rol-6	2	17	0					
1016	rol-6	2	17	0					
1017	rol-6	2	17	0					
1017	rol-6	2	17	0					
1018	rol-6	2	17	0					
1018	rol-6	2	17	0					
1019	rol-6	2	17	0					
1019	rol-6	2	17	0					
1020	rol-6	2	17	0					
1020	rol-6	2	17	0					
1021	rol-6	2	17	0					
1021	rol-6	2	17	0					
1022	rol-6	2	17	0					
1022	rol-6	2	17	0					
1023	rol-6	2	17	0					
1023	rol-6	2	17	0					
1024	rol-6	2	17	0					
1024	rol-6	2	17	0					
1025	rol-6	2	17	0					
1025	rol-6	2	17	0					
1026	rol-6	2	17	0					
1026	rol-6	2	17	0					
1027	rol-6	2	17	0					
1027	rol-6	2	17	0					
1028	rol-6	2	17	0					
1028	rol-6	2	17	0					
1029	rol-6	2	17	0					
1029	rol-6	2	17	0					
1030	rol-6	2	19	0					
1030	rol-6	2	19	0					
1031	rol-6	2	19	0					
1031	rol-6	2	19	0					
1032	rol-6	2	19	0					
1032	rol-6	2	19	0					
1033	rol-6	2	19	0					
1033	rol-6	2	19	0					
1034	rol-6	2	19	0					
1034	rol-6	2	19	0					
1035	rol-6	2	19	0					
1035	rol-6	2	19	0					
1036	rol-6	2	19	0					
1036	rol-6	2	19	0					
1037	rol-6	2	19	0					
1037	rol-6	2	19	0					
1038	rol-6	2	19	0					
1038	rol-6	2	19	0					
1039	rol-6	2	19	0					
1039	rol-6	2	19	0					
1040	rol-6	2	19	0					
1040	rol-6	2	19	0					
1041	rol-6	2	19	0					
1041	rol-6	2	19	0					
1042	rol-6	2	19	0					
1042	rol-6	2	19	0					
1043	rol-6	2	19	0					
1043	rol-6	2	19	0					
1044	rol-6	2	21	0					
1044	rol-6	2	21	0					
1045	rol-6	2	21	0					
1045	rol-6	2	21	0					
1046	rol-6	2	21	0					
1046	rol-6	2	21	0					
1047	rol-6	2	21	0					
1047	rol-6	2	21	0					
1048	rol-6	2	21	0					
1048	rol-6	2	21	0					
1049	rol-6	2	21	0					
1049	rol-6	2	21	0					
1050	rol-6	2	21	0					
1050	rol-6	2	21	0					
1051	rol-6	2	21	0					
1051	rol-6	2	21	0					
1052	rol-6	2	21	0					
1052	rol-6	2	21	0					
