strain	replicate	age.at.death	rupture	
strain	replicate	age.at.death	rupture	
1	N2	1	8	0
1	N2	1	8	0
2	N2	1	10	0
2	N2	1	10	0
3	N2	1	10	0
3	N2	1	10	0
4	N2	1	10	0
4	N2	1	10	0
5	N2	1	10	0
5	N2	1	10	0
6	N2	1	12	0
6	N2	1	12	0
7	N2	1	12	0
7	N2	1	12	0
8	N2	1	12	0
8	N2	1	12	0
9	N2	1	12	0
9	N2	1	12	0
10	N2	1	12	0
10	N2	1	12	0
11	N2	1	12	0
11	N2	1	12	0
12	N2	1	14	0
12	N2	1	14	0
13	N2	1	14	0
13	N2	1	14	0
14	N2	1	14	0
14	N2	1	14	0
15	N2	1	14	0
15	N2	1	14	0
16	N2	1	14	0
16	N2	1	14	0
17	N2	1	15	0
17	N2	1	15	0
18	N2	1	15	0
18	N2	1	15	0
19	N2	1	15	0
19	N2	1	15	0
20	N2	1	15	0
20	N2	1	15	0
21	N2	1	15	0
21	N2	1	15	0
22	N2	1	15	0
22	N2	1	15	0
23	N2	1	15	0
23	N2	1	15	0
24	N2	1	15	0
24	N2	1	15	0
25	N2	1	16	0
25	N2	1	16	0
26	N2	1	16	0
26	N2	1	16	0
27	N2	1	16	0
27	N2	1	16	0
28	N2	1	16	0
28	N2	1	16	0
29	N2	1	16	0
29	N2	1	16	0
30	N2	1	16	0
30	N2	1	16	0
31	N2	1	16	0
31	N2	1	16	0
32	N2	1	17	0
32	N2	1	17	0
33	N2	1	17	0
33	N2	1	17	0
34	N2	1	17	0
34	N2	1	17	0
35	N2	1	17	0
35	N2	1	17	0
36	N2	1	17	0
36	N2	1	17	0
37	N2	1	17	0
37	N2	1	17	0
38	N2	1	17	0
38	N2	1	17	0
39	N2	1	17	0
39	N2	1	17	0
40	N2	1	17	0
40	N2	1	17	0
41	N2	1	17	0
41	N2	1	17	0
42	N2	1	17	0
42	N2	1	17	0
43	N2	1	18	0
43	N2	1	18	0
44	N2	1	18	0
44	N2	1	18	0
45	N2	1	18	0
45	N2	1	18	0
46	N2	1	18	0
46	N2	1	18	0
47	N2	1	18	0
47	N2	1	18	0
48	N2	1	18	0
48	N2	1	18	0
49	N2	1	18	0
49	N2	1	18	0
50	N2	1	18	0
50	N2	1	18	0
51	N2	1	20	0
51	N2	1	20	0
52	N2	1	20	0
52	N2	1	20	0
53	N2	1	20	0
53	N2	1	20	0
54	N2	1	20	0
54	N2	1	20	0
55	N2	1	20	0
55	N2	1	20	0
56	N2	1	20	0
56	N2	1	20	0
57	N2	1	20	0
57	N2	1	20	0
58	N2	1	20	0
58	N2	1	20	0
59	N2	1	20	0
59	N2	1	20	0
60	N2	1	22	0
60	N2	1	22	0
61	N2	1	22	0
61	N2	1	22	0
62	N2	1	22	0
62	N2	1	22	0
63	N2	1	22	0
63	N2	1	22	0
64	N2	1	22	0
64	N2	1	22	0
65	N2	1	22	0
65	N2	1	22	0
66	N2	1	22	0
66	N2	1	22	0
67	N2	1	22	0
67	N2	1	22	0
68	N2	1	22	0
68	N2	1	22	0
69	N2	1	22	0
69	N2	1	22	0
70	N2	1	22	0
70	N2	1	22	0
71	N2	1	22	0
71	N2	1	22	0
72	N2	1	23	0
72	N2	1	23	0
73	N2	1	23	0
73	N2	1	23	0
74	N2	1	25	0
74	N2	1	25	0
75	N2	1	14	1
75	N2	1	14	1
76	N2	1	14	2
76	N2	1	14	2
77	N2	1	14	3
77	N2	1	14	3
78	N2	2	12	0
78	N2	2	12	0
79	N2	2	12	0
79	N2	2	12	0
80	N2	2	12	0
80	N2	2	12	0
81	N2	2	12	0
81	N2	2	12	0
82	N2	2	12	0
82	N2	2	12	0
83	N2	2	12	0
83	N2	2	12	0
84	N2	2	12	0
84	N2	2	12	0
85	N2	2	14	0
85	N2	2	14	0
86	N2	2	14	0
86	N2	2	14	0
87	N2	2	14	0
87	N2	2	14	0
88	N2	2	14	0
88	N2	2	14	0
89	N2	2	14	0
89	N2	2	14	0
90	N2	2	14	0
90	N2	2	14	0
91	N2	2	14	0
91	N2	2	14	0
92	N2	2	14	0
92	N2	2	14	0
93	N2	2	14	0
93	N2	2	14	0
94	N2	2	14	0
94	N2	2	14	0
95	N2	2	14	0
95	N2	2	14	0
96	N2	2	14	0
96	N2	2	14	0
97	N2	2	15	0
97	N2	2	15	0
98	N2	2	15	0
98	N2	2	15	0
99	N2	2	15	0
99	N2	2	15	0
100	N2	2	15	0
100	N2	2	15	0
101	N2	2	15	0
101	N2	2	15	0
102	N2	2	15	0
102	N2	2	15	0
103	N2	2	15	0
103	N2	2	15	0
104	N2	2	15	0
104	N2	2	15	0
105	N2	2	15	0
105	N2	2	15	0
106	N2	2	16	0
106	N2	2	16	0
107	N2	2	16	0
107	N2	2	16	0
108	N2	2	16	0
108	N2	2	16	0
109	N2	2	16	0
109	N2	2	16	0
110	N2	2	16	0
110	N2	2	16	0
111	N2	2	16	0
111	N2	2	16	0
112	N2	2	16	0
112	N2	2	16	0
113	N2	2	16	0
113	N2	2	16	0
114	N2	2	16	0
114	N2	2	16	0
115	N2	2	16	0
115	N2	2	16	0
116	N2	2	17	0
116	N2	2	17	0
117	N2	2	17	0
117	N2	2	17	0
118	N2	2	17	0
118	N2	2	17	0
119	N2	2	17	0
119	N2	2	17	0
120	N2	2	17	0
120	N2	2	17	0
121	N2	2	17	0
121	N2	2	17	0
122	N2	2	17	0
122	N2	2	17	0
123	N2	2	17	0
123	N2	2	17	0
124	N2	2	18	0
124	N2	2	18	0
125	N2	2	18	0
125	N2	2	18	0
126	N2	2	18	0
126	N2	2	18	0
127	N2	2	18	0
127	N2	2	18	0
128	N2	2	18	0
128	N2	2	18	0
129	N2	2	18	0
129	N2	2	18	0
130	N2	2	18	0
130	N2	2	18	0
131	N2	2	18	0
131	N2	2	18	0
132	N2	2	18	0
132	N2	2	18	0
133	N2	2	18	0
133	N2	2	18	0
134	N2	2	18	0
134	N2	2	18	0
135	N2	2	18	0
135	N2	2	18	0
136	N2	2	20	0
136	N2	2	20	0
137	N2	2	20	0
137	N2	2	20	0
138	N2	2	20	0
138	N2	2	20	0
139	N2	2	20	0
139	N2	2	20	0
140	N2	2	20	0
140	N2	2	20	0
141	N2	2	20	0
141	N2	2	20	0
142	N2	2	22	0
142	N2	2	22	0
143	N2	2	22	0
143	N2	2	22	0
144	N2	2	22	0
144	N2	2	22	0
145	N2	2	22	0
145	N2	2	22	0
146	N2	2	22	0
146	N2	2	22	0
147	N2	2	22	0
147	N2	2	22	0
148	N2	2	22	0
148	N2	2	22	0
149	N2	2	25	0
149	N2	2	25	0
150	N2	2	12	1
150	N2	2	12	1
151	N2	2	12	2
151	N2	2	12	2
152	N2	2	12	2
152	N2	2	12	2
153	N2	2	14	2
153	N2	2	14	2
154	N2	2	14	2
154	N2	2	14	2
155	vhl-1	1	17	0
155	vhl-1	1	17	0
156	vhl-1	1	17	0
156	vhl-1	1	17	0
157	vhl-1	1	17	0
157	vhl-1	1	17	0
158	vhl-1	1	18	0
158	vhl-1	1	18	0
159	vhl-1	1	20	0
159	vhl-1	1	20	0
160	vhl-1	1	20	0
160	vhl-1	1	20	0
161	vhl-1	1	22	0
161	vhl-1	1	22	0
162	vhl-1	1	22	0
162	vhl-1	1	22	0
163	vhl-1	1	23	0
163	vhl-1	1	23	0
164	vhl-1	1	23	0
164	vhl-1	1	23	0
165	vhl-1	1	23	0
165	vhl-1	1	23	0
166	vhl-1	1	23	0
166	vhl-1	1	23	0
167	vhl-1	1	25	0
167	vhl-1	1	25	0
168	vhl-1	1	25	0
168	vhl-1	1	25	0
169	vhl-1	1	25	0
169	vhl-1	1	25	0
170	vhl-1	1	25	0
170	vhl-1	1	25	0
171	vhl-1	1	25	0
171	vhl-1	1	25	0
172	vhl-1	1	25	0
172	vhl-1	1	25	0
173	vhl-1	1	25	0
173	vhl-1	1	25	0
174	vhl-1	1	25	0
174	vhl-1	1	25	0
175	vhl-1	1	28	0
175	vhl-1	1	28	0
176	vhl-1	1	28	0
176	vhl-1	1	28	0
177	vhl-1	1	28	0
177	vhl-1	1	28	0
178	vhl-1	1	28	0
178	vhl-1	1	28	0
179	vhl-1	1	28	0
179	vhl-1	1	28	0
180	vhl-1	1	28	0
180	vhl-1	1	28	0
181	vhl-1	1	28	0
181	vhl-1	1	28	0
182	vhl-1	1	28	0
182	vhl-1	1	28	0
183	vhl-1	1	28	0
183	vhl-1	1	28	0
184	vhl-1	1	28	0
184	vhl-1	1	28	0
185	vhl-1	1	28	0
185	vhl-1	1	28	0
186	vhl-1	1	28	0
186	vhl-1	1	28	0
187	vhl-1	1	28	0
187	vhl-1	1	28	0
188	vhl-1	1	28	0
188	vhl-1	1	28	0
189	vhl-1	1	28	0
189	vhl-1	1	28	0
190	vhl-1	1	28	0
190	vhl-1	1	28	0
191	vhl-1	1	28	0
191	vhl-1	1	28	0
192	vhl-1	1	28	0
192	vhl-1	1	28	0
193	vhl-1	1	28	0
193	vhl-1	1	28	0
194	vhl-1	1	30	0
194	vhl-1	1	30	0
195	vhl-1	1	30	0
195	vhl-1	1	30	0
196	vhl-1	1	30	0
196	vhl-1	1	30	0
197	vhl-1	1	30	0
197	vhl-1	1	30	0
198	vhl-1	1	30	0
198	vhl-1	1	30	0
199	vhl-1	1	30	0
199	vhl-1	1	30	0
200	vhl-1	1	32	0
200	vhl-1	1	32	0
201	vhl-1	1	32	0
201	vhl-1	1	32	0
202	vhl-1	1	35	0
202	vhl-1	1	35	0
203	vhl-1	1	35	0
203	vhl-1	1	35	0
204	vhl-1	2	16	0
204	vhl-1	2	16	0
205	vhl-1	2	16	0
205	vhl-1	2	16	0
206	vhl-1	2	16	0
206	vhl-1	2	16	0
207	vhl-1	2	17	0
207	vhl-1	2	17	0
208	vhl-1	2	17	0
208	vhl-1	2	17	0
209	vhl-1	2	18	0
209	vhl-1	2	18	0
210	vhl-1	2	20	0
210	vhl-1	2	20	0
211	vhl-1	2	20	0
211	vhl-1	2	20	0
212	vhl-1	2	22	0
212	vhl-1	2	22	0
213	vhl-1	2	22	0
213	vhl-1	2	22	0
214	vhl-1	2	22	0
214	vhl-1	2	22	0
215	vhl-1	2	22	0
215	vhl-1	2	22	0
216	vhl-1	2	22	0
216	vhl-1	2	22	0
217	vhl-1	2	22	0
217	vhl-1	2	22	0
218	vhl-1	2	22	0
218	vhl-1	2	22	0
219	vhl-1	2	23	0
219	vhl-1	2	23	0
220	vhl-1	2	23	0
220	vhl-1	2	23	0
221	vhl-1	2	23	0
221	vhl-1	2	23	0
222	vhl-1	2	23	0
222	vhl-1	2	23	0
223	vhl-1	2	25	0
223	vhl-1	2	25	0
224	vhl-1	2	25	0
224	vhl-1	2	25	0
225	vhl-1	2	25	0
225	vhl-1	2	25	0
226	vhl-1	2	25	0
226	vhl-1	2	25	0
227	vhl-1	2	25	0
227	vhl-1	2	25	0
228	vhl-1	2	25	0
228	vhl-1	2	25	0
229	vhl-1	2	25	0
229	vhl-1	2	25	0
230	vhl-1	2	25	0
230	vhl-1	2	25	0
231	vhl-1	2	25	0
231	vhl-1	2	25	0
232	vhl-1	2	28	0
232	vhl-1	2	28	0
233	vhl-1	2	28	0
233	vhl-1	2	28	0
234	vhl-1	2	28	0
234	vhl-1	2	28	0
235	vhl-1	2	28	0
235	vhl-1	2	28	0
236	vhl-1	2	28	0
236	vhl-1	2	28	0
237	vhl-1	2	28	0
237	vhl-1	2	28	0
238	vhl-1	2	28	0
238	vhl-1	2	28	0
239	vhl-1	2	30	0
239	vhl-1	2	30	0
240	vhl-1	2	30	0
240	vhl-1	2	30	0
241	vhl-1	2	30	0
241	vhl-1	2	30	0
