strain	replicate	age.at.death	rupture	
strain	replicate	age.at.death	rupture	
1	N2	1	10	0
1	N2	1	10	0
2	N2	1	12	0
2	N2	1	12	0
3	N2	1	12	0
3	N2	1	12	0
4	N2	1	12	0
4	N2	1	12	0
5	N2	1	15	0
5	N2	1	15	0
6	N2	1	15	0
6	N2	1	15	0
7	N2	1	15	0
7	N2	1	15	0
8	N2	1	15	0
8	N2	1	15	0
9	N2	1	15	0
9	N2	1	15	0
10	N2	1	17	0
10	N2	1	17	0
11	N2	1	17	0
11	N2	1	17	0
12	N2	1	19	0
12	N2	1	19	0
13	N2	1	19	0
13	N2	1	19	0
14	N2	1	19	0
14	N2	1	19	0
15	N2	1	19	0
15	N2	1	19	0
16	N2	1	19	0
16	N2	1	19	0
17	N2	1	19	0
17	N2	1	19	0
18	N2	1	19	0
18	N2	1	19	0
19	N2	1	20	0
19	N2	1	20	0
20	N2	1	20	0
20	N2	1	20	0
21	N2	1	20	0
21	N2	1	20	0
22	N2	1	20	0
22	N2	1	20	0
23	N2	1	20	0
23	N2	1	20	0
24	N2	1	20	0
24	N2	1	20	0
25	N2	1	20	0
25	N2	1	20	0
26	N2	1	20	0
26	N2	1	20	0
27	N2	1	20	0
27	N2	1	20	0
28	N2	1	21	0
28	N2	1	21	0
29	N2	1	21	0
29	N2	1	21	0
30	N2	1	21	0
30	N2	1	21	0
31	N2	1	21	0
31	N2	1	21	0
32	N2	1	21	0
32	N2	1	21	0
33	N2	1	21	0
33	N2	1	21	0
34	N2	1	21	0
34	N2	1	21	0
35	N2	1	21	0
35	N2	1	21	0
36	N2	1	24	0
36	N2	1	24	0
37	N2	1	24	0
37	N2	1	24	0
38	N2	1	24	0
38	N2	1	24	0
39	N2	1	24	0
39	N2	1	24	0
40	N2	1	24	0
40	N2	1	24	0
41	N2	1	24	0
41	N2	1	24	0
42	N2	1	26	0
42	N2	1	26	0
43	N2	1	26	0
43	N2	1	26	0
44	N2	1	26	0
44	N2	1	26	0
45	N2	1	26	0
45	N2	1	26	0
46	N2	1	29	0
46	N2	1	29	0
47	N2	1	29	0
47	N2	1	29	0
48	N2	1	29	0
48	N2	1	29	0
49	N2	1	29	0
49	N2	1	29	0
50	N2	1	29	0
50	N2	1	29	0
51	N2	1	29	0
51	N2	1	29	0
52	N2	1	12	1
52	N2	1	12	1
53	N2	1	15	1
53	N2	1	15	1
54	N2	1	17	1
54	N2	1	17	1
55	N2	1	19	1
55	N2	1	19	1
56	N2	1	17	2
56	N2	1	17	2
57	N2	2	12	0
57	N2	2	12	0
58	N2	2	12	0
58	N2	2	12	0
59	N2	2	12	0
59	N2	2	12	0
60	N2	2	15	0
60	N2	2	15	0
61	N2	2	15	0
61	N2	2	15	0
62	N2	2	15	0
62	N2	2	15	0
63	N2	2	17	0
63	N2	2	17	0
64	N2	2	17	0
64	N2	2	17	0
65	N2	2	19	0
65	N2	2	19	0
66	N2	2	19	0
66	N2	2	19	0
67	N2	2	19	0
67	N2	2	19	0
68	N2	2	19	0
68	N2	2	19	0
69	N2	2	19	0
69	N2	2	19	0
70	N2	2	19	0
70	N2	2	19	0
71	N2	2	20	0
71	N2	2	20	0
72	N2	2	20	0
72	N2	2	20	0
73	N2	2	20	0
73	N2	2	20	0
74	N2	2	20	0
74	N2	2	20	0
75	N2	2	20	0
75	N2	2	20	0
76	N2	2	20	0
76	N2	2	20	0
77	N2	2	20	0
77	N2	2	20	0
78	N2	2	21	0
78	N2	2	21	0
79	N2	2	21	0
79	N2	2	21	0
80	N2	2	21	0
80	N2	2	21	0
81	N2	2	21	0
81	N2	2	21	0
82	N2	2	21	0
82	N2	2	21	0
83	N2	2	21	0
83	N2	2	21	0
84	N2	2	21	0
84	N2	2	21	0
85	N2	2	21	0
85	N2	2	21	0
86	N2	2	21	0
86	N2	2	21	0
87	N2	2	21	0
87	N2	2	21	0
88	N2	2	24	0
88	N2	2	24	0
89	N2	2	24	0
89	N2	2	24	0
90	N2	2	24	0
90	N2	2	24	0
91	N2	2	24	0
91	N2	2	24	0
92	N2	2	24	0
92	N2	2	24	0
93	N2	2	26	0
93	N2	2	26	0
94	N2	2	26	0
94	N2	2	26	0
95	N2	2	26	0
95	N2	2	26	0
96	N2	2	29	0
96	N2	2	29	0
97	N2	2	29	0
97	N2	2	29	0
98	N2	2	29	0
98	N2	2	29	0
99	N2	2	29	0
99	N2	2	29	0
100	N2	2	29	0
100	N2	2	29	0
101	N2	2	15	1
101	N2	2	15	1
102	N2	2	15	1
102	N2	2	15	1
103	N2	2	17	1
103	N2	2	17	1
104	N2	2	17	1
104	N2	2	17	1
105	N2	2	17	2
105	N2	2	17	2
106	vhl-1	1	15	0
106	vhl-1	1	15	0
107	vhl-1	1	15	0
107	vhl-1	1	15	0
108	vhl-1	1	17	0
108	vhl-1	1	17	0
109	vhl-1	1	19	0
109	vhl-1	1	19	0
110	vhl-1	1	19	0
110	vhl-1	1	19	0
111	vhl-1	1	19	0
111	vhl-1	1	19	0
112	vhl-1	1	19	0
112	vhl-1	1	19	0
113	vhl-1	1	20	0
113	vhl-1	1	20	0
114	vhl-1	1	20	0
114	vhl-1	1	20	0
115	vhl-1	1	20	0
115	vhl-1	1	20	0
116	vhl-1	1	20	0
116	vhl-1	1	20	0
117	vhl-1	1	20	0
117	vhl-1	1	20	0
118	vhl-1	1	20	0
118	vhl-1	1	20	0
119	vhl-1	1	21	0
119	vhl-1	1	21	0
120	vhl-1	1	21	0
120	vhl-1	1	21	0
121	vhl-1	1	21	0
121	vhl-1	1	21	0
122	vhl-1	1	21	0
122	vhl-1	1	21	0
123	vhl-1	1	21	0
123	vhl-1	1	21	0
124	vhl-1	1	21	0
124	vhl-1	1	21	0
125	vhl-1	1	21	0
125	vhl-1	1	21	0
126	vhl-1	1	21	0
126	vhl-1	1	21	0
127	vhl-1	1	21	0
127	vhl-1	1	21	0
128	vhl-1	1	21	0
128	vhl-1	1	21	0
129	vhl-1	1	21	0
129	vhl-1	1	21	0
130	vhl-1	1	24	0
130	vhl-1	1	24	0
131	vhl-1	1	24	0
131	vhl-1	1	24	0
132	vhl-1	1	24	0
132	vhl-1	1	24	0
133	vhl-1	1	24	0
133	vhl-1	1	24	0
134	vhl-1	1	26	0
134	vhl-1	1	26	0
135	vhl-1	1	26	0
135	vhl-1	1	26	0
136	vhl-1	1	26	0
136	vhl-1	1	26	0
137	vhl-1	1	26	0
137	vhl-1	1	26	0
138	vhl-1	1	26	0
138	vhl-1	1	26	0
139	vhl-1	1	26	0
139	vhl-1	1	26	0
140	vhl-1	1	29	0
140	vhl-1	1	29	0
141	vhl-1	1	29	0
141	vhl-1	1	29	0
142	vhl-1	1	29	0
142	vhl-1	1	29	0
143	vhl-1	1	29	0
143	vhl-1	1	29	0
144	vhl-1	1	29	0
144	vhl-1	1	29	0
145	vhl-1	1	29	0
145	vhl-1	1	29	0
146	vhl-1	1	29	0
146	vhl-1	1	29	0
147	vhl-1	1	29	0
147	vhl-1	1	29	0
148	vhl-1	1	29	0
148	vhl-1	1	29	0
149	vhl-1	1	29	0
149	vhl-1	1	29	0
150	vhl-1	1	29	0
150	vhl-1	1	29	0
151	vhl-1	1	31	0
151	vhl-1	1	31	0
152	vhl-1	1	31	0
152	vhl-1	1	31	0
153	vhl-1	1	31	0
153	vhl-1	1	31	0
154	vhl-1	1	31	0
154	vhl-1	1	31	0
155	vhl-1	1	33	0
155	vhl-1	1	33	0
156	vhl-1	1	33	0
156	vhl-1	1	33	0
157	vhl-1	1	33	0
157	vhl-1	1	33	0
158	vhl-1	1	33	0
158	vhl-1	1	33	0
159	vhl-1	1	35	0
159	vhl-1	1	35	0
160	vhl-1	1	35	0
160	vhl-1	1	35	0
161	vhl-1	1	35	0
161	vhl-1	1	35	0
162	vhl-1	1	35	0
162	vhl-1	1	35	0
163	vhl-1	1	37	0
163	vhl-1	1	37	0
164	vhl-1	1	37	0
164	vhl-1	1	37	0
165	vhl-1	1	37	0
165	vhl-1	1	37	0
166	vhl-1	2	17	0
166	vhl-1	2	17	0
167	vhl-1	2	19	0
167	vhl-1	2	19	0
168	vhl-1	2	19	0
168	vhl-1	2	19	0
169	vhl-1	2	19	0
169	vhl-1	2	19	0
170	vhl-1	2	20	0
170	vhl-1	2	20	0
171	vhl-1	2	20	0
171	vhl-1	2	20	0
172	vhl-1	2	20	0
172	vhl-1	2	20	0
173	vhl-1	2	20	0
173	vhl-1	2	20	0
174	vhl-1	2	20	0
174	vhl-1	2	20	0
175	vhl-1	2	20	0
175	vhl-1	2	20	0
176	vhl-1	2	20	0
176	vhl-1	2	20	0
177	vhl-1	2	21	0
177	vhl-1	2	21	0
178	vhl-1	2	21	0
178	vhl-1	2	21	0
179	vhl-1	2	21	0
179	vhl-1	2	21	0
180	vhl-1	2	21	0
180	vhl-1	2	21	0
181	vhl-1	2	21	0
181	vhl-1	2	21	0
182	vhl-1	2	21	0
182	vhl-1	2	21	0
183	vhl-1	2	21	0
183	vhl-1	2	21	0
184	vhl-1	2	21	0
184	vhl-1	2	21	0
185	vhl-1	2	24	0
185	vhl-1	2	24	0
186	vhl-1	2	24	0
186	vhl-1	2	24	0
187	vhl-1	2	24	0
187	vhl-1	2	24	0
188	vhl-1	2	24	0
188	vhl-1	2	24	0
189	vhl-1	2	24	0
189	vhl-1	2	24	0
190	vhl-1	2	26	0
190	vhl-1	2	26	0
191	vhl-1	2	26	0
191	vhl-1	2	26	0
192	vhl-1	2	26	0
192	vhl-1	2	26	0
193	vhl-1	2	26	0
193	vhl-1	2	26	0
194	vhl-1	2	26	0
194	vhl-1	2	26	0
195	vhl-1	2	29	0
195	vhl-1	2	29	0
196	vhl-1	2	29	0
196	vhl-1	2	29	0
197	vhl-1	2	29	0
197	vhl-1	2	29	0
198	vhl-1	2	29	0
198	vhl-1	2	29	0
199	vhl-1	2	29	0
199	vhl-1	2	29	0
200	vhl-1	2	29	0
200	vhl-1	2	29	0
201	vhl-1	2	29	0
201	vhl-1	2	29	0
202	vhl-1	2	29	0
202	vhl-1	2	29	0
203	vhl-1	2	31	0
203	vhl-1	2	31	0
204	vhl-1	2	31	0
204	vhl-1	2	31	0
205	vhl-1	2	33	0
205	vhl-1	2	33	0
206	vhl-1	2	33	0
206	vhl-1	2	33	0
207	vhl-1	2	35	0
207	vhl-1	2	35	0
