strain	replicate	age.at.death	rupture	
strain	replicate	age.at.death	rupture	
1	N2	1	14	0
1	N2	1	14	0
2	N2	1	14	0
2	N2	1	14	0
3	N2	1	16	0
3	N2	1	16	0
4	N2	1	16	0
4	N2	1	16	0
5	N2	1	16	0
5	N2	1	16	0
6	N2	1	16	0
6	N2	1	16	0
7	N2	1	16	0
7	N2	1	16	0
8	N2	1	16	0
8	N2	1	16	0
9	N2	1	17	0
9	N2	1	17	0
10	N2	1	17	0
10	N2	1	17	0
11	N2	1	17	0
11	N2	1	17	0
12	N2	1	20	0
12	N2	1	20	0
13	N2	1	20	0
13	N2	1	20	0
14	N2	1	20	0
14	N2	1	20	0
15	N2	1	20	0
15	N2	1	20	0
16	N2	1	20	0
16	N2	1	20	0
17	N2	1	20	0
17	N2	1	20	0
18	N2	1	20	0
18	N2	1	20	0
19	N2	1	20	0
19	N2	1	20	0
20	N2	1	20	0
20	N2	1	20	0
21	N2	1	20	0
21	N2	1	20	0
22	N2	1	20	0
22	N2	1	20	0
23	N2	1	22	0
23	N2	1	22	0
24	N2	1	22	0
24	N2	1	22	0
25	N2	1	22	0
25	N2	1	22	0
26	N2	1	24	0
26	N2	1	24	0
27	N2	2	14	0
27	N2	2	14	0
28	N2	2	16	0
28	N2	2	16	0
29	N2	2	16	0
29	N2	2	16	0
30	N2	2	16	0
30	N2	2	16	0
31	N2	2	16	0
31	N2	2	16	0
32	N2	2	16	0
32	N2	2	16	0
33	N2	2	16	0
33	N2	2	16	0
34	N2	2	16	0
34	N2	2	16	0
35	N2	2	17	0
35	N2	2	17	0
36	N2	2	17	0
36	N2	2	17	0
37	N2	2	17	0
37	N2	2	17	0
38	N2	2	17	0
38	N2	2	17	0
39	N2	2	20	0
39	N2	2	20	0
40	N2	2	20	0
40	N2	2	20	0
41	N2	2	20	0
41	N2	2	20	0
42	N2	2	20	0
42	N2	2	20	0
43	N2	2	20	0
43	N2	2	20	0
44	N2	2	20	0
44	N2	2	20	0
45	N2	2	20	0
45	N2	2	20	0
46	N2	2	20	0
46	N2	2	20	0
47	N2	2	20	0
47	N2	2	20	0
48	N2	2	20	0
48	N2	2	20	0
49	N2	2	20	0
49	N2	2	20	0
50	N2	2	20	0
50	N2	2	20	0
51	N2	2	24	0
51	N2	2	24	0
52	N2	2	27	0
52	N2	2	27	0
53	vhl-1	1	14	0
53	vhl-1	1	14	0
54	vhl-1	1	14	0
54	vhl-1	1	14	0
55	vhl-1	1	14	0
55	vhl-1	1	14	0
56	vhl-1	1	16	0
56	vhl-1	1	16	0
57	vhl-1	1	17	0
57	vhl-1	1	17	0
58	vhl-1	1	20	0
58	vhl-1	1	20	0
59	vhl-1	1	20	0
59	vhl-1	1	20	0
60	vhl-1	1	20	0
60	vhl-1	1	20	0
61	vhl-1	1	20	0
61	vhl-1	1	20	0
62	vhl-1	1	20	0
62	vhl-1	1	20	0
63	vhl-1	1	22	0
63	vhl-1	1	22	0
64	vhl-1	1	22	0
64	vhl-1	1	22	0
65	vhl-1	1	22	0
65	vhl-1	1	22	0
66	vhl-1	1	22	0
66	vhl-1	1	22	0
67	vhl-1	1	24	0
67	vhl-1	1	24	0
68	vhl-1	1	24	0
68	vhl-1	1	24	0
69	vhl-1	1	24	0
69	vhl-1	1	24	0
70	vhl-1	1	24	0
70	vhl-1	1	24	0
71	vhl-1	1	24	0
71	vhl-1	1	24	0
72	vhl-1	1	24	0
72	vhl-1	1	24	0
73	vhl-1	1	24	0
73	vhl-1	1	24	0
74	vhl-1	1	24	0
74	vhl-1	1	24	0
75	vhl-1	1	24	0
75	vhl-1	1	24	0
76	vhl-1	1	24	0
76	vhl-1	1	24	0
77	vhl-1	1	24	0
77	vhl-1	1	24	0
78	vhl-1	1	24	0
78	vhl-1	1	24	0
79	vhl-1	1	24	0
79	vhl-1	1	24	0
80	vhl-1	1	27	0
80	vhl-1	1	27	0
81	vhl-1	1	27	0
81	vhl-1	1	27	0
82	vhl-1	1	27	0
82	vhl-1	1	27	0
83	vhl-1	1	27	0
83	vhl-1	1	27	0
84	vhl-1	1	27	0
84	vhl-1	1	27	0
85	vhl-1	1	29	0
85	vhl-1	1	29	0
86	vhl-1	1	33	0
86	vhl-1	1	33	0
87	vhl-1	2	17	0
87	vhl-1	2	17	0
88	vhl-1	2	20	0
88	vhl-1	2	20	0
89	vhl-1	2	20	0
89	vhl-1	2	20	0
90	vhl-1	2	20	0
90	vhl-1	2	20	0
91	vhl-1	2	20	0
91	vhl-1	2	20	0
92	vhl-1	2	20	0
92	vhl-1	2	20	0
93	vhl-1	2	20	0
93	vhl-1	2	20	0
94	vhl-1	2	22	0
94	vhl-1	2	22	0
95	vhl-1	2	22	0
95	vhl-1	2	22	0
96	vhl-1	2	22	0
96	vhl-1	2	22	0
97	vhl-1	2	22	0
97	vhl-1	2	22	0
98	vhl-1	2	22	0
98	vhl-1	2	22	0
99	vhl-1	2	22	0
99	vhl-1	2	22	0
100	vhl-1	2	24	0
100	vhl-1	2	24	0
101	vhl-1	2	24	0
101	vhl-1	2	24	0
102	vhl-1	2	24	0
102	vhl-1	2	24	0
103	vhl-1	2	24	0
103	vhl-1	2	24	0
104	vhl-1	2	24	0
104	vhl-1	2	24	0
105	vhl-1	2	24	0
105	vhl-1	2	24	0
106	vhl-1	2	24	0
106	vhl-1	2	24	0
107	vhl-1	2	24	0
107	vhl-1	2	24	0
108	vhl-1	2	24	0
108	vhl-1	2	24	0
109	vhl-1	2	24	0
109	vhl-1	2	24	0
110	vhl-1	2	24	0
110	vhl-1	2	24	0
111	vhl-1	2	27	0
111	vhl-1	2	27	0
112	vhl-1	2	27	0
112	vhl-1	2	27	0
113	vhl-1	2	27	0
113	vhl-1	2	27	0
114	vhl-1	2	27	0
114	vhl-1	2	27	0
115	vhl-1	2	27	0
115	vhl-1	2	27	0
116	vhl-1	2	29	0
116	vhl-1	2	29	0
117	vhl-1	2	29	0
117	vhl-1	2	29	0
118	hif-1	1	14	0
118	hif-1	1	14	0
119	hif-1	1	14	0
119	hif-1	1	14	0
120	hif-1	1	14	0
120	hif-1	1	14	0
121	hif-1	1	16	0
121	hif-1	1	16	0
122	hif-1	1	16	0
122	hif-1	1	16	0
123	hif-1	1	17	0
123	hif-1	1	17	0
124	hif-1	1	17	0
124	hif-1	1	17	0
125	hif-1	1	17	0
125	hif-1	1	17	0
126	hif-1	1	20	0
126	hif-1	1	20	0
127	hif-1	1	20	0
127	hif-1	1	20	0
128	hif-1	1	20	0
128	hif-1	1	20	0
129	hif-1	1	20	0
129	hif-1	1	20	0
130	hif-1	1	20	0
130	hif-1	1	20	0
131	hif-1	1	20	0
131	hif-1	1	20	0
132	hif-1	1	20	0
132	hif-1	1	20	0
133	hif-1	1	20	0
133	hif-1	1	20	0
134	hif-1	1	20	0
134	hif-1	1	20	0
135	hif-1	1	20	0
135	hif-1	1	20	0
136	hif-1	1	22	0
136	hif-1	1	22	0
137	hif-1	1	22	0
137	hif-1	1	22	0
138	hif-1	1	22	0
138	hif-1	1	22	0
139	hif-1	1	22	0
139	hif-1	1	22	0
140	hif-1	1	22	0
140	hif-1	1	22	0
141	hif-1	1	22	0
141	hif-1	1	22	0
142	hif-1	1	22	0
142	hif-1	1	22	0
143	hif-1	1	24	0
143	hif-1	1	24	0
144	hif-1	1	24	0
144	hif-1	1	24	0
145	hif-1	1	24	0
145	hif-1	1	24	0
146	hif-1	1	24	0
146	hif-1	1	24	0
147	hif-1	1	24	0
147	hif-1	1	24	0
148	hif-1	1	24	0
148	hif-1	1	24	0
149	hif-1	1	24	0
149	hif-1	1	24	0
150	hif-1	1	24	0
150	hif-1	1	24	0
151	hif-1	1	24	0
151	hif-1	1	24	0
152	hif-1	1	27	0
152	hif-1	1	27	0
153	hif-1	1	27	0
153	hif-1	1	27	0
154	hif-1	1	27	0
154	hif-1	1	27	0
155	hif-1	1	27	0
155	hif-1	1	27	0
156	hif-1	1	27	0
156	hif-1	1	27	0
157	hif-1	1	27	0
157	hif-1	1	27	0
158	hif-1	1	29	0
158	hif-1	1	29	0
159	hif-1	2	14	0
159	hif-1	2	14	0
160	hif-1	2	14	0
160	hif-1	2	14	0
161	hif-1	2	14	0
161	hif-1	2	14	0
162	hif-1	2	14	0
162	hif-1	2	14	0
163	hif-1	2	16	0
163	hif-1	2	16	0
164	hif-1	2	16	0
164	hif-1	2	16	0
165	hif-1	2	16	0
165	hif-1	2	16	0
166	hif-1	2	17	0
166	hif-1	2	17	0
167	hif-1	2	17	0
167	hif-1	2	17	0
168	hif-1	2	17	0
168	hif-1	2	17	0
169	hif-1	2	17	0
169	hif-1	2	17	0
170	hif-1	2	20	0
170	hif-1	2	20	0
171	hif-1	2	20	0
171	hif-1	2	20	0
172	hif-1	2	20	0
172	hif-1	2	20	0
173	hif-1	2	20	0
173	hif-1	2	20	0
174	hif-1	2	20	0
174	hif-1	2	20	0
175	hif-1	2	20	0
175	hif-1	2	20	0
176	hif-1	2	20	0
176	hif-1	2	20	0
177	hif-1	2	20	0
177	hif-1	2	20	0
178	hif-1	2	20	0
178	hif-1	2	20	0
179	hif-1	2	22	0
179	hif-1	2	22	0
180	hif-1	2	22	0
180	hif-1	2	22	0
181	hif-1	2	22	0
181	hif-1	2	22	0
182	hif-1	2	22	0
182	hif-1	2	22	0
183	hif-1	2	22	0
183	hif-1	2	22	0
184	hif-1	2	24	0
184	hif-1	2	24	0
185	hif-1	2	24	0
185	hif-1	2	24	0
186	hif-1	2	24	0
186	hif-1	2	24	0
187	hif-1	2	27	0
187	hif-1	2	27	0
188	hif-1	2	27	0
188	hif-1	2	27	0
189	daf-16	1	9	0
189	daf-16	1	9	0
190	daf-16	1	14	0
190	daf-16	1	14	0
191	daf-16	1	14	0
191	daf-16	1	14	0
192	daf-16	1	14	0
192	daf-16	1	14	0
193	daf-16	1	14	0
193	daf-16	1	14	0
194	daf-16	1	14	0
194	daf-16	1	14	0
195	daf-16	1	14	0
195	daf-16	1	14	0
196	daf-16	1	14	0
196	daf-16	1	14	0
197	daf-16	1	14	0
197	daf-16	1	14	0
198	daf-16	1	14	0
198	daf-16	1	14	0
199	daf-16	1	14	0
199	daf-16	1	14	0
200	daf-16	1	14	0
200	daf-16	1	14	0
201	daf-16	1	16	0
201	daf-16	1	16	0
202	daf-16	1	16	0
202	daf-16	1	16	0
203	daf-16	1	16	0
203	daf-16	1	16	0
204	daf-16	1	16	0
204	daf-16	1	16	0
205	daf-16	1	16	0
205	daf-16	1	16	0
206	daf-16	1	16	0
206	daf-16	1	16	0
207	daf-16	1	16	0
207	daf-16	1	16	0
208	daf-16	1	16	0
208	daf-16	1	16	0
209	daf-16	1	16	0
209	daf-16	1	16	0
210	daf-16	1	16	0
210	daf-16	1	16	0
211	daf-16	1	17	0
211	daf-16	1	17	0
212	daf-16	1	17	0
212	daf-16	1	17	0
213	daf-16	1	17	0
213	daf-16	1	17	0
214	daf-16	1	17	0
214	daf-16	1	17	0
215	daf-16	1	17	0
215	daf-16	1	17	0
216	daf-16	1	17	0
216	daf-16	1	17	0
217	daf-16	1	17	0
217	daf-16	1	17	0
218	daf-16	1	17	0
218	daf-16	1	17	0
219	daf-16	1	17	0
219	daf-16	1	17	0
220	daf-16	1	20	0
220	daf-16	1	20	0
221	daf-16	2	14	0
221	daf-16	2	14	0
222	daf-16	2	14	0
222	daf-16	2	14	0
223	daf-16	2	14	0
223	daf-16	2	14	0
224	daf-16	2	14	0
224	daf-16	2	14	0
225	daf-16	2	14	0
225	daf-16	2	14	0
226	daf-16	2	14	0
226	daf-16	2	14	0
227	daf-16	2	14	0
227	daf-16	2	14	0
228	daf-16	2	16	0
228	daf-16	2	16	0
229	daf-16	2	16	0
229	daf-16	2	16	0
230	daf-16	2	16	0
230	daf-16	2	16	0
231	daf-16	2	16	0
231	daf-16	2	16	0
232	daf-16	2	16	0
232	daf-16	2	16	0
233	daf-16	2	16	0
233	daf-16	2	16	0
234	daf-16	2	16	0
234	daf-16	2	16	0
235	daf-16	2	16	0
235	daf-16	2	16	0
236	daf-16	2	16	0
236	daf-16	2	16	0
237	daf-16	2	16	0
237	daf-16	2	16	0
238	daf-16	2	16	0
238	daf-16	2	16	0
239	daf-16	2	16	0
239	daf-16	2	16	0
240	daf-16	2	16	0
240	daf-16	2	16	0
241	daf-16	2	16	0
241	daf-16	2	16	0
242	daf-16	2	16	0
242	daf-16	2	16	0
243	daf-16	2	17	0
243	daf-16	2	17	0
244	daf-16	2	17	0
244	daf-16	2	17	0
245	daf-16	2	17	0
245	daf-16	2	17	0
246	daf-16	2	17	0
246	daf-16	2	17	0
247	daf-16	2	17	0
247	daf-16	2	17	0
248	daf-16	2	17	0
248	daf-16	2	17	0
249	daf-16	2	17	0
249	daf-16	2	17	0
250	daf-16	2	20	0
250	daf-16	2	20	0
251	daf-16	2	20	0
251	daf-16	2	20	0
252	daf-16	2	20	0
252	daf-16	2	20	0
