strain	replicate	age.at.death	rupture	
strain	replicate	age.at.death	rupture	
1	N2	1	14	0
1	N2	1	14	0
2	N2	1	18	0
2	N2	1	18	0
3	N2	1	18	0
3	N2	1	18	0
4	N2	1	18	0
4	N2	1	18	0
5	N2	1	18	0
5	N2	1	18	0
6	N2	1	18	0
6	N2	1	18	0
7	N2	1	18	0
7	N2	1	18	0
8	N2	1	18	0
8	N2	1	18	0
9	N2	1	18	0
9	N2	1	18	0
10	N2	1	18	0
10	N2	1	18	0
11	N2	1	18	0
11	N2	1	18	0
12	N2	1	18	0
12	N2	1	18	0
13	N2	1	19	0
13	N2	1	19	0
14	N2	1	19	0
14	N2	1	19	0
15	N2	1	19	0
15	N2	1	19	0
16	N2	1	19	0
16	N2	1	19	0
17	N2	1	19	0
17	N2	1	19	0
18	N2	1	21	0
18	N2	1	21	0
19	N2	1	21	0
19	N2	1	21	0
20	N2	1	21	0
20	N2	1	21	0
21	N2	1	21	0
21	N2	1	21	0
22	N2	1	21	0
22	N2	1	21	0
23	N2	1	21	0
23	N2	1	21	0
24	N2	1	21	0
24	N2	1	21	0
25	N2	1	21	0
25	N2	1	21	0
26	N2	1	23	0
26	N2	1	23	0
27	N2	1	23	0
27	N2	1	23	0
28	N2	1	23	0
28	N2	1	23	0
29	N2	1	23	0
29	N2	1	23	0
30	N2	1	23	0
30	N2	1	23	0
31	N2	1	23	0
31	N2	1	23	0
32	N2	1	23	0
32	N2	1	23	0
33	N2	1	23	0
33	N2	1	23	0
34	N2	1	23	0
34	N2	1	23	0
35	N2	1	26	0
35	N2	1	26	0
36	N2	1	26	0
36	N2	1	26	0
37	N2	1	26	0
37	N2	1	26	0
38	N2	1	26	0
38	N2	1	26	0
39	N2	1	26	0
39	N2	1	26	0
40	N2	1	26	0
40	N2	1	26	0
41	N2	1	26	0
41	N2	1	26	0
42	N2	1	26	0
42	N2	1	26	0
43	N2	1	26	0
43	N2	1	26	0
44	N2	1	28	0
44	N2	1	28	0
45	N2	1	28	0
45	N2	1	28	0
46	N2	1	28	0
46	N2	1	28	0
47	N2	1	28	0
47	N2	1	28	0
48	N2	1	28	0
48	N2	1	28	0
49	N2	1	28	0
49	N2	1	28	0
50	N2	1	30	0
50	N2	1	30	0
51	N2	1	30	0
51	N2	1	30	0
52	N2	1	16	2
52	N2	1	16	2
53	N2	1	16	2
53	N2	1	16	2
54	N2	1	16	2
54	N2	1	16	2
55	N2	1	16	2
55	N2	1	16	2
56	N2	1	12	3
56	N2	1	12	3
57	N2	1	14	3
57	N2	1	14	3
58	N2	2	12	0
58	N2	2	12	0
59	N2	2	12	0
59	N2	2	12	0
60	N2	2	16	0
60	N2	2	16	0
61	N2	2	16	0
61	N2	2	16	0
62	N2	2	16	0
62	N2	2	16	0
63	N2	2	16	0
63	N2	2	16	0
64	N2	2	16	0
64	N2	2	16	0
65	N2	2	18	0
65	N2	2	18	0
66	N2	2	18	0
66	N2	2	18	0
67	N2	2	18	0
67	N2	2	18	0
68	N2	2	18	0
68	N2	2	18	0
69	N2	2	18	0
69	N2	2	18	0
70	N2	2	18	0
70	N2	2	18	0
71	N2	2	18	0
71	N2	2	18	0
72	N2	2	18	0
72	N2	2	18	0
73	N2	2	18	0
73	N2	2	18	0
74	N2	2	19	0
74	N2	2	19	0
75	N2	2	19	0
75	N2	2	19	0
76	N2	2	19	0
76	N2	2	19	0
77	N2	2	21	0
77	N2	2	21	0
78	N2	2	21	0
78	N2	2	21	0
79	N2	2	21	0
79	N2	2	21	0
80	N2	2	21	0
80	N2	2	21	0
81	N2	2	21	0
81	N2	2	21	0
82	N2	2	21	0
82	N2	2	21	0
83	N2	2	21	0
83	N2	2	21	0
84	N2	2	21	0
84	N2	2	21	0
85	N2	2	21	0
85	N2	2	21	0
86	N2	2	21	0
86	N2	2	21	0
87	N2	2	21	0
87	N2	2	21	0
88	N2	2	21	0
88	N2	2	21	0
89	N2	2	21	0
89	N2	2	21	0
90	N2	2	23	0
90	N2	2	23	0
91	N2	2	23	0
91	N2	2	23	0
92	N2	2	23	0
92	N2	2	23	0
93	N2	2	23	0
93	N2	2	23	0
94	N2	2	23	0
94	N2	2	23	0
95	N2	2	23	0
95	N2	2	23	0
96	N2	2	23	0
96	N2	2	23	0
97	N2	2	23	0
97	N2	2	23	0
98	N2	2	23	0
98	N2	2	23	0
99	N2	2	23	0
99	N2	2	23	0
100	N2	2	23	0
100	N2	2	23	0
101	N2	2	26	0
101	N2	2	26	0
102	N2	2	26	0
102	N2	2	26	0
103	N2	2	26	0
103	N2	2	26	0
104	N2	2	26	0
104	N2	2	26	0
105	N2	2	26	0
105	N2	2	26	0
106	N2	2	26	0
106	N2	2	26	0
107	N2	2	26	0
107	N2	2	26	0
108	N2	2	28	0
108	N2	2	28	0
109	N2	2	28	0
109	N2	2	28	0
110	N2	2	16	2
110	N2	2	16	2
111	N2	2	12	3
111	N2	2	12	3
112	N2	2	14	3
112	N2	2	14	3
113	hif-1	1	12	0
113	hif-1	1	12	0
114	hif-1	1	16	0
114	hif-1	1	16	0
115	hif-1	1	18	0
115	hif-1	1	18	0
116	hif-1	1	21	0
116	hif-1	1	21	0
117	hif-1	1	21	0
117	hif-1	1	21	0
118	hif-1	1	21	0
118	hif-1	1	21	0
119	hif-1	1	21	0
119	hif-1	1	21	0
120	hif-1	1	21	0
120	hif-1	1	21	0
121	hif-1	1	21	0
121	hif-1	1	21	0
122	hif-1	1	21	0
122	hif-1	1	21	0
123	hif-1	1	21	0
123	hif-1	1	21	0
124	hif-1	1	23	0
124	hif-1	1	23	0
125	hif-1	1	23	0
125	hif-1	1	23	0
126	hif-1	1	23	0
126	hif-1	1	23	0
127	hif-1	1	23	0
127	hif-1	1	23	0
128	hif-1	1	23	0
128	hif-1	1	23	0
129	hif-1	1	23	0
129	hif-1	1	23	0
130	hif-1	1	23	0
130	hif-1	1	23	0
131	hif-1	1	23	0
131	hif-1	1	23	0
132	hif-1	1	23	0
132	hif-1	1	23	0
133	hif-1	1	23	0
133	hif-1	1	23	0
134	hif-1	1	26	0
134	hif-1	1	26	0
135	hif-1	1	26	0
135	hif-1	1	26	0
136	hif-1	1	26	0
136	hif-1	1	26	0
137	hif-1	1	26	0
137	hif-1	1	26	0
138	hif-1	1	26	0
138	hif-1	1	26	0
139	hif-1	1	26	0
139	hif-1	1	26	0
140	hif-1	1	26	0
140	hif-1	1	26	0
141	hif-1	1	26	0
141	hif-1	1	26	0
142	hif-1	1	26	0
142	hif-1	1	26	0
143	hif-1	1	26	0
143	hif-1	1	26	0
144	hif-1	1	26	0
144	hif-1	1	26	0
145	hif-1	1	26	0
145	hif-1	1	26	0
146	hif-1	1	26	0
146	hif-1	1	26	0
147	hif-1	1	26	0
147	hif-1	1	26	0
148	hif-1	1	26	0
148	hif-1	1	26	0
149	hif-1	1	26	0
149	hif-1	1	26	0
150	hif-1	1	28	0
150	hif-1	1	28	0
151	hif-1	1	28	0
151	hif-1	1	28	0
152	hif-1	1	28	0
152	hif-1	1	28	0
153	hif-1	1	28	0
153	hif-1	1	28	0
154	hif-1	1	28	0
154	hif-1	1	28	0
155	hif-1	1	28	0
155	hif-1	1	28	0
156	hif-1	1	28	0
156	hif-1	1	28	0
157	hif-1	1	18	2
157	hif-1	1	18	2
158	hif-1	2	12	0
158	hif-1	2	12	0
159	hif-1	2	14	0
159	hif-1	2	14	0
160	hif-1	2	18	0
160	hif-1	2	18	0
161	hif-1	2	18	0
161	hif-1	2	18	0
162	hif-1	2	18	0
162	hif-1	2	18	0
163	hif-1	2	18	0
163	hif-1	2	18	0
164	hif-1	2	18	0
164	hif-1	2	18	0
165	hif-1	2	19	0
165	hif-1	2	19	0
166	hif-1	2	19	0
166	hif-1	2	19	0
167	hif-1	2	19	0
167	hif-1	2	19	0
168	hif-1	2	21	0
168	hif-1	2	21	0
169	hif-1	2	21	0
169	hif-1	2	21	0
170	hif-1	2	21	0
170	hif-1	2	21	0
171	hif-1	2	21	0
171	hif-1	2	21	0
172	hif-1	2	21	0
172	hif-1	2	21	0
173	hif-1	2	21	0
173	hif-1	2	21	0
174	hif-1	2	21	0
174	hif-1	2	21	0
175	hif-1	2	21	0
175	hif-1	2	21	0
176	hif-1	2	21	0
176	hif-1	2	21	0
177	hif-1	2	21	0
177	hif-1	2	21	0
178	hif-1	2	23	0
178	hif-1	2	23	0
179	hif-1	2	23	0
179	hif-1	2	23	0
180	hif-1	2	23	0
180	hif-1	2	23	0
181	hif-1	2	23	0
181	hif-1	2	23	0
182	hif-1	2	23	0
182	hif-1	2	23	0
183	hif-1	2	23	0
183	hif-1	2	23	0
184	hif-1	2	23	0
184	hif-1	2	23	0
185	hif-1	2	23	0
185	hif-1	2	23	0
186	hif-1	2	23	0
186	hif-1	2	23	0
187	hif-1	2	23	0
187	hif-1	2	23	0
188	hif-1	2	23	0
188	hif-1	2	23	0
189	hif-1	2	23	0
189	hif-1	2	23	0
190	hif-1	2	23	0
190	hif-1	2	23	0
191	hif-1	2	26	0
191	hif-1	2	26	0
192	hif-1	2	26	0
192	hif-1	2	26	0
193	hif-1	2	26	0
193	hif-1	2	26	0
194	hif-1	2	26	0
194	hif-1	2	26	0
195	hif-1	2	26	0
195	hif-1	2	26	0
196	hif-1	2	26	0
196	hif-1	2	26	0
197	hif-1	2	26	0
197	hif-1	2	26	0
198	hif-1	2	26	0
198	hif-1	2	26	0
199	hif-1	2	26	0
199	hif-1	2	26	0
200	hif-1	2	26	0
200	hif-1	2	26	0
201	hif-1	2	26	0
201	hif-1	2	26	0
202	hif-1	2	26	0
202	hif-1	2	26	0
203	hif-1	2	26	0
203	hif-1	2	26	0
204	hif-1	2	26	0
204	hif-1	2	26	0
205	hif-1	2	26	0
205	hif-1	2	26	0
206	hif-1	2	28	0
206	hif-1	2	28	0
207	hif-1	2	28	0
207	hif-1	2	28	0
208	hif-1	2	28	0
208	hif-1	2	28	0
209	hif-1	2	28	0
209	hif-1	2	28	0
210	hif-1	2	30	0
210	hif-1	2	30	0
211	hif-1	2	33	0
211	hif-1	2	33	0
212	hif-1	2	33	0
212	hif-1	2	33	0
213	hif-1	2	18	3
213	hif-1	2	18	3
214	vhl-1	1	14	0
214	vhl-1	1	14	0
215	vhl-1	1	21	0
215	vhl-1	1	21	0
216	vhl-1	1	21	0
216	vhl-1	1	21	0
217	vhl-1	1	21	0
217	vhl-1	1	21	0
218	vhl-1	1	23	0
218	vhl-1	1	23	0
219	vhl-1	1	23	0
219	vhl-1	1	23	0
220	vhl-1	1	23	0
220	vhl-1	1	23	0
221	vhl-1	1	23	0
221	vhl-1	1	23	0
222	vhl-1	1	23	0
222	vhl-1	1	23	0
223	vhl-1	1	23	0
223	vhl-1	1	23	0
224	vhl-1	1	23	0
224	vhl-1	1	23	0
225	vhl-1	1	23	0
225	vhl-1	1	23	0
226	vhl-1	1	23	0
226	vhl-1	1	23	0
227	vhl-1	1	26	0
227	vhl-1	1	26	0
228	vhl-1	1	26	0
228	vhl-1	1	26	0
229	vhl-1	1	26	0
229	vhl-1	1	26	0
230	vhl-1	1	26	0
230	vhl-1	1	26	0
231	vhl-1	1	26	0
231	vhl-1	1	26	0
232	vhl-1	1	26	0
232	vhl-1	1	26	0
233	vhl-1	1	26	0
233	vhl-1	1	26	0
234	vhl-1	1	28	0
234	vhl-1	1	28	0
235	vhl-1	1	28	0
235	vhl-1	1	28	0
236	vhl-1	1	28	0
236	vhl-1	1	28	0
237	vhl-1	1	28	0
237	vhl-1	1	28	0
238	vhl-1	1	28	0
238	vhl-1	1	28	0
239	vhl-1	1	28	0
239	vhl-1	1	28	0
240	vhl-1	1	30	0
240	vhl-1	1	30	0
241	vhl-1	1	30	0
241	vhl-1	1	30	0
242	vhl-1	1	30	0
242	vhl-1	1	30	0
243	vhl-1	1	33	0
243	vhl-1	1	33	0
244	vhl-1	1	33	0
244	vhl-1	1	33	0
245	vhl-1	1	33	0
245	vhl-1	1	33	0
246	vhl-1	1	33	0
246	vhl-1	1	33	0
247	vhl-1	2	12	0
247	vhl-1	2	12	0
248	vhl-1	2	14	0
248	vhl-1	2	14	0
249	vhl-1	2	16	0
249	vhl-1	2	16	0
250	vhl-1	2	18	0
250	vhl-1	2	18	0
251	vhl-1	2	21	0
251	vhl-1	2	21	0
252	vhl-1	2	21	0
252	vhl-1	2	21	0
253	vhl-1	2	21	0
253	vhl-1	2	21	0
254	vhl-1	2	21	0
254	vhl-1	2	21	0
255	vhl-1	2	23	0
255	vhl-1	2	23	0
256	vhl-1	2	23	0
256	vhl-1	2	23	0
257	vhl-1	2	23	0
257	vhl-1	2	23	0
258	vhl-1	2	23	0
258	vhl-1	2	23	0
259	vhl-1	2	23	0
259	vhl-1	2	23	0
260	vhl-1	2	26	0
260	vhl-1	2	26	0
261	vhl-1	2	26	0
261	vhl-1	2	26	0
262	vhl-1	2	26	0
262	vhl-1	2	26	0
263	vhl-1	2	26	0
263	vhl-1	2	26	0
264	vhl-1	2	26	0
264	vhl-1	2	26	0
265	vhl-1	2	26	0
265	vhl-1	2	26	0
266	vhl-1	2	26	0
266	vhl-1	2	26	0
267	vhl-1	2	26	0
267	vhl-1	2	26	0
268	vhl-1	2	26	0
268	vhl-1	2	26	0
269	vhl-1	2	26	0
269	vhl-1	2	26	0
270	vhl-1	2	26	0
270	vhl-1	2	26	0
271	vhl-1	2	26	0
271	vhl-1	2	26	0
272	vhl-1	2	26	0
272	vhl-1	2	26	0
273	vhl-1	2	26	0
273	vhl-1	2	26	0
274	vhl-1	2	26	0
274	vhl-1	2	26	0
275	vhl-1	2	28	0
275	vhl-1	2	28	0
276	vhl-1	2	28	0
276	vhl-1	2	28	0
277	vhl-1	2	28	0
277	vhl-1	2	28	0
278	vhl-1	2	28	0
278	vhl-1	2	28	0
279	vhl-1	2	28	0
279	vhl-1	2	28	0
280	vhl-1	2	28	0
280	vhl-1	2	28	0
281	vhl-1	2	30	0
281	vhl-1	2	30	0
282	vhl-1	2	30	0
282	vhl-1	2	30	0
283	vhl-1	2	30	0
283	vhl-1	2	30	0
284	vhl-1	2	33	0
284	vhl-1	2	33	0
285	vhl-1	2	33	0
285	vhl-1	2	33	0
